step,fitness,genome
0,0.06119765542686891,"[True, True, False, False, False, False, False, True, True, False, False, True, True, False, True, False, True, False, False, False, False, True, False, True, True, True, True, True, True, False, False, False, False, True, True, True, False, False, False, False]"
0,0.3682616702762553,"[True, True, True, False, False, True, True, True, True, False, True, False, True, False, False, True, True, False, False, True, False, True, False, True, False, True, False, True, True, False, False, True, True, False, False, True, False, False, False, True]"
0,0.563340254626547,"[True, True, True, True, False, False, False, True, True, False, True, True, True, False, False, False, True, True, True, True, False, True, False, False, True, False, False, False, True, False, True, False, True, True, True, False, False, False, False, True]"
0,0.014676383516354662,"[True, False, True, False, False, True, True, True, True, True, False, True, False, True, True, True, True, False, True, False, True, True, False, False, False, True, False, True, False, True, False, False, False, False, False, False, False, True, False, True]"
0,0.016059403773358932,"[True, False, True, False, True, False, False, True, False, True, False, True, True, True, False, False, False, True, False, True, True, True, False, True, True, False, True, False, True, False, False, False, True, True, False, True, False, True, False, False]"
0,0.02951355976596297,"[True, False, True, True, False, False, True, True, True, True, True, True, True, True, False, False, True, True, False, False, False, True, True, False, True, True, False, True, False, False, True, True, True, False, True, True, False, True, True, True]"
0,1.0184846506052782e-05,"[False, True, False, True, False, False, False, True, False, False, False, True, True, False, True, False, False, True, False, False, True, False, True, True, True, True, False, False, True, False, True, False, False, False, True, False, True, True, True, True]"
0,0.006228008667496874,"[True, False, False, True, True, False, True, False, False, False, False, False, True, True, False, True, True, True, True, True, True, True, True, True, False, True, False, False, False, True, True, False, False, True, False, False, False, False, True, False]"
0,0.07544678350050149,"[True, True, False, False, False, True, False, True, True, False, True, True, False, False, True, False, True, True, True, False, False, True, False, False, True, False, True, True, False, True, False, False, True, True, True, False, True, False, False, True]"
0,0.029513548040563962,"[True, False, True, True, False, False, True, True, True, True, True, True, True, True, False, False, True, True, False, False, False, True, True, False, False, True, False, True, True, False, True, True, True, False, True, True, True, True, True, True]"
0,0.4042726664604548,"[True, True, True, False, True, False, False, True, True, True, False, True, False, True, False, True, False, True, True, True, True, False, False, False, False, False, False, False, False, False, False, True, False, False, False, False, True, False, True, False]"
0,0.019177076977526165,"[True, False, True, False, True, True, False, False, False, True, True, False, False, True, False, False, False, True, True, True, False, True, True, False, True, False, True, False, True, True, True, True, False, False, True, False, False, False, False, False]"
0,0.010660051485245391,"[True, False, True, False, False, False, True, False, True, False, False, False, True, True, True, True, True, False, False, True, False, False, True, False, False, False, True, True, True, True, True, True, True, False, True, False, False, False, False, False]"
0,0.0015322434271316287,"[True, False, False, False, False, True, False, True, True, True, True, False, False, True, False, True, True, True, False, False, True, False, False, False, False, False, False, True, False, True, True, False, True, True, False, False, True, False, False, False]"
0,0.01818305607434659,"[True, False, True, False, True, False, True, True, False, True, True, True, True, False, True, False, False, False, True, True, False, False, False, False, True, True, False, False, False, False, False, True, True, True, True, True, False, True, False, False]"
0,2.797876397216697e-06,"[False, True, False, False, False, True, True, True, False, True, False, False, False, True, False, True, True, True, False, False, True, False, True, True, False, True, True, False, True, True, True, True, False, False, True, False, True, True, False, False]"
0,0.6057446825182284,"[True, True, True, True, False, False, True, True, False, True, True, True, True, False, True, True, True, False, True, True, False, False, False, False, False, True, False, False, False, False, False, True, True, True, False, True, False, True, False, False]"
0,0.06219266069862695,"[True, True, False, False, False, False, False, True, True, True, True, False, True, False, True, False, True, False, False, False, False, True, False, True, True, True, False, True, True, False, False, True, False, False, False, True, False, False, False, False]"
0,0.0020613939646004463,"[True, False, False, False, True, False, False, True, True, True, True, False, True, True, False, True, True, True, False, True, True, True, False, False, True, True, True, False, False, False, True, True, False, True, True, True, True, True, True, False]"
0,2.8200063066981702e-08,"[False, False, True, False, True, True, False, True, False, False, False, False, False, False, False, True, False, True, True, False, False, True, False, False, False, True, False, False, False, False, False, False, True, True, False, False, False, False, False, True]"
0,0.14835877575525913,"[True, True, False, True, False, False, True, True, True, False, False, False, False, True, True, True, True, False, False, True, True, False, False, False, False, True, False, True, True, True, True, True, True, True, False, True, False, True, True, False]"
0,0.43363763107732967,"[True, True, True, False, True, False, True, True, False, True, True, True, True, False, True, False, True, False, True, True, False, False, False, False, True, True, False, False, False, False, False, True, True, True, True, True, False, True, False, False]"
0,1.2119605441212208e-08,"[False, False, True, False, True, False, False, True, False, True, False, True, True, True, False, False, False, True, False, True, True, True, False, False, True, False, True, False, True, False, False, False, True, True, False, True, True, True, False, False]"
0,0.043412211205015656,"[True, False, True, True, True, False, True, True, False, False, False, True, False, False, False, True, True, False, False, True, False, True, True, True, False, False, False, True, True, False, True, True, True, True, False, True, True, True, True, False]"
0,7.897552088101114e-12,"[False, False, False, True, False, False, True, True, True, True, False, True, True, True, False, False, False, True, False, False, False, True, True, False, True, True, False, True, False, True, True, True, True, False, True, True, True, True, True, True]"
0,0.7232136603036531,"[True, True, True, True, False, True, True, True, True, True, False, True, False, True, True, False, False, True, False, True, False, True, True, True, True, False, True, True, True, False, True, True, False, False, True, True, False, False, False, False]"
0,0.16497667234320165,"[True, True, False, True, False, True, False, True, True, True, False, False, True, False, False, True, True, False, False, True, False, True, True, False, True, False, True, True, False, True, True, False, True, False, True, False, False, False, False, False]"
0,0.5136271363885383,"[True, True, True, False, True, True, True, True, False, True, True, True, True, True, True, True, True, True, True, False, False, True, False, False, True, False, True, False, True, False, False, True, True, True, True, True, True, False, True, False]"
0,0.05808436531212331,"[True, True, False, False, False, False, False, False, True, False, False, True, True, False, False, False, False, True, True, False, True, False, True, True, True, False, False, False, True, True, False, True, True, True, False, False, False, True, True, False]"
0,0.002918318957465122,"[True, False, False, False, True, True, True, False, True, True, False, False, True, True, True, False, True, True, True, False, True, False, False, False, False, True, False, False, False, False, True, False, False, False, True, False, True, False, True, False]"
0,0.06178597173153941,"[True, True, False, False, False, False, False, True, True, True, False, False, True, False, False, True, True, True, True, True, False, True, True, False, True, True, True, True, True, True, False, False, False, False, True, False, True, True, False, True]"
0,0.008734690382513201,"[True, False, False, True, True, True, True, True, False, True, False, True, True, False, True, False, True, True, False, False, True, False, False, True, True, True, False, False, False, True, False, False, False, False, True, False, False, True, True, True]"
0,0.01986887850450104,"[True, False, True, False, True, True, False, True, False, False, False, False, False, False, False, True, False, False, True, False, False, True, False, False, False, True, False, True, False, True, False, False, False, True, False, False, False, False, False, True]"
0,0.0029668311297255524,"[True, False, False, False, True, True, True, True, False, False, False, False, True, False, True, True, False, False, True, True, True, False, True, False, True, True, True, True, True, True, True, False, False, True, True, True, True, False, True, False]"
0,0.012890728217686552,"[True, False, True, False, False, True, False, True, True, False, True, False, True, True, False, True, True, True, False, True, True, False, False, True, False, False, False, True, False, True, True, True, True, False, True, False, False, True, True, False]"
0,0.0024898170229941305,"[True, False, False, False, True, True, False, False, True, False, False, False, True, True, True, False, True, True, True, True, False, False, False, True, False, True, False, False, False, False, True, False, False, False, True, False, True, False, False, False]"
0,0.13658882575694012,"[True, True, False, True, False, False, False, True, True, True, False, False, True, False, False, True, True, True, False, True, False, True, False, False, True, True, True, True, False, True, False, False, False, False, True, False, True, True, False, False]"
0,0.027914196624774838,"[True, False, True, True, False, False, True, False, True, True, True, True, True, True, False, False, True, True, False, False, False, True, True, False, True, True, False, False, False, False, True, True, True, False, True, True, True, True, True, True]"
0,0.05808436531212331,"[True, True, False, False, False, False, False, False, True, False, False, True, True, False, False, False, False, True, True, False, True, False, True, True, True, False, False, False, True, True, False, True, True, True, False, False, False, True, True, False]"
0,0.5980804949009983,"[True, True, True, True, False, False, True, True, False, False, True, False, True, True, False, False, False, True, False, True, True, True, True, False, True, True, True, False, False, False, True, False, True, False, False, False, False, True, False, True]"
0,0.002257204537537915,"[True, False, False, False, True, False, True, True, False, False, True, False, True, True, True, True, True, False, True, True, True, True, False, True, False, True, False, False, False, False, True, False, False, True, False, False, False, False, True, False]"
0,0.11955522051579703,"[True, True, False, False, True, True, True, True, False, False, False, False, False, False, True, True, False, False, True, True, True, False, True, False, True, True, True, True, True, True, True, True, False, True, True, False, True, False, True, False]"
0,0.009689791520933232,"[True, False, True, False, False, False, False, True, False, False, False, False, False, True, False, False, False, True, False, True, False, False, True, False, False, True, False, False, True, False, False, False, True, False, True, True, True, False, True, True]"
0,0.19783958640731564,"[True, True, False, True, True, False, False, True, True, False, True, True, False, True, False, False, True, True, False, True, True, False, False, True, True, False, False, False, True, False, False, True, True, False, True, True, False, True, False, True]"
0,0.11955522017156457,"[True, True, False, False, True, True, True, True, False, False, False, False, False, False, True, True, False, False, True, True, True, False, True, False, True, True, True, True, True, True, True, False, False, True, True, False, True, False, True, False]"
0,0.3990469785246758,"[True, True, True, False, True, False, False, True, True, False, False, False, False, True, True, True, True, False, True, False, False, False, True, True, False, False, False, True, True, False, True, True, True, True, False, False, True, False, True, True]"
0,0.36068617164955435,"[True, True, True, False, False, True, True, True, False, False, True, False, True, True, True, False, False, True, True, True, False, False, False, True, False, False, False, True, True, False, True, True, False, False, True, True, False, False, True, True]"
0,0.40430752543243,"[True, True, True, False, True, False, False, True, True, True, False, True, False, True, False, True, True, True, True, True, True, True, False, False, False, False, True, False, False, False, True, True, False, False, False, False, True, False, True, False]"
0,0.5667473776293224,"[True, True, True, True, False, False, False, True, True, True, False, True, True, True, True, False, False, True, False, False, False, True, True, True, True, False, True, False, False, False, True, False, True, False, True, True, False, False, True, False]"
0,0.9004144857845295,"[True, True, True, True, True, True, False, True, False, True, False, True, False, True, False, False, False, False, False, True, True, True, True, False, True, False, True, True, True, False, True, True, False, True, True, False, True, True, True, False]"
0,9.355626968730193e-05,"[False, True, True, False, False, True, False, True, False, False, True, True, True, True, False, True, False, False, True, False, False, True, True, False, False, False, False, True, False, False, False, False, True, False, False, False, True, True, False, True]"
0,0.9015431736860757,"[True, True, True, True, True, True, False, True, False, True, False, True, True, True, False, False, False, False, True, True, True, True, True, False, True, False, True, False, True, False, True, True, True, True, True, False, True, True, False, False]"
0,0.30543781341010595,"[True, True, True, False, False, False, True, True, False, True, False, True, True, True, True, False, True, False, False, True, True, False, False, False, True, True, True, False, False, False, False, True, True, True, False, True, False, False, False, True]"
0,0.8261580519178383,"[True, True, True, True, True, False, True, True, False, False, True, False, True, False, False, False, False, True, False, True, False, True, True, False, True, True, False, False, False, False, True, True, True, True, False, False, False, True, False, False]"
0,0.03371179130689012,"[True, False, True, True, False, True, True, False, False, True, True, False, False, True, False, True, True, False, True, False, True, True, True, False, False, True, True, False, False, False, False, True, False, True, False, True, True, True, False, True]"
0,0.02165683034376089,"[True, False, True, False, True, True, True, False, True, False, False, False, False, False, False, False, False, True, True, False, True, False, False, True, True, True, True, True, False, False, True, False, True, False, True, False, False, False, False, True]"
0,0.9015257991109848,"[True, True, True, True, True, True, False, True, False, True, False, True, True, True, False, False, False, False, False, True, True, True, True, False, True, False, True, False, True, False, True, True, True, True, True, False, True, True, False, False]"
0,0.9194760434927443,"[True, True, True, True, True, True, False, True, True, True, False, True, True, True, False, False, False, False, False, True, True, True, True, False, True, False, True, False, True, False, True, True, True, True, True, True, True, True, False, False]"
0,0.021244559548529104,"[True, False, True, False, True, True, True, False, False, False, True, False, True, False, True, False, True, False, True, False, False, False, True, False, True, False, True, True, True, True, False, True, False, True, True, True, False, False, True, False]"
0,0.1558995544593829,"[True, True, False, True, False, True, False, False, True, False, False, True, False, True, False, False, True, False, True, True, True, True, False, False, True, False, True, False, False, True, False, False, False, True, False, False, False, False, False, True]"
0,0.13658882570843095,"[True, True, False, True, False, False, False, True, True, True, False, False, True, False, False, True, True, True, False, True, False, True, False, False, True, True, True, True, False, True, False, False, False, False, False, False, True, True, False, False]"
0,0.9297298739163518,"[True, True, True, True, True, True, True, False, False, False, True, False, False, True, False, False, False, False, True, True, True, False, True, True, False, True, True, True, False, True, False, False, False, False, False, False, True, False, True, True]"
0,1.1928397058108053e-07,"[False, False, True, True, False, False, True, True, True, True, True, True, True, True, False, False, True, True, False, False, False, True, True, False, True, True, False, True, False, True, True, True, True, False, True, True, True, True, True, True]"
0,0.0293092295450213,"[True, False, True, True, False, False, True, True, True, True, False, True, True, True, False, False, True, True, False, False, False, True, True, False, True, True, False, True, False, False, True, True, True, False, True, True, True, True, True, True]"
0,0.8374447730082256,"[True, True, True, True, True, False, True, True, False, True, True, True, True, True, True, True, True, False, True, False, False, True, False, False, True, False, True, False, True, False, True, True, True, False, True, False, True, False, True, True]"
0,0.450733152691606,"[True, True, True, False, True, True, False, False, False, True, True, False, False, True, False, False, False, False, True, True, True, False, True, True, False, True, True, True, False, True, False, False, False, True, False, True, False, False, True, True]"
0,0.6821158062299864,"[True, True, True, True, False, True, True, False, False, True, True, False, False, True, False, False, False, False, True, True, True, False, True, True, False, True, True, False, False, True, False, True, False, False, False, False, True, False, True, True]"
0,0.010639416922698182,"[True, False, True, False, False, False, True, False, True, False, False, False, False, True, True, True, True, False, False, False, False, False, True, False, False, False, True, True, True, True, True, False, True, True, False, False, True, False, False, False]"
0,0.9389883431351227,"[True, True, True, True, True, True, True, False, False, True, True, False, False, True, False, False, True, False, True, True, True, False, True, True, False, True, True, True, False, True, False, False, False, False, False, False, True, False, True, True]"
0,0.003105258473505018,"[True, False, False, False, True, True, True, True, True, False, True, True, False, False, True, False, True, False, False, True, True, False, True, False, True, True, False, True, False, False, False, True, False, True, False, False, False, False, False, False]"
0,0.4197104352618853,"[True, True, True, False, True, False, True, False, True, False, True, True, False, True, True, False, False, False, True, True, True, False, False, True, False, False, True, False, True, False, False, True, False, True, True, False, False, False, True, True]"
0,0.569380467485547,"[True, True, True, True, False, False, False, True, True, True, True, True, True, False, True, False, True, True, True, True, True, True, False, False, True, False, True, False, False, True, False, False, True, True, True, False, False, False, True, True]"
0,0.43363931703389236,"[True, True, True, False, True, False, True, True, False, True, True, True, True, False, True, False, True, False, True, True, False, True, True, False, True, True, False, False, False, False, False, True, True, True, True, True, False, True, False, False]"
0,0.15797401521934204,"[True, True, False, True, False, True, False, False, True, True, False, True, True, True, False, False, True, False, True, True, True, False, False, False, True, False, True, False, False, True, False, False, True, True, False, False, False, True, False, True]"
0,0.11955517610712692,"[True, True, False, False, True, True, True, True, False, False, False, False, False, False, True, True, False, False, True, True, True, False, True, False, False, True, True, True, True, True, True, False, False, True, True, False, True, False, False, False]"
0,0.433916491196383,"[True, True, True, False, True, False, True, True, False, True, True, True, True, True, True, False, True, False, False, True, False, False, False, False, True, True, True, False, False, False, False, True, True, True, True, True, False, True, False, False]"
0,0.6668929499263823,"[True, True, True, True, False, True, False, True, True, True, False, True, False, True, True, False, False, False, False, False, False, True, True, True, True, False, True, True, False, False, True, False, False, False, True, True, False, False, True, False]"
0,0.0754393302349566,"[True, True, False, False, False, True, False, True, True, False, True, True, False, False, True, False, False, True, True, False, False, True, False, False, True, False, True, True, False, True, False, False, True, True, True, True, True, False, False, True]"
0,0.5634340117315895,"[True, True, True, True, False, False, False, True, True, False, True, True, True, False, False, True, True, True, True, True, True, True, False, False, False, False, True, False, True, True, False, False, True, False, True, False, False, False, False, True]"
0,0.010081354301016641,"[True, False, True, False, False, False, False, True, True, False, True, False, False, True, True, True, True, True, True, True, False, False, False, False, False, False, True, True, False, True, True, True, True, False, True, False, False, False, False, True]"
0,0.4287339923872014,"[True, True, True, False, True, False, True, True, False, False, True, True, False, True, True, False, False, False, True, False, True, True, False, False, False, False, True, False, True, False, False, True, False, True, True, False, False, False, True, False]"
0,0.01360982580290503,"[True, False, True, False, False, True, True, False, True, False, False, True, False, True, False, False, True, False, True, True, False, True, True, False, False, True, False, False, True, True, True, True, False, True, True, False, True, False, False, False]"
0,0.0029769734223718315,"[True, False, False, False, True, True, True, True, False, False, False, True, False, True, True, True, True, False, True, True, True, False, True, False, True, True, False, False, True, True, True, True, True, True, True, True, True, False, False, False]"
0,0.5117244434721853,"[True, True, True, False, True, True, True, True, False, True, True, False, True, False, False, True, False, False, True, False, False, True, False, False, True, False, False, False, True, False, True, False, True, False, True, False, False, False, True, True]"
0,0.01986999870728196,"[True, False, True, False, True, True, False, True, False, False, False, False, False, False, False, True, False, True, True, False, False, True, False, False, False, True, False, False, False, False, False, False, False, True, False, False, False, False, False, True]"
0,0.0020907762061234303,"[True, False, False, False, True, False, True, False, False, False, False, True, True, True, True, True, True, True, False, True, True, True, True, True, False, True, False, False, False, False, True, False, False, True, False, False, True, False, True, False]"
0,0.006995230260124108,"[True, False, False, True, True, False, True, True, True, True, False, True, True, False, True, False, True, True, False, True, False, False, True, True, True, True, False, False, True, True, True, True, True, False, False, False, False, False, False, True]"
0,0.5404340135261838,"[True, True, True, True, False, False, False, False, True, False, True, True, True, False, False, False, True, False, False, True, True, True, False, False, True, False, True, False, True, True, False, True, True, True, False, False, False, True, False, True]"
0,1.3515969680045346e-10,"[False, False, False, True, True, False, True, False, False, True, True, False, False, False, True, False, False, False, False, False, True, True, True, False, False, True, False, True, False, False, False, False, False, False, True, True, True, False, True, True]"
0,0.3990135810704709,"[True, True, True, False, True, False, False, True, True, False, False, False, False, True, True, True, False, False, True, False, False, False, True, True, False, False, False, False, False, False, True, True, True, True, False, False, True, False, True, False]"
0,0.7806224919047355,"[True, True, True, True, True, False, False, True, True, False, True, True, True, True, False, False, True, True, False, True, True, False, False, False, True, False, False, False, True, False, False, True, True, False, False, True, False, True, False, True]"
0,7.453223663612332e-05,"[False, True, True, False, False, False, True, False, True, True, True, True, False, True, True, False, True, False, False, True, True, True, False, True, True, True, True, True, True, True, True, False, True, False, True, True, False, True, True, False]"
0,0.11973546537653093,"[True, True, False, False, True, True, True, True, False, False, False, False, True, False, True, True, False, False, True, True, False, True, True, False, True, True, True, True, True, False, True, False, False, True, False, False, True, False, True, False]"
0,0.5942471602760997,"[True, True, True, True, False, False, True, True, False, False, False, False, False, True, False, False, False, True, False, True, True, False, True, False, True, True, True, False, False, True, True, False, True, True, True, False, False, False, False, True]"
0,0.10093040144645499,"[True, True, False, False, True, False, True, True, True, False, False, False, True, False, False, True, False, True, False, True, False, False, True, True, True, True, False, True, True, True, False, False, True, True, True, True, True, False, True, True]"
0,0.7022035932240983,"[True, True, True, True, False, True, True, True, False, False, False, True, True, False, True, True, True, False, False, True, False, False, False, True, True, True, True, False, True, False, True, False, False, False, False, True, False, False, False, True]"
0,0.11955522017156457,"[True, True, False, False, True, True, True, True, False, False, False, False, False, False, True, True, False, False, True, True, True, False, True, False, True, True, True, True, True, True, True, False, False, True, True, False, True, False, True, False]"
0,0.9297298755517462,"[True, True, True, True, True, True, True, False, False, False, True, False, False, True, False, False, False, False, True, True, True, False, True, True, False, True, True, True, False, True, False, False, True, True, False, False, True, False, True, True]"
0,0.033481245629120256,"[True, False, True, True, False, True, True, False, False, True, False, False, False, True, False, True, True, False, True, False, False, True, True, False, False, True, True, False, False, False, True, True, False, False, False, True, True, True, False, True]"
0,0.016059389306195552,"[True, False, True, False, True, False, False, True, False, True, False, True, True, True, False, False, False, True, False, True, True, True, False, False, True, False, True, False, True, False, False, False, True, True, False, True, True, True, False, False]"
step,fitness,genome
1,0.36068617166408473,"[True, True, True, False, False, True, True, True, False, False, True, False, True, True, True, False, False, True, True, True, False, False, False, True, False, False, False, True, True, False, True, True, False, False, True, True, False, True, True, True]"
1,0.5136274636262848,"[True, True, True, False, True, True, True, True, False, True, True, True, True, True, True, True, True, True, True, False, False, True, False, True, True, False, True, False, True, False, False, True, True, True, True, True, True, False, True, False]"
1,0.9389162540938076,"[True, True, True, True, True, True, True, False, False, True, True, False, False, True, False, False, False, False, True, True, True, False, True, True, False, True, True, True, False, True, False, False, False, False, False, False, True, False, True, True]"
1,0.5942232776853849,"[True, True, True, True, False, False, True, True, False, False, False, False, False, True, False, False, False, False, False, True, True, False, True, False, True, True, True, False, False, True, False, False, True, False, True, False, True, False, False, True]"
1,0.5132919798687922,"[True, True, True, False, True, True, True, True, False, True, True, True, True, False, True, True, True, True, True, False, False, True, False, False, False, False, True, False, True, False, False, True, True, True, True, True, True, False, True, False]"
1,0.8033679366993915,"[True, True, True, True, True, False, True, False, False, True, True, True, False, True, False, False, True, False, True, True, True, False, True, True, False, True, True, True, False, True, False, False, False, False, False, False, True, False, True, True]"
1,0.2147234024699523,"[True, True, False, True, True, False, True, True, False, True, True, True, True, True, True, True, False, False, True, False, False, True, False, False, True, False, True, False, True, True, True, True, True, False, True, False, True, False, True, True]"
1,0.4043077892604232,"[True, True, True, False, True, False, False, True, True, True, False, True, False, True, False, True, True, True, True, True, True, True, False, True, False, False, True, False, False, False, True, True, False, False, False, False, True, False, True, False]"
1,0.9015605111969175,"[True, True, True, True, True, True, False, True, False, True, False, True, True, True, False, False, False, True, False, True, True, True, True, False, True, False, False, True, True, False, True, False, False, True, False, False, True, True, True, False]"
1,0.5342786316222438,"[True, True, True, True, False, False, False, False, False, True, True, True, False, False, True, False, False, False, False, False, True, True, True, True, True, False, True, False, False, False, True, False, True, False, True, True, False, False, True, False]"
1,0.5404340135261838,"[True, True, True, True, False, False, False, False, True, False, True, True, True, False, False, False, True, False, False, True, True, True, False, False, True, False, True, False, True, True, False, True, True, True, False, False, False, True, False, True]"
1,0.7806224921376236,"[True, True, True, True, True, False, False, True, True, False, True, True, True, True, False, False, True, True, False, True, True, False, False, False, True, False, False, False, True, False, False, True, True, False, True, True, False, True, False, True]"
1,0.4795205656236197,"[True, True, True, False, True, True, False, True, True, True, False, True, True, True, False, False, False, False, False, False, True, True, True, False, True, True, True, False, True, False, True, True, True, True, False, False, True, True, False, False]"
1,0.929729038264216,"[True, True, True, True, True, True, True, False, False, False, True, False, False, True, False, False, False, False, True, True, True, False, False, True, True, True, True, True, False, True, False, False, True, True, False, False, True, True, True, True]"
1,0.2441027239419105,"[True, True, False, True, True, True, True, False, False, True, False, True, False, True, False, False, False, True, False, True, True, True, True, False, True, False, True, True, False, False, False, True, True, True, False, False, True, True, True, False]"
1,0.6549317799372716,"[True, True, True, True, False, True, False, True, False, True, True, False, False, True, False, False, False, False, True, True, True, False, True, True, False, True, True, False, True, True, True, True, False, False, True, False, True, False, True, True]"
1,0.9059819037787105,"[True, True, True, True, True, True, False, True, False, True, True, True, True, True, False, False, False, False, False, True, True, False, True, True, True, False, True, False, True, False, True, True, True, True, True, True, True, True, True, True]"
1,0.41971152668648304,"[True, True, True, False, True, False, True, False, True, False, True, True, False, True, True, False, False, False, True, True, True, True, False, True, False, False, True, False, True, False, False, True, False, True, True, False, False, False, True, False]"
1,0.5369690266481545,"[True, True, True, True, False, False, False, False, True, False, False, True, False, False, False, False, True, True, True, True, True, True, False, False, True, False, True, False, True, True, False, False, True, True, True, False, False, False, False, True]"
1,0.022922635851530468,"[True, False, True, False, True, True, True, True, False, True, True, True, True, True, True, False, True, True, True, False, False, True, False, False, True, False, True, False, False, False, False, True, True, True, True, True, True, False, True, False]"
1,0.930015539946671,"[True, True, True, True, True, True, True, False, False, False, True, False, False, True, True, False, False, False, True, True, True, False, True, True, False, False, True, False, False, False, False, True, True, True, False, False, True, False, True, True]"
1,0.7767238309847964,"[True, True, True, True, True, False, False, True, True, False, False, True, True, True, False, False, True, True, False, True, True, False, False, False, False, False, False, False, True, False, False, True, True, False, False, True, False, True, False, False]"
1,0.00023513854689770358,"[False, True, True, False, True, True, True, True, False, False, False, False, False, False, True, True, False, False, True, True, True, False, True, False, True, True, True, True, True, True, True, False, False, True, True, False, True, False, True, False]"
1,0.6821428420860661,"[True, True, True, True, False, True, True, False, False, True, True, False, False, True, False, False, False, True, True, True, True, False, True, True, False, True, True, False, False, True, False, True, False, False, False, False, True, False, True, True]"
1,0.523912669136105,"[True, True, True, False, True, True, True, True, True, True, True, True, True, False, False, True, True, False, False, True, False, True, False, False, False, True, False, True, True, False, False, True, True, False, False, True, True, False, False, True]"
1,0.963422809778987,"[True, True, True, True, True, True, True, True, False, False, False, False, True, True, False, False, False, False, True, True, True, True, True, True, True, False, False, False, True, False, True, True, True, True, True, False, False, True, False, False]"
1,0.13658266633359098,"[True, True, False, True, False, False, False, True, True, True, False, False, True, False, False, True, True, False, False, True, False, True, True, False, True, True, True, True, False, True, False, False, False, False, False, False, True, True, False, False]"
1,0.30332315737852056,"[True, True, True, False, False, False, True, True, False, False, True, True, False, True, True, False, False, False, True, False, True, True, False, False, False, False, True, False, True, True, False, True, False, True, True, False, False, False, False, True]"
1,0.013086567839589133,"[True, False, True, False, False, True, False, True, True, True, True, False, True, True, False, True, True, True, False, True, True, False, False, True, False, False, False, True, False, True, True, True, True, False, True, False, False, True, True, False]"
1,0.9384117747243105,"[True, True, True, True, True, True, True, False, False, True, True, False, False, False, False, False, True, False, True, True, True, False, True, True, False, True, True, True, False, True, True, False, False, False, False, True, False, False, True, True]"
1,0.5139015354206804,"[True, True, True, False, True, True, True, True, True, False, False, False, False, False, True, True, False, False, True, False, True, False, True, False, True, True, True, True, True, True, True, False, False, True, True, False, True, False, True, False]"
1,0.9189610840475186,"[True, True, True, True, True, True, False, True, True, True, False, True, True, False, False, False, False, True, True, True, True, False, True, False, True, False, True, False, True, False, True, True, True, True, True, False, True, True, False, False]"
1,0.901543171714266,"[True, True, True, True, True, True, False, True, False, True, False, True, True, True, False, False, False, False, True, True, True, True, True, False, True, False, True, False, True, False, True, False, True, True, True, True, True, True, True, False]"
1,0.9297298755517462,"[True, True, True, True, True, True, True, False, False, False, True, False, False, True, False, False, False, False, True, True, True, False, True, True, False, True, True, True, False, True, False, False, True, True, False, False, True, False, True, True]"
1,0.5661527038206944,"[True, True, True, True, False, False, False, True, True, True, False, True, False, True, True, True, True, True, False, False, False, True, True, True, True, False, True, False, False, False, True, False, True, False, True, True, True, False, True, False]"
1,0.9015171119364497,"[True, True, True, True, True, True, False, True, False, True, False, True, True, True, False, False, False, False, False, False, True, True, True, False, True, False, True, False, True, False, True, True, True, True, True, False, True, True, False, False]"
1,0.9026384125880559,"[True, True, True, True, True, True, False, True, False, True, True, False, False, True, False, False, False, False, False, True, True, True, True, False, True, False, True, True, True, False, True, True, False, True, True, False, True, True, True, False]"
1,0.5578484050988495,"[True, True, True, True, False, False, False, True, False, True, True, True, True, True, False, False, False, True, False, True, True, True, False, False, True, True, True, False, False, True, True, True, True, False, False, False, False, True, False, True]"
1,0.9015257969900835,"[True, True, True, True, True, True, False, True, False, True, False, True, True, True, False, False, False, False, False, True, True, True, True, False, True, False, True, False, True, False, True, False, True, True, True, False, True, True, False, False]"
1,0.3990177525628461,"[True, True, True, False, True, False, False, True, True, False, False, False, False, True, True, True, False, False, True, True, False, False, True, True, False, False, False, False, False, False, True, True, True, True, False, False, True, False, True, True]"
1,0.9545100776163751,"[True, True, True, True, True, True, True, False, True, True, False, False, True, True, True, True, True, False, False, True, False, True, True, True, True, False, True, True, True, False, True, True, False, False, True, True, False, False, False, False]"
1,0.7021134080639765,"[True, True, True, True, False, True, True, True, False, False, False, True, True, False, True, False, True, True, False, False, False, False, False, True, True, True, True, False, True, False, True, False, False, False, False, True, False, False, False, True]"
1,0.5629783022160236,"[True, True, True, True, False, False, False, True, True, False, True, True, False, True, False, False, True, True, True, True, True, False, True, False, False, True, True, False, True, False, False, True, True, False, False, True, False, True, False, True]"
1,0.9308559803813541,"[True, True, True, True, True, True, True, False, False, False, True, False, True, True, False, False, False, False, False, True, True, False, True, True, True, False, True, True, False, False, False, False, True, True, False, False, True, False, True, True]"
1,0.1933424678078394,"[True, True, False, True, True, False, False, True, False, False, True, True, False, True, False, False, True, True, False, True, True, False, False, True, False, False, False, False, True, False, False, True, True, False, True, True, False, True, False, True]"
1,0.9015257992435413,"[True, True, True, True, True, True, False, True, False, True, False, True, True, True, False, False, False, False, False, True, True, True, True, False, True, False, True, False, True, False, True, True, True, True, True, True, True, True, False, False]"
1,0.5992801478295139,"[True, True, True, True, False, False, True, True, False, False, True, True, True, False, False, False, True, True, False, True, True, False, False, False, True, False, True, False, False, False, False, True, False, False, False, True, False, True, False, True]"
1,0.4015055779385602,"[True, True, True, False, True, False, False, True, True, False, True, False, True, True, False, False, False, True, False, True, True, True, True, False, True, False, False, False, False, False, True, False, True, False, False, False, False, True, False, True]"
1,0.938987216705544,"[True, True, True, True, True, True, True, False, False, True, True, False, False, True, False, False, True, False, True, True, True, False, False, True, False, True, True, True, False, True, False, False, False, False, False, False, True, False, True, True]"
1,0.11955451518534503,"[True, True, False, False, True, True, True, True, False, False, False, False, False, False, True, True, False, False, True, True, False, False, True, False, True, True, True, True, True, True, True, False, False, True, True, False, True, False, True, False]"
1,0.7232136603104473,"[True, True, True, True, False, True, True, True, True, True, False, True, False, True, True, False, False, True, False, True, False, True, True, True, True, False, True, True, True, False, True, True, False, False, True, True, False, False, False, True]"
1,0.433916491196383,"[True, True, True, False, True, False, True, True, False, True, True, True, True, True, True, False, True, False, False, True, False, False, False, False, True, True, True, False, False, False, False, True, True, True, True, True, False, True, False, False]"
1,0.7650737448946983,"[True, True, True, True, True, False, False, True, False, False, True, True, True, True, False, False, False, True, False, True, True, False, False, False, True, False, False, False, True, False, False, True, True, True, False, True, False, True, False, True]"
1,0.7806224919047355,"[True, True, True, True, True, False, False, True, True, False, True, True, True, True, False, False, True, True, False, True, True, False, False, False, True, False, False, False, True, False, False, True, True, False, False, True, False, True, False, True]"
1,0.11955504426889094,"[True, True, False, False, True, True, True, True, False, False, False, False, False, False, True, True, False, False, True, True, True, False, False, False, True, True, True, True, True, True, True, True, False, True, True, False, True, False, True, False]"
1,0.39904701111673174,"[True, True, True, False, True, False, False, True, True, False, False, False, False, True, True, True, True, False, True, False, False, False, True, True, False, False, True, True, True, False, True, True, True, True, False, False, True, False, True, True]"
1,0.5605271899107729,"[True, True, True, True, False, False, False, True, True, False, False, True, True, False, False, True, True, True, True, True, True, True, False, False, False, False, True, False, True, True, False, False, True, False, True, False, False, False, False, True]"
1,0.5980797443269753,"[True, True, True, True, False, False, True, True, False, False, True, False, True, True, False, False, False, True, False, True, True, True, False, False, True, True, True, False, False, False, True, False, True, False, False, False, False, True, False, True]"
1,0.13868194848096724,"[True, True, False, True, False, False, True, False, False, False, False, True, True, False, True, True, True, False, False, True, False, False, False, True, True, True, True, False, True, False, True, False, False, False, False, True, False, False, False, True]"
1,0.7843105421151989,"[True, True, True, True, True, False, False, True, True, True, False, True, True, False, True, False, True, True, True, True, True, True, False, False, True, False, True, False, False, True, False, False, True, True, True, False, False, False, True, True]"
1,0.6752262840241584,"[True, True, True, True, False, True, True, False, False, False, True, False, False, True, False, False, False, False, True, True, True, False, True, True, False, True, True, True, False, False, False, False, False, False, False, False, True, False, True, True]"
1,0.14835791961631403,"[True, True, False, True, False, False, True, True, True, False, False, False, False, True, True, True, True, False, False, True, False, False, False, False, False, True, False, True, True, True, True, True, True, True, False, True, True, True, True, False]"
1,0.8372496848333056,"[True, True, True, True, True, False, True, True, False, True, True, True, True, True, True, False, False, False, True, False, False, True, False, False, True, False, True, False, True, False, True, False, True, False, True, False, False, False, False, True]"
1,0.13623707787631517,"[True, True, False, True, False, False, False, True, True, False, True, True, True, False, True, True, True, True, True, True, True, True, False, False, False, False, True, True, True, True, False, False, True, False, True, False, True, False, True, True]"
1,0.13656332056825604,"[True, True, False, True, False, False, False, True, True, True, False, False, True, False, False, False, True, True, False, True, False, True, False, False, False, False, True, True, False, True, False, False, False, False, False, False, True, True, False, False]"
1,0.9633238695493962,"[True, True, True, True, True, True, True, True, False, False, False, False, True, False, True, True, True, False, False, True, False, False, True, True, True, True, True, False, False, False, True, False, False, False, False, True, False, False, False, True]"
1,0.011074069000168392,"[True, False, True, False, False, False, True, True, False, False, True, False, True, True, True, False, False, True, True, True, False, False, False, True, False, False, False, False, True, False, True, True, False, False, True, True, False, False, True, True]"
1,0.682223955440904,"[True, True, True, True, False, True, True, False, False, True, True, False, False, True, False, True, False, False, True, True, True, False, True, True, False, True, True, False, False, True, False, True, False, False, False, False, True, False, True, True]"
1,0.8676571474435522,"[True, True, True, True, True, True, False, False, False, True, True, False, False, True, False, False, False, False, True, True, True, False, True, True, False, True, True, True, False, True, False, False, True, True, False, True, False, False, True, False]"
1,0.6057689780779669,"[True, True, True, True, False, False, True, True, False, True, True, True, True, False, True, True, True, True, True, True, False, False, False, False, False, True, False, False, False, False, False, True, True, True, False, False, False, True, False, False]"
1,0.0007908643883657113,"[False, True, True, True, True, True, False, True, False, True, False, True, False, True, False, False, False, False, False, True, True, True, True, False, True, False, True, True, True, False, True, True, False, True, True, False, True, True, True, False]"
1,0.9015431736860757,"[True, True, True, True, True, True, False, True, False, True, False, True, True, True, False, False, False, False, True, True, True, True, True, False, True, False, True, False, True, False, True, True, True, True, True, False, True, True, False, False]"
1,0.5117244428351805,"[True, True, True, False, True, True, True, True, False, True, True, False, True, False, False, True, False, False, True, False, False, True, False, False, True, False, False, False, True, False, True, False, False, False, True, False, False, False, True, True]"
1,0.8998592751841027,"[True, True, True, True, True, True, False, True, False, True, False, True, False, False, False, False, False, False, False, True, True, True, True, False, True, False, True, True, True, False, True, True, False, True, True, False, True, True, True, False]"
1,0.12210601830908999,"[True, True, False, False, True, True, True, True, False, True, True, True, False, False, True, True, False, False, True, True, True, False, True, False, False, True, True, True, True, True, True, True, False, True, True, True, True, False, False, False]"
1,0.4256497063481151,"[True, True, True, False, True, False, True, True, False, False, False, False, True, False, True, False, True, False, True, True, False, True, True, False, True, True, False, False, False, False, True, True, True, True, True, False, False, True, True, False]"
1,0.9297298739163518,"[True, True, True, True, True, True, True, False, False, False, True, False, False, True, False, False, False, False, True, True, True, False, True, True, False, True, True, True, False, True, False, False, False, False, False, False, True, False, True, True]"
1,0.6372579037839899,"[True, True, True, True, False, True, False, False, True, False, True, True, True, False, False, False, True, False, False, True, True, True, False, False, True, False, True, False, True, True, False, True, True, True, False, False, False, True, False, True]"
1,0.9018212078928164,"[True, True, True, True, True, True, False, True, False, True, False, True, True, True, True, False, False, False, True, True, True, True, True, False, True, False, True, False, True, False, True, True, True, True, True, False, True, True, True, False]"
1,0.21142931259442266,"[True, True, False, True, True, False, True, True, False, False, True, False, True, False, False, False, False, True, False, True, False, True, True, False, True, True, False, False, True, False, True, True, True, True, False, False, False, True, False, False]"
1,0.5063479285350281,"[True, True, True, False, True, True, True, True, False, False, True, False, True, False, False, False, False, True, True, True, False, False, False, True, False, False, False, True, True, False, True, True, False, False, True, True, False, True, True, True]"
1,0.3685101300351538,"[True, True, True, False, False, True, True, True, True, False, True, False, True, True, False, True, True, False, False, True, False, True, False, True, False, True, False, True, True, False, True, True, True, False, False, True, False, False, False, True]"
1,0.021551482898358502,"[True, False, True, False, True, True, True, False, False, True, True, False, True, False, True, False, True, False, True, False, False, False, True, False, True, False, True, True, True, True, False, True, False, True, True, True, False, False, True, False]"
1,0.8454395993735375,"[True, True, True, True, True, False, True, True, True, False, True, True, True, True, False, False, True, True, False, True, True, False, False, False, True, False, False, False, True, False, False, True, True, False, False, True, False, True, False, False]"
1,0.10064600992834001,"[True, True, False, False, True, False, True, True, False, True, True, True, True, False, True, False, True, False, True, False, False, False, False, False, True, False, False, True, False, False, False, True, True, True, True, True, False, True, False, True]"
1,0.5633403879748379,"[True, True, True, True, False, False, False, True, True, False, True, True, True, False, False, False, True, True, True, True, False, True, False, False, True, True, True, False, True, False, True, False, True, True, True, False, False, False, False, False]"
1,0.6057446825182284,"[True, True, True, True, False, False, True, True, False, True, True, True, True, False, True, True, True, False, True, True, False, False, False, False, False, True, False, False, False, False, False, True, True, True, False, True, False, True, False, False]"
1,0.4197104373935796,"[True, True, True, False, True, False, True, False, True, False, True, True, False, True, True, False, False, False, True, True, True, False, False, True, False, False, True, False, True, False, True, True, False, True, True, False, False, False, True, True]"
1,0.6530167119660212,"[True, True, True, True, False, True, False, True, False, True, False, True, False, False, False, True, True, True, False, True, False, True, True, False, True, False, True, True, True, True, True, True, False, True, True, False, True, True, True, True]"
1,0.0005616253673454415,"[False, True, True, True, True, False, False, True, False, False, False, True, True, True, False, False, False, True, True, True, True, True, False, True, True, False, True, False, False, False, False, False, True, False, True, False, False, False, True, False]"
1,0.566381358003172,"[True, True, True, True, False, False, False, True, True, True, False, True, True, False, True, False, False, True, False, False, False, True, True, True, True, False, True, False, False, False, True, False, True, False, True, True, False, False, True, True]"
1,0.021243963958303566,"[True, False, True, False, True, True, True, False, False, False, True, False, True, False, True, False, True, False, False, False, False, False, True, False, True, False, True, True, True, True, False, True, False, True, True, True, False, False, True, False]"
1,0.6674292079308896,"[True, True, True, True, False, True, False, True, True, True, False, True, True, False, True, True, False, False, False, True, False, True, True, False, True, False, True, True, True, True, True, False, True, False, True, False, False, True, False, False]"
1,0.11002083860172486,"[True, True, False, False, True, True, False, True, False, True, False, False, True, True, False, False, True, False, False, True, True, True, True, False, True, False, True, False, True, False, True, True, True, True, True, False, True, False, False, False]"
1,0.13638866855650475,"[True, True, False, True, False, False, False, True, True, True, False, False, False, False, False, True, True, True, True, True, False, True, False, False, True, True, True, False, False, True, False, False, False, False, True, False, False, True, False, False]"
1,0.7645934124723439,"[True, True, True, True, True, False, False, True, False, False, True, True, True, False, False, False, False, True, False, True, False, True, True, False, True, True, False, False, False, False, True, True, True, True, False, False, False, True, False, False]"
1,0.13458933562365236,"[True, True, False, True, False, False, False, True, False, True, True, True, True, False, True, False, True, False, True, True, False, False, False, False, True, True, False, False, False, False, False, True, True, True, True, True, False, True, False, False]"
1,0.8445219877382123,"[True, True, True, True, True, False, True, True, True, False, True, True, False, True, False, True, True, True, False, True, True, False, False, True, False, False, False, False, True, False, False, True, True, False, True, True, False, True, False, True]"
1,0.9389883431007469,"[True, True, True, True, True, True, True, False, False, True, True, False, False, True, False, False, True, False, True, True, True, False, True, True, False, True, True, True, False, True, False, False, False, False, False, False, False, True, True, True]"
1,0.13002116588715398,"[True, True, False, True, False, False, False, False, True, True, False, False, False, False, False, True, True, True, False, True, False, True, False, False, True, True, True, True, False, True, False, False, False, False, False, False, True, True, False, False]"
step,fitness,genome
2,0.9939811979960639,"[True, True, True, True, True, True, True, True, True, True, False, True, True, False, False, False, False, True, True, True, False, False, True, False, True, False, True, False, True, False, True, True, True, True, True, False, False, True, False, False]"
2,0.9300155398785107,"[True, True, True, True, True, True, True, False, False, False, True, False, False, True, True, False, False, False, True, True, True, False, True, True, False, False, True, False, False, False, False, True, True, True, False, False, False, False, True, True]"
2,0.9384116339983611,"[True, True, True, True, True, True, True, False, False, True, True, False, False, False, False, False, True, False, True, True, True, False, True, True, False, False, True, True, False, True, True, False, False, False, False, True, False, False, True, True]"
2,0.9308555612641162,"[True, True, True, True, True, True, True, False, False, False, True, False, True, True, False, False, False, False, False, True, True, False, True, False, True, True, True, True, False, False, False, False, True, True, False, False, True, False, True, True]"
2,0.8223569122275511,"[True, True, True, True, True, False, True, True, False, False, False, False, True, False, True, False, True, False, True, True, False, False, False, True, True, True, True, False, False, False, True, False, False, False, False, True, False, True, False, True]"
2,0.05359193861289685,"[True, False, True, True, True, True, True, True, False, False, False, False, True, True, False, True, False, False, False, True, True, True, True, True, True, False, False, False, True, False, True, False, True, True, True, False, False, True, False, False]"
2,0.9633589545687783,"[True, True, True, True, True, True, True, True, False, False, False, False, True, False, True, True, True, True, False, True, False, False, False, False, True, True, False, False, False, False, True, False, False, False, False, True, False, True, False, True]"
2,0.746159007348214,"[True, True, True, True, True, False, False, False, True, False, False, True, True, True, False, False, True, True, False, True, False, False, True, False, False, False, True, False, True, False, True, True, True, False, False, True, False, False, False, False]"
2,0.9389162540938076,"[True, True, True, True, True, True, True, False, False, True, True, False, False, True, False, False, False, False, True, True, True, False, True, True, False, True, True, True, False, True, False, False, False, False, False, False, True, False, True, True]"
2,0.6549200911969255,"[True, True, True, True, False, True, False, True, False, True, True, False, False, True, False, False, False, False, False, True, True, True, True, False, True, False, True, True, True, False, True, True, False, True, True, False, True, False, True, False]"
2,0.9015602397121653,"[True, True, True, True, True, True, False, True, False, True, False, True, True, True, False, False, False, True, False, True, True, True, True, False, False, False, False, True, True, False, True, False, False, True, False, False, True, True, True, False]"
2,0.9144459016963857,"[True, True, True, True, True, True, False, True, True, False, True, True, True, False, False, False, False, True, True, True, True, False, True, False, True, False, True, False, True, False, True, True, True, True, True, False, True, True, False, False]"
2,0.9297290382556984,"[True, True, True, True, True, True, True, False, False, False, True, False, False, True, False, False, False, False, True, True, True, False, False, True, True, True, True, True, False, True, False, False, True, True, False, False, True, True, True, False]"
2,0.0005666903172188787,"[False, True, True, True, True, False, False, True, False, False, True, True, True, False, False, False, False, True, False, True, False, True, True, False, True, True, False, False, False, False, True, True, True, True, False, False, False, True, False, False]"
2,0.302388908123939,"[True, True, True, False, False, False, True, True, False, False, True, False, False, True, False, False, False, False, True, True, True, False, True, True, False, True, True, True, False, True, False, False, False, False, False, False, True, False, True, True]"
2,0.929711716002182,"[True, True, True, True, True, True, True, False, False, False, True, False, False, True, False, False, False, False, False, True, True, False, True, False, True, True, True, False, True, True, False, False, True, False, True, False, True, False, False, True]"
2,0.03994580620102892,"[True, False, True, True, True, False, False, True, True, False, False, False, False, True, False, False, True, False, True, True, True, False, False, False, True, False, False, False, False, False, False, False, True, False, False, True, False, True, False, True]"
2,0.9424725482949274,"[True, True, True, True, True, True, True, False, False, True, True, True, True, True, False, False, True, True, False, True, True, False, True, True, False, True, True, False, True, True, False, True, False, False, False, False, False, True, True, True]"
2,0.9298638541141154,"[True, True, True, True, True, True, True, False, False, False, True, False, False, True, False, True, False, False, True, False, True, False, True, True, False, True, True, True, False, True, False, False, False, False, False, False, True, False, True, True]"
2,0.0070551022194500325,"[True, False, False, True, True, False, True, True, True, True, True, True, True, True, False, False, True, True, False, True, True, False, False, False, True, False, False, False, True, False, False, True, True, False, False, True, False, True, False, False]"
2,0.247549649954819,"[True, True, False, True, True, True, True, False, True, False, True, False, False, True, False, False, False, False, True, True, True, False, True, True, True, True, True, True, False, True, False, False, False, False, False, False, True, False, True, True]"
2,0.9545100061854085,"[True, True, True, True, True, True, True, False, True, True, False, False, True, True, True, True, True, False, False, True, False, True, True, True, True, False, False, True, True, False, True, True, False, False, True, True, False, False, True, False]"
2,0.029080624854049796,"[True, False, True, True, False, False, True, True, True, False, True, True, True, False, False, False, True, False, True, True, True, True, False, False, False, True, True, True, True, False, False, False, False, True, False, False, False, False, False, False]"
2,0.6223497132751838,"[True, True, True, True, False, True, False, False, False, False, True, False, False, True, False, False, False, True, True, True, True, False, True, True, True, True, True, False, False, False, True, False, True, False, True, False, True, False, True, True]"
2,0.4025960188571417,"[True, True, True, False, True, False, False, True, True, False, True, True, True, True, False, False, True, False, False, True, True, False, False, False, True, False, False, False, True, False, False, True, True, False, True, True, False, True, False, True]"
2,0.0007777002911500351,"[False, True, True, True, True, True, False, True, False, False, False, True, True, True, True, False, False, True, False, False, True, True, True, True, True, False, True, False, False, False, True, True, True, True, True, False, True, True, False, False]"
2,0.9621464883230498,"[True, True, True, True, True, True, True, True, False, False, False, False, False, False, True, True, True, False, False, True, False, True, True, True, True, True, True, False, False, False, True, False, False, False, False, True, False, False, False, True]"
2,0.7806224921376236,"[True, True, True, True, True, False, False, True, True, False, True, True, True, True, False, False, True, True, False, True, True, False, False, False, True, False, False, False, True, False, False, True, True, False, True, True, False, True, False, True]"
2,0.9297298777322721,"[True, True, True, True, True, True, True, False, False, False, True, False, False, True, False, False, False, False, True, True, True, False, True, True, False, True, True, True, False, True, False, True, True, True, False, False, True, False, True, True]"
2,0.040676276119419146,"[True, False, True, True, True, False, False, True, True, True, False, True, True, False, True, False, True, True, False, True, True, True, False, False, True, False, True, False, False, True, False, False, True, True, True, False, True, False, True, True]"
2,0.8993000059558272,"[True, True, True, True, True, True, False, True, False, True, False, False, True, True, False, False, False, False, False, True, False, True, True, False, True, False, True, False, True, False, True, True, True, True, True, False, True, True, True, False]"
2,0.92973017213738,"[True, True, True, True, True, True, True, False, False, False, True, False, False, True, False, False, False, False, True, True, True, False, True, True, True, True, True, True, True, True, False, False, True, True, False, False, True, True, True, True]"
2,0.5547976588777884,"[True, True, True, True, False, False, False, True, False, True, False, True, True, False, True, False, False, True, True, True, True, False, False, False, True, False, True, False, False, True, False, False, True, True, True, False, False, False, True, True]"
2,0.9206974914388207,"[True, True, True, True, True, True, False, True, True, True, True, False, False, True, False, False, True, False, True, True, True, True, True, True, False, True, True, False, True, True, True, True, False, False, True, False, True, False, True, True]"
2,0.6243569770432085,"[True, True, True, True, False, True, False, False, False, False, True, True, True, False, False, False, True, False, False, True, True, True, False, False, True, True, True, False, True, True, False, True, True, True, False, False, False, True, False, True]"
2,0.7414723842494347,"[True, True, True, True, True, False, False, False, False, True, True, True, False, True, False, False, True, False, True, True, True, False, True, True, False, True, True, True, False, True, False, False, False, False, False, False, True, False, True, False]"
2,0.6004020365922281,"[True, True, True, True, False, False, True, True, False, True, False, False, False, True, False, False, False, True, True, True, True, True, True, False, False, False, True, False, False, True, False, True, False, True, False, False, True, False, True, True]"
2,0.870860405723105,"[True, True, True, True, True, True, False, False, False, True, True, True, True, True, False, False, False, False, False, False, True, False, True, True, True, True, True, False, True, False, True, True, True, True, True, False, True, False, False, False]"
2,0.9627338649135551,"[True, True, True, True, True, True, True, True, False, False, False, False, False, True, True, True, True, False, False, True, False, False, True, True, True, True, True, False, False, False, True, False, False, False, False, True, False, False, False, True]"
2,0.9634228052759516,"[True, True, True, True, True, True, True, True, False, False, False, False, True, True, False, False, False, False, True, True, True, True, True, True, True, False, False, False, True, False, False, True, True, True, True, False, False, True, False, False]"
2,0.8559139310959292,"[True, True, True, True, True, True, False, False, False, False, False, False, True, True, False, False, False, False, True, True, True, True, True, True, False, False, False, False, True, False, True, True, True, True, True, False, False, True, False, False]"
2,0.8023661176523322,"[True, True, True, True, True, False, True, False, False, True, True, False, True, True, False, False, True, False, True, True, True, False, True, True, False, True, True, True, False, True, False, False, False, False, False, False, False, True, True, False]"
2,0.9389151277420607,"[True, True, True, True, True, True, True, False, False, True, True, False, False, True, False, False, False, False, True, True, True, False, False, True, False, True, True, True, False, True, False, False, False, False, False, False, True, False, True, True]"
2,0.9389162540938076,"[True, True, True, True, True, True, True, False, False, True, True, False, False, True, False, False, False, False, True, True, True, False, True, True, False, True, True, True, False, True, False, False, False, False, False, False, True, False, True, True]"
2,0.765074685346335,"[True, True, True, True, True, False, False, True, False, False, True, True, True, True, False, False, False, True, False, True, True, False, True, False, True, False, False, False, True, False, True, True, True, True, False, True, False, True, False, True]"
2,0.8445219877382123,"[True, True, True, True, True, False, True, True, True, False, True, True, False, True, False, True, True, True, False, True, True, False, False, True, False, False, False, False, True, False, False, True, True, False, True, True, False, True, False, True]"
2,0.7839877175530529,"[True, True, True, True, True, False, False, True, True, True, False, True, True, False, False, False, False, True, False, True, True, False, True, False, True, False, False, False, True, False, False, True, True, True, True, True, False, True, False, True]"
2,0.0007987877932714356,"[False, True, True, True, True, True, False, True, False, True, True, True, False, True, False, False, False, False, False, True, True, True, True, False, True, False, True, True, True, False, True, True, False, True, False, False, True, True, True, False]"
2,0.0005323061142314719,"[False, True, True, True, True, False, False, False, False, True, True, True, False, True, True, False, True, False, True, True, False, False, True, True, False, True, True, True, False, True, False, False, False, False, False, False, False, True, True, True]"
2,0.8454395993735375,"[True, True, True, True, True, False, True, True, True, False, True, True, True, True, False, False, True, True, False, True, True, False, False, False, True, False, False, False, True, False, False, True, True, False, False, True, False, True, False, False]"
2,0.9026558061949951,"[True, True, True, True, True, True, False, True, False, True, True, False, False, True, False, False, False, False, True, True, True, True, True, False, True, False, True, True, True, False, True, True, False, True, False, False, True, True, True, False]"
2,0.901543171416009,"[True, True, True, True, True, True, False, True, False, True, False, True, True, True, False, False, False, False, True, True, True, True, True, False, True, False, True, False, True, False, True, False, True, True, False, True, True, False, True, False]"
2,0.9015431716314168,"[True, True, True, True, True, True, False, True, False, True, False, True, True, True, False, False, False, False, True, True, True, True, True, False, True, False, True, False, True, False, True, False, True, True, True, True, False, True, False, False]"
2,0.9298727867365875,"[True, True, True, True, True, True, True, False, False, False, True, False, False, True, False, True, False, False, True, True, True, False, True, True, False, True, True, True, False, True, False, False, False, False, False, False, True, False, True, False]"
2,0.2778579347885033,"[True, True, True, False, False, False, False, True, False, False, True, True, True, False, True, False, False, True, False, True, True, False, False, True, True, False, True, False, False, False, False, True, False, False, True, True, False, True, True, True]"
2,0.9705818224664964,"[True, True, True, True, True, True, True, True, False, False, True, True, True, True, False, False, True, False, False, True, True, False, True, False, True, False, True, False, True, False, True, True, True, True, True, True, True, True, False, False]"
2,0.7768455096914547,"[True, True, True, True, True, False, False, True, True, False, False, True, True, True, False, True, True, True, False, True, True, False, False, False, False, True, False, False, True, False, False, True, True, False, False, True, False, True, False, True]"
2,0.7806230285952912,"[True, True, True, True, True, False, False, True, True, False, True, True, True, True, False, False, True, True, False, True, True, False, False, True, True, False, True, False, True, False, False, True, True, False, True, False, False, True, False, True]"
2,0.9048672817448656,"[True, True, True, True, True, True, False, True, False, True, True, True, False, True, False, False, False, False, False, True, True, True, True, False, True, False, True, True, True, False, True, True, False, True, True, False, True, True, True, False]"
2,0.9391954546890833,"[True, True, True, True, True, True, True, False, False, True, True, False, False, True, True, False, False, False, True, False, True, False, True, True, False, False, True, False, False, True, False, True, True, True, False, False, True, False, True, True]"
2,0.9240119020574359,"[True, True, True, True, True, True, False, True, True, True, True, True, True, True, False, False, False, False, False, True, True, False, True, True, True, False, True, False, True, False, True, True, True, True, True, True, True, True, True, True]"
2,0.5996652124017869,"[True, True, True, True, False, False, True, True, False, False, True, True, True, True, False, False, True, True, False, True, True, False, False, False, True, False, False, False, True, False, False, True, True, False, False, True, False, True, False, False]"
2,0.9018212080254118,"[True, True, True, True, True, True, False, True, False, True, False, True, True, True, True, False, False, False, True, True, True, True, True, False, True, False, True, False, True, False, True, True, True, True, True, True, True, True, True, False]"
2,0.9059819378640559,"[True, True, True, True, True, True, False, True, False, True, True, True, True, True, False, False, False, False, False, True, True, False, True, True, True, False, True, True, True, False, True, True, True, True, True, True, True, True, True, True]"
2,0.594223289367789,"[True, True, True, True, False, False, True, True, False, False, False, False, False, True, False, False, False, False, False, True, True, False, True, False, True, True, True, False, True, True, False, False, True, False, True, False, True, True, False, True]"
2,7.395912175845155e-07,"[False, False, True, True, True, True, True, False, False, True, True, False, False, True, False, False, True, False, True, True, True, False, True, False, False, True, True, True, False, True, False, False, False, False, False, False, False, True, True, True]"
2,0.6582754933736626,"[True, True, True, True, False, True, False, True, True, False, False, False, False, True, False, False, False, False, True, True, True, False, True, True, False, False, True, False, True, True, True, True, True, False, True, False, True, False, True, True]"
2,0.9298011795735414,"[True, True, True, True, True, True, True, False, False, False, True, False, False, True, False, False, True, False, True, True, True, False, True, True, False, False, True, True, False, False, False, False, False, False, False, False, True, False, True, True]"
2,0.9189610840475186,"[True, True, True, True, True, True, False, True, True, True, False, True, True, False, False, False, False, True, True, True, True, False, True, False, True, False, True, False, True, False, True, True, True, True, True, False, True, True, False, False]"
2,0.053844962995934886,"[True, False, True, True, True, True, True, True, False, False, True, False, False, True, False, False, False, False, True, False, True, False, True, False, False, True, True, True, False, True, False, False, False, False, False, False, True, False, True, True]"
2,0.9389870935023825,"[True, True, True, True, True, True, True, False, False, True, True, False, False, True, False, False, True, False, True, True, True, False, False, True, False, False, True, True, True, True, False, False, False, False, False, False, True, False, True, True]"
2,0.976467711622699,"[True, True, True, True, True, True, True, True, False, True, True, False, False, True, False, False, False, False, False, True, True, True, True, False, True, True, True, True, False, False, True, True, False, True, True, False, True, True, True, False]"
2,0.9389883345669244,"[True, True, True, True, True, True, True, False, False, True, True, False, False, True, False, False, True, False, True, True, True, False, True, True, False, True, True, True, False, False, False, False, False, False, True, False, False, True, True, False]"
2,0.7933711918860975,"[True, True, True, True, True, False, True, False, False, False, True, False, False, True, False, False, False, True, True, True, True, True, True, True, False, True, True, True, True, True, False, False, False, False, False, False, True, False, True, True]"
2,0.5369363200815644,"[True, True, True, True, False, False, False, False, True, False, False, True, False, False, False, False, True, False, False, True, True, True, False, False, True, False, True, False, False, True, False, False, True, True, True, False, False, False, True, True]"
2,0.04903321898020645,"[True, False, True, True, True, True, False, True, False, True, False, True, True, True, False, False, False, False, True, True, True, True, True, False, True, False, True, True, False, False, True, True, True, True, True, False, True, True, False, False]"
2,0.6540865185663004,"[True, True, True, True, False, True, False, True, False, True, False, True, True, True, False, False, False, False, False, True, True, True, True, False, True, False, True, False, True, False, True, True, True, True, True, True, True, True, False, False]"
2,0.9389162716930632,"[True, True, True, True, True, True, True, False, False, True, True, False, False, True, False, False, False, False, True, True, True, False, True, True, False, True, True, True, True, True, False, False, False, False, False, False, True, False, True, True]"
2,0.0004669304980979054,"[False, True, True, True, False, True, True, False, True, True, True, False, False, True, False, True, False, False, True, True, True, False, True, True, False, True, True, False, False, True, False, True, False, False, False, False, False, False, True, False]"
2,0.9545100597542721,"[True, True, True, True, True, True, True, False, True, True, False, False, True, True, True, True, True, False, False, True, False, True, True, True, True, False, True, True, False, False, True, True, False, False, True, True, False, False, False, False]"
2,0.9016126751326968,"[True, True, True, True, True, True, False, True, False, True, False, True, True, True, False, False, True, False, True, True, True, True, True, False, True, False, True, False, True, False, True, True, True, True, True, True, True, True, False, False]"
2,0.9389872168430474,"[True, True, True, True, True, True, True, False, False, True, True, False, False, True, False, False, True, False, True, True, True, False, False, True, False, True, True, True, False, True, False, False, False, False, False, True, True, False, True, True]"
2,0.6372515464229732,"[True, True, True, True, False, True, False, False, True, False, True, True, True, False, False, False, True, False, False, False, True, True, False, False, True, False, True, False, True, True, False, True, True, True, False, True, False, False, False, True]"
2,0.9017343117900884,"[True, True, True, True, True, True, False, True, False, True, False, True, True, True, False, True, True, False, False, True, True, True, True, False, True, False, True, False, True, False, True, False, True, True, True, False, True, True, False, True]"
2,0.8998570858315643,"[True, True, True, True, True, True, False, True, False, True, False, True, False, False, False, False, False, False, False, True, True, False, True, False, True, False, True, True, False, False, False, True, False, True, True, False, True, True, True, True]"
2,0.926286015885031,"[True, True, True, True, True, True, True, False, False, False, False, False, True, True, False, False, False, False, False, True, False, True, True, True, True, False, True, True, True, False, True, False, True, True, False, True, True, False, True, False]"
2,0.7845376220583509,"[True, True, True, True, True, False, False, True, True, True, False, True, True, True, False, False, True, True, False, True, False, True, True, False, True, False, True, False, True, False, True, True, True, False, True, True, True, True, False, False]"
2,0.9694581126531192,"[True, True, True, True, True, True, True, True, False, False, True, True, False, True, False, True, False, False, False, False, True, False, False, True, False, False, False, False, True, False, False, True, True, True, True, True, False, True, False, True]"
2,0.4501269673098107,"[True, True, True, False, True, True, False, False, False, True, False, True, True, True, False, False, False, False, False, True, False, True, True, False, True, False, True, False, True, False, True, True, True, True, True, True, True, False, False, False]"
2,0.7645971575303181,"[True, True, True, True, True, False, False, True, False, False, True, True, True, False, False, False, False, True, False, True, True, True, True, False, True, True, False, False, False, False, True, True, True, True, False, False, False, True, False, False]"
2,0.6574252243119495,"[True, True, True, True, False, True, False, True, False, True, True, True, True, True, False, False, False, False, False, True, True, False, True, True, True, False, True, False, True, False, True, True, True, True, True, True, True, True, True, True]"
2,0.594220294283947,"[True, True, True, True, False, False, True, True, False, False, False, False, False, True, False, False, False, False, False, True, False, False, True, False, True, True, True, False, False, True, False, True, True, False, True, False, True, False, False, True]"
2,0.9576078662876416,"[True, True, True, True, True, True, True, False, True, True, True, False, False, True, False, False, True, False, True, True, True, False, True, True, False, True, True, True, False, True, False, True, False, False, False, False, False, True, True, True]"
2,0.7461619237581014,"[True, True, True, True, True, False, False, False, True, False, False, True, True, True, False, False, True, True, False, True, True, False, False, False, True, False, False, False, True, False, False, True, True, True, False, True, False, True, False, True]"
2,0.9015259349812411,"[True, True, True, True, True, True, False, True, False, True, False, True, True, True, False, False, False, False, False, True, True, True, True, False, True, True, True, False, True, False, True, True, True, True, True, True, True, True, False, False]"
2,0.9018168630234742,"[True, True, True, True, True, True, False, True, False, True, False, True, True, True, True, False, False, False, True, True, False, True, True, False, True, False, True, False, True, False, True, True, True, True, True, False, True, True, True, True]"
2,0.9389872212259727,"[True, True, True, True, True, True, True, False, False, True, True, False, False, True, False, False, True, False, True, True, True, False, False, True, False, True, True, True, False, True, True, False, False, False, False, True, True, False, False, True]"
2,0.0003346526338394592,"[False, True, True, True, False, False, True, True, False, False, False, False, False, False, False, False, False, False, False, True, True, False, True, False, True, True, True, False, False, True, False, False, True, False, True, False, False, True, False, True]"
2,0.9060517129770931,"[True, True, True, True, True, True, False, True, False, True, True, True, True, True, False, False, True, False, False, True, True, False, True, True, True, False, True, False, True, False, True, True, True, True, True, True, True, True, True, False]"
2,0.7645640342107418,"[True, True, True, True, True, False, False, True, False, False, True, True, True, False, False, False, False, False, False, True, True, False, False, False, False, False, False, False, False, False, False, True, True, True, False, True, False, True, False, True]"
step,fitness,genome
3,0.9354573242167676,"[True, True, True, True, True, True, True, False, False, True, False, False, True, True, False, False, False, False, True, True, False, False, True, True, False, True, True, False, True, True, False, False, False, False, False, False, True, False, True, True]"
3,0.25584787824255945,"[True, True, False, True, True, True, True, True, False, True, True, False, False, False, False, False, False, True, True, True, True, False, False, False, True, False, True, True, True, False, True, True, True, True, True, False, False, True, False, False]"
3,0.000842887237599574,"[False, True, True, True, True, True, True, False, False, False, True, False, False, False, False, True, False, False, True, False, True, False, True, True, False, True, True, True, False, True, True, False, False, False, False, False, True, False, True, True]"
3,0.9297321073564719,"[True, True, True, True, True, True, True, False, False, False, True, False, False, True, False, False, False, False, True, True, True, True, True, True, False, True, True, True, False, True, False, False, False, True, False, False, True, True, True, True]"
3,0.25036527884675897,"[True, True, False, True, True, True, True, False, True, True, True, False, False, True, False, False, True, False, True, True, True, False, True, True, False, True, True, True, False, True, False, True, False, False, False, False, False, True, True, True]"
3,0.4871384236253622,"[True, True, True, False, True, True, True, False, False, False, True, True, True, True, False, False, False, False, False, True, True, False, True, True, True, True, True, True, False, True, False, False, True, True, False, False, True, False, True, True]"
3,0.9415042827511186,"[True, True, True, True, True, True, True, False, False, True, True, True, False, True, True, False, False, False, True, False, True, False, False, True, False, False, True, False, True, True, False, True, True, True, False, False, True, False, True, True]"
3,0.9297298739078341,"[True, True, True, True, True, True, True, False, False, False, True, False, False, True, False, False, False, False, True, True, True, False, True, True, False, True, True, True, False, True, False, False, False, False, False, False, True, False, True, False]"
3,0.9300158190630421,"[True, True, True, True, True, True, True, False, False, False, True, False, False, True, True, False, False, False, True, True, True, False, True, True, True, False, True, False, False, False, False, True, True, True, False, False, False, False, True, True]"
3,0.24411775261413485,"[True, True, False, True, True, True, True, False, False, True, False, True, False, True, False, False, True, False, True, True, True, False, False, False, False, True, True, False, False, True, True, False, False, False, False, True, True, False, False, True]"
3,0.9026562648265705,"[True, True, True, True, True, True, False, True, False, True, True, False, False, True, False, False, False, False, True, True, True, True, True, True, True, False, False, True, False, False, True, True, False, True, False, False, True, True, True, False]"
3,0.65283637097524,"[True, True, True, True, False, True, False, True, False, True, False, True, False, False, False, False, False, False, False, True, True, False, True, False, True, False, True, True, False, False, False, True, False, True, True, False, True, True, True, True]"
3,0.0009648434830343897,"[False, True, True, True, True, True, True, True, True, True, False, True, True, False, False, False, False, True, True, True, False, True, True, False, True, False, True, False, True, False, False, True, True, True, True, False, False, True, False, False]"
3,0.4380582008841432,"[True, True, True, False, True, False, True, True, True, False, True, True, False, True, True, True, True, True, False, True, True, True, False, True, False, False, False, False, True, True, False, False, True, False, True, True, False, True, False, True]"
3,0.9389164845684589,"[True, True, True, True, True, True, True, False, False, True, True, False, False, True, False, False, False, False, True, True, True, False, True, True, True, True, False, True, True, True, False, False, True, True, False, False, True, True, True, True]"
3,0.9384116339983611,"[True, True, True, True, True, True, True, False, False, True, True, False, False, False, False, False, True, False, True, True, True, False, True, True, False, False, True, True, False, True, True, False, False, False, False, True, False, False, True, True]"
3,0.24110586026086903,"[True, True, False, True, True, True, True, False, False, False, False, False, True, True, True, False, False, False, False, True, True, False, True, False, True, False, True, True, False, False, False, False, True, True, False, False, True, False, True, True]"
3,0.9578185964839587,"[True, True, True, True, True, True, True, False, True, True, True, False, False, True, True, False, False, False, True, False, True, False, True, True, False, False, False, False, False, True, False, True, True, True, False, False, True, False, True, True]"
3,0.929729807955446,"[True, True, True, True, True, True, True, False, False, False, True, False, False, True, False, False, False, False, True, True, True, False, True, True, False, True, False, True, False, True, False, True, True, True, False, False, True, False, True, True]"
3,0.00086068889523168,"[False, True, True, True, True, True, True, False, False, True, True, False, False, True, False, False, True, False, True, True, True, False, False, True, False, True, True, True, False, True, True, False, False, False, False, True, True, False, False, True]"
3,0.9705820038009406,"[True, True, True, True, True, True, True, True, False, False, True, True, True, True, False, False, True, False, False, True, True, False, True, False, True, True, True, True, True, False, True, True, True, True, True, True, True, True, False, True]"
3,0.9234613668184466,"[True, True, True, True, True, True, False, True, True, True, True, True, True, False, False, False, False, False, True, True, True, False, True, True, True, False, True, False, True, False, True, True, True, True, True, True, True, True, True, False]"
3,0.9389793330646001,"[True, True, True, True, True, True, True, False, False, True, True, False, False, True, False, False, True, False, True, False, True, False, True, True, False, True, True, True, False, True, False, False, True, False, True, False, False, True, True, False]"
3,0.9627338649135551,"[True, True, True, True, True, True, True, True, False, False, False, False, False, True, True, True, True, False, False, True, False, False, True, True, True, True, True, False, False, False, True, False, False, False, False, True, False, False, False, True]"
3,0.9426912634133352,"[True, True, True, True, True, True, True, False, False, True, True, True, True, True, True, False, False, True, False, True, True, True, True, False, False, True, True, False, True, True, False, True, False, False, True, False, False, True, True, True]"
3,0.993981346200258,"[True, True, True, True, True, True, True, True, True, True, False, True, True, False, False, False, False, True, True, True, False, False, True, False, True, True, True, False, True, False, True, True, True, True, True, False, False, True, False, False]"
3,0.8148293203478789,"[True, True, True, True, True, False, True, False, True, True, False, False, True, True, True, True, True, False, False, True, True, True, True, True, True, False, False, True, True, False, True, False, False, False, True, True, False, False, True, False]"
3,0.8454395994439123,"[True, True, True, True, True, False, True, True, True, False, True, True, True, True, False, False, True, True, False, True, True, False, False, False, True, False, False, False, True, False, False, True, True, False, False, True, True, True, False, True]"
3,0.9801683509338017,"[True, True, True, True, True, True, True, True, False, True, True, True, True, True, False, False, True, True, False, True, True, False, True, True, False, True, False, False, True, True, False, True, True, False, False, False, False, True, True, True]"
3,0.9401413223236199,"[True, True, True, True, True, True, True, False, False, True, True, False, True, True, False, False, True, False, True, True, True, False, False, True, False, True, True, True, False, True, True, False, False, False, False, True, True, False, False, True]"
3,0.9297117203631571,"[True, True, True, True, True, True, True, False, False, False, True, False, False, True, False, False, False, False, False, True, True, False, True, False, True, True, True, False, True, True, True, False, True, False, True, False, True, False, False, True]"
3,0.989140225454117,"[True, True, True, True, True, True, True, True, True, False, True, True, True, False, False, False, False, True, True, True, True, False, True, False, True, False, True, False, True, False, True, False, True, False, True, False, True, True, False, False]"
3,0.9297298744614833,"[True, True, True, True, True, True, True, False, False, False, True, False, False, True, False, False, False, False, True, True, True, False, True, True, False, True, True, True, False, True, False, False, False, True, False, False, True, False, True, True]"
3,0.9394747850312264,"[True, True, True, True, True, True, True, False, False, True, True, False, True, False, False, False, False, False, False, True, True, False, True, False, True, True, True, True, False, False, False, False, True, False, False, False, True, False, True, True]"
3,0.9423552773863726,"[True, True, True, True, True, True, True, False, False, True, True, True, True, True, False, False, False, False, False, False, True, False, True, True, True, True, True, False, False, False, True, True, True, True, True, False, True, False, False, False]"
3,0.8972932366964448,"[True, True, True, True, True, True, False, True, False, False, True, True, True, True, False, True, True, False, False, True, True, False, True, False, True, False, True, False, True, False, True, True, True, True, True, True, True, True, False, False]"
3,0.5211364545697293,"[True, True, True, False, True, True, True, True, True, True, False, True, True, False, False, False, True, True, True, True, False, False, True, False, True, False, True, False, True, False, True, True, True, True, True, False, False, True, False, False]"
3,5.143726381185338e-05,"[False, True, False, True, True, True, True, True, False, True, False, True, True, True, False, False, False, False, True, True, True, True, True, False, True, False, True, False, True, False, True, True, True, True, False, False, True, False, True, False]"
3,0.000719523126280846,"[False, True, True, True, True, True, False, False, False, False, True, False, False, True, True, False, False, False, True, True, True, False, True, True, True, False, True, False, False, False, False, True, True, True, False, False, False, False, True, True]"
3,0.0009061823021546783,"[False, True, True, True, True, True, True, True, False, False, False, False, True, False, True, True, True, True, False, True, False, False, False, False, True, True, False, False, False, False, True, False, False, False, False, True, False, True, False, True]"
3,0.9389151277420607,"[True, True, True, True, True, True, True, False, False, True, True, False, False, True, False, False, False, False, True, True, True, False, False, True, False, True, True, True, False, True, False, False, False, False, False, False, True, False, True, True]"
3,0.9297298777322721,"[True, True, True, True, True, True, True, False, False, False, True, False, False, True, False, False, False, False, True, True, True, False, True, True, False, True, True, True, False, True, False, True, True, True, False, False, True, False, True, True]"
3,0.9389150926810822,"[True, True, True, True, True, True, True, False, False, True, True, False, False, True, False, False, False, False, True, True, True, False, False, True, False, True, True, False, False, True, False, False, False, False, False, True, True, False, True, True]"
3,0.9627338649135551,"[True, True, True, True, True, True, True, True, False, False, False, False, False, True, True, True, True, False, False, True, False, False, True, True, True, True, True, False, False, False, True, False, False, False, False, True, False, False, False, True]"
3,0.9812117095053224,"[True, True, True, True, True, True, True, True, True, False, False, False, False, False, True, True, True, True, False, True, False, False, False, False, True, True, False, False, False, False, True, False, False, False, False, True, False, True, True, True]"
3,0.9359447577460726,"[True, True, True, True, True, True, True, False, False, True, False, False, True, True, True, True, True, False, False, True, False, True, True, True, True, False, False, True, True, False, True, True, False, False, True, True, False, True, True, False]"
3,0.9010524580518454,"[True, True, True, True, True, True, False, True, False, True, False, True, True, False, False, False, True, False, True, True, False, True, True, False, True, False, True, False, True, False, True, True, True, True, True, True, True, True, False, False]"
3,0.9017343117900884,"[True, True, True, True, True, True, False, True, False, True, False, True, True, True, False, True, True, False, False, True, True, True, True, False, True, False, True, False, True, False, True, False, True, True, True, False, True, True, False, True]"
3,0.9645302692812638,"[True, True, True, True, True, True, True, True, False, False, False, True, False, False, True, True, True, False, True, True, True, True, True, True, True, True, True, False, True, True, True, False, False, False, False, True, False, False, True, True]"
3,0.5073904180368825,"[True, True, True, False, True, True, True, True, False, False, True, True, False, True, False, True, False, False, False, False, True, False, False, True, False, False, False, False, True, False, False, False, True, True, True, True, False, True, False, True]"
3,0.9624389845716322,"[True, True, True, True, True, True, True, True, False, False, False, False, False, True, False, True, True, False, False, True, False, False, True, True, True, True, True, False, False, False, True, False, False, False, False, True, False, False, False, True]"
3,0.9392756268980987,"[True, True, True, True, True, True, True, False, False, True, True, False, False, True, True, False, True, False, True, True, True, False, False, True, False, True, True, True, False, True, True, False, False, False, False, True, True, False, False, True]"
3,0.9256453815296244,"[True, True, True, True, True, True, True, False, False, False, False, False, False, True, True, True, True, False, False, True, False, True, True, True, True, True, True, False, False, False, True, False, False, False, False, True, False, False, False, True]"
3,0.9545099704612052,"[True, True, True, True, True, True, True, False, True, True, False, False, True, True, True, True, True, False, False, True, False, True, True, True, True, False, False, False, True, False, True, True, False, False, True, True, False, False, True, False]"
3,0.9634960091228792,"[True, True, True, True, True, True, True, True, False, False, False, False, True, True, False, False, True, False, True, True, True, True, True, False, True, False, False, False, True, False, False, True, True, True, True, False, False, True, False, False]"
3,0.4904129932181526,"[True, True, True, False, True, True, True, False, False, True, True, False, False, True, False, False, True, True, True, True, True, False, True, True, False, True, True, True, False, True, False, False, False, False, False, False, True, False, True, True]"
3,0.8339188649624865,"[True, True, True, True, True, False, True, True, False, True, True, False, False, True, False, False, False, True, True, True, True, False, True, True, True, True, True, True, False, True, False, False, False, False, False, False, True, False, True, True]"
3,0.9346664389802429,"[True, True, True, True, True, True, True, False, False, True, False, False, False, True, True, False, True, False, True, True, False, False, False, True, True, True, True, False, False, False, True, False, False, False, False, True, False, True, False, True]"
3,0.9927683685885841,"[True, True, True, True, True, True, True, True, True, True, False, True, False, False, False, False, False, True, True, True, False, False, True, True, True, False, True, False, True, False, True, True, True, True, True, False, False, True, False, False]"
3,0.7689073431268086,"[True, True, True, True, True, False, False, True, False, True, False, True, True, True, False, False, False, False, True, True, True, True, True, False, True, False, True, False, True, False, True, False, True, True, True, True, False, True, False, False]"
3,0.9926380704664449,"[True, True, True, True, True, True, True, True, True, True, False, False, True, True, True, True, True, False, False, True, False, True, True, True, True, False, False, True, True, True, True, True, False, False, True, True, False, False, True, False]"
3,0.507976266235907,"[True, True, True, False, True, True, True, True, False, False, True, True, True, True, False, False, False, False, False, True, True, False, True, False, False, False, True, False, True, False, True, True, True, True, True, True, True, True, False, False]"
3,0.94946668521388,"[True, True, True, True, True, True, True, False, True, False, True, False, True, True, False, True, False, False, False, False, True, False, True, True, False, False, True, True, False, False, True, False, False, False, False, False, True, False, True, False]"
3,0.9695612295410981,"[True, True, True, True, True, True, True, True, False, False, True, True, False, True, False, True, True, False, True, True, True, False, True, False, True, True, True, False, True, True, False, True, True, True, True, False, True, True, False, True]"
3,0.9297291406466427,"[True, True, True, True, True, True, True, False, False, False, True, False, False, True, False, False, False, False, True, True, True, False, True, False, False, False, True, False, False, False, True, True, True, True, False, False, False, False, True, True]"
3,0.0004478834106156527,"[False, True, True, True, False, True, True, False, False, True, True, False, False, True, True, False, True, False, True, True, True, False, True, True, False, True, True, True, False, True, False, True, False, False, False, False, False, True, True, True]"
3,0.9545102026511041,"[True, True, True, True, True, True, True, False, True, True, False, False, True, True, True, True, True, False, False, True, False, True, True, True, True, True, True, True, False, False, True, True, False, False, True, True, False, False, False, False]"
3,0.9627246486721966,"[True, True, True, True, True, True, True, True, False, False, False, False, False, True, True, True, True, False, False, False, False, False, True, True, True, True, True, False, False, False, True, False, False, False, False, True, False, False, False, True]"
3,0.8998573568546927,"[True, True, True, True, True, True, False, True, False, True, False, True, False, False, False, False, False, False, False, True, True, False, True, True, False, False, True, True, False, False, False, True, False, True, True, False, True, True, True, True]"
3,0.9621441858015761,"[True, True, True, True, True, True, True, True, False, False, False, False, False, False, True, True, True, False, False, True, False, False, True, True, True, True, True, False, False, False, True, False, False, False, True, True, False, False, False, True]"
3,0.9297298739163518,"[True, True, True, True, True, True, True, False, False, False, True, False, False, True, False, False, False, False, True, True, True, False, True, True, False, True, True, True, False, True, False, False, False, False, False, False, True, False, True, True]"
3,0.9621464883230498,"[True, True, True, True, True, True, True, True, False, False, False, False, False, False, True, True, True, False, False, True, False, True, True, True, True, True, True, False, False, False, True, False, False, False, False, True, False, False, False, True]"
3,0.0008457472457830439,"[False, True, True, True, True, True, True, False, False, False, True, False, True, True, False, False, False, False, False, True, True, False, True, True, True, True, True, True, False, False, False, False, True, True, False, True, True, False, True, True]"
3,0.9017343117900884,"[True, True, True, True, True, True, False, True, False, True, False, True, True, True, False, True, True, False, False, True, True, True, True, False, True, False, True, False, True, False, True, False, True, True, True, False, True, True, False, True]"
3,0.9668726157638812,"[True, True, True, True, True, True, True, True, False, False, True, False, False, False, True, True, True, False, False, True, False, True, True, True, False, False, True, False, False, False, True, False, False, False, False, True, True, False, False, True]"
3,0.9670371707761568,"[True, True, True, True, True, True, True, True, False, False, True, False, False, True, False, False, True, False, True, True, False, False, True, True, True, False, True, True, False, False, False, False, False, False, False, False, True, False, True, True]"
3,0.22365942290442128,"[True, True, False, True, True, True, False, False, False, True, True, False, False, True, False, False, True, False, True, True, True, False, False, True, False, False, True, True, False, True, False, False, True, False, False, False, True, False, True, True]"
3,0.0009426090040983722,"[False, True, True, True, True, True, True, True, True, False, False, False, True, True, False, False, False, False, True, True, True, True, True, True, True, False, False, False, True, False, False, True, True, True, True, False, False, True, False, False]"
3,0.9570019836149724,"[True, True, True, True, True, True, True, False, True, True, True, False, False, False, False, False, True, False, False, True, True, False, True, False, False, False, True, True, True, True, True, False, False, False, False, True, False, False, True, True]"
3,0.2560167929192246,"[True, True, False, True, True, True, True, True, False, True, True, False, False, True, False, False, False, False, True, True, True, True, True, False, True, True, True, True, False, False, True, True, False, True, True, False, True, True, True, False]"
3,0.9389690355877605,"[True, True, True, True, True, True, True, False, False, True, True, False, False, True, False, False, True, False, False, True, True, False, False, True, False, False, True, False, True, True, False, False, False, False, False, False, True, False, True, False]"
3,0.9705824021507042,"[True, True, True, True, True, True, True, True, False, False, True, True, True, True, False, False, True, False, False, True, True, False, True, True, True, False, True, False, True, False, True, True, True, False, True, True, True, True, False, True]"
3,0.9576078662876416,"[True, True, True, True, True, True, True, False, True, True, True, False, False, True, False, False, True, False, True, True, True, False, True, True, False, True, True, True, False, True, False, True, False, False, False, False, False, True, True, True]"
3,0.9383919325357398,"[True, True, True, True, True, True, True, False, False, True, True, False, False, False, False, False, True, False, False, True, True, False, False, False, False, False, True, True, False, True, True, False, False, False, False, True, False, False, False, True]"
3,0.9707303746081754,"[True, True, True, True, True, True, True, True, False, False, True, True, True, True, False, True, True, False, False, True, True, False, True, False, True, False, True, False, True, False, True, True, True, True, True, True, True, True, False, False]"
3,0.043068987038283595,"[True, False, True, True, True, False, True, False, True, True, True, False, True, False, True, True, True, False, False, True, False, True, True, True, True, False, True, True, False, False, True, True, False, False, True, True, False, False, False, False]"
3,0.0008436538351824178,"[False, True, True, True, True, True, True, False, False, False, True, False, False, True, False, False, False, False, False, True, True, False, True, False, True, True, True, True, False, False, False, False, True, True, False, False, True, False, True, True]"
3,0.9400542013845907,"[True, True, True, True, True, True, True, False, False, True, True, False, True, True, False, False, False, False, False, True, True, True, True, False, True, True, True, True, False, False, False, False, True, True, False, False, True, False, True, True]"
3,0.905981937797483,"[True, True, True, True, True, True, False, True, False, True, True, True, True, True, False, False, False, False, False, True, True, False, True, True, True, False, True, True, True, False, True, True, True, True, True, True, False, True, True, True]"
3,0.9795078535413806,"[True, True, True, True, True, True, True, True, False, True, True, True, True, False, False, False, False, True, True, True, False, False, True, False, True, False, True, False, True, False, True, True, True, True, True, False, False, True, False, False]"
3,0.8917305413850444,"[True, True, True, True, True, True, False, True, False, False, False, True, False, True, False, True, False, True, False, False, True, True, False, True, False, False, False, True, False, False, False, True, False, True, False, True, False, True, False, True]"
3,0.9800575641193792,"[True, True, True, True, True, True, True, True, False, True, True, True, True, True, False, False, False, False, False, True, True, True, True, False, False, False, False, False, True, False, True, False, True, True, True, False, False, True, True, False]"
3,0.9539249157302179,"[True, True, True, True, True, True, True, False, True, True, False, False, True, False, True, True, True, False, False, True, False, True, True, True, True, False, True, True, False, False, True, True, False, False, True, False, False, False, True, False]"
3,0.9389162541281811,"[True, True, True, True, True, True, True, False, False, True, True, False, False, True, False, False, False, False, True, True, True, False, True, True, False, True, True, True, False, True, False, False, False, False, False, False, True, True, True, True]"
3,0.0009062258376845032,"[False, True, True, True, True, True, True, True, False, False, False, False, True, False, True, True, True, True, True, True, True, False, False, False, True, True, False, False, False, False, True, False, False, False, False, True, False, True, True, True]"
3,0.9767734999251899,"[True, True, True, True, True, True, True, True, False, True, True, False, False, True, True, False, False, False, True, False, True, False, True, True, False, False, False, False, False, True, False, False, True, True, False, False, True, False, False, True]"
3,0.9308555263376873,"[True, True, True, True, True, True, True, False, False, False, True, False, True, True, False, False, False, False, False, True, True, False, True, False, True, True, True, False, False, False, False, False, True, True, False, False, True, False, True, True]"
3,0.8676571386790425,"[True, True, True, True, True, True, False, False, False, True, True, False, False, True, False, False, False, False, True, True, True, False, True, True, False, True, True, True, False, False, False, False, True, False, False, False, True, False, True, True]"
3,0.976480839774388,"[True, True, True, True, True, True, True, True, False, True, True, False, False, True, False, False, False, False, True, True, False, True, False, True, False, True, True, True, False, True, False, False, False, False, False, False, True, False, True, True]"
3,0.9389893993358371,"[True, True, True, True, True, True, True, False, False, True, True, False, False, True, False, False, True, False, True, True, True, True, False, True, False, True, False, True, False, True, False, False, False, False, False, True, True, True, True, True]"
step,fitness,genome
4,0.8490677799556527,"[True, True, True, True, True, False, True, True, True, True, False, True, True, False, False, False, False, True, True, True, False, False, True, False, True, True, True, False, True, False, True, True, True, True, True, False, False, True, False, False]"
4,0.9389162541281811,"[True, True, True, True, True, True, True, False, False, True, True, False, False, True, False, False, False, False, True, True, True, False, True, True, False, True, True, True, False, True, False, False, False, False, False, False, True, True, True, True]"
4,0.11965332809933996,"[True, True, False, False, True, True, True, True, False, False, False, False, False, True, True, True, True, False, False, True, False, False, True, True, True, True, True, False, False, False, True, False, False, False, False, True, False, True, True, True]"
4,0.9426912633615884,"[True, True, True, True, True, True, True, False, False, True, True, True, True, True, True, False, False, True, False, True, True, True, True, False, False, True, True, False, True, True, False, True, False, False, True, False, False, False, False, True]"
4,0.9657008890721891,"[True, True, True, True, True, True, True, True, False, False, False, True, True, False, True, True, True, False, True, False, True, False, True, True, True, False, True, False, True, True, True, False, False, False, False, True, False, False, True, True]"
4,0.9693912431201889,"[True, True, True, True, True, True, True, True, False, False, True, True, False, True, False, False, True, False, False, True, False, True, False, True, True, False, True, False, True, False, True, True, True, False, True, True, True, True, False, True]"
4,0.5996393065406829,"[True, True, True, True, False, False, True, True, False, False, True, True, True, True, False, False, True, False, False, True, False, False, True, True, True, False, True, False, True, False, True, True, True, False, True, True, True, True, False, True]"
4,0.9814760818431928,"[True, True, True, True, True, True, True, True, True, False, False, False, False, True, False, True, True, False, False, True, False, False, True, True, True, True, True, False, False, False, True, False, False, False, False, True, False, False, False, True]"
4,0.9671668384930383,"[True, True, True, True, True, True, True, True, False, False, True, False, False, True, False, True, True, False, False, True, False, False, True, True, True, True, True, False, False, False, True, False, False, False, False, True, False, False, False, True]"
4,0.9627246486721966,"[True, True, True, True, True, True, True, True, False, False, False, False, False, True, True, True, True, False, False, False, False, False, True, True, True, True, True, False, False, False, True, False, False, False, False, True, False, False, False, True]"
4,0.506041292912045,"[True, True, True, False, True, True, True, True, False, False, True, False, False, True, False, False, True, False, True, True, True, False, True, True, True, False, True, True, False, False, False, False, True, False, False, True, True, False, True, True]"
4,0.9297321269812475,"[True, True, True, True, True, True, True, False, False, False, True, False, False, True, False, False, False, False, True, True, True, True, True, True, False, True, True, True, True, True, False, True, False, True, False, False, True, True, True, True]"
4,0.9764820066046571,"[True, True, True, True, True, True, True, True, False, True, True, False, False, True, False, False, False, False, True, True, False, True, True, True, False, True, True, True, False, True, False, False, False, False, False, False, True, False, True, True]"
4,0.9926345178977062,"[True, True, True, True, True, True, True, True, True, True, False, False, True, True, True, True, True, False, False, True, False, False, False, True, True, False, False, True, True, True, True, True, False, False, True, True, False, False, True, False]"
4,0.9795078535056725,"[True, True, True, True, True, True, True, True, False, True, True, True, True, False, False, False, False, True, True, True, False, False, True, False, True, False, True, False, True, False, True, True, True, True, True, False, False, False, False, False]"
4,0.9354573242167676,"[True, True, True, True, True, True, True, False, False, True, False, False, True, True, False, False, False, False, True, True, False, False, True, True, False, True, True, False, True, True, False, False, False, False, False, False, True, False, True, True]"
4,0.957817485579968,"[True, True, True, True, True, True, True, False, True, True, True, False, False, True, True, False, False, False, True, False, True, False, False, True, False, False, False, True, False, True, False, True, True, True, False, False, True, False, True, True]"
4,0.0004489763789248285,"[False, True, True, True, False, True, True, False, False, True, True, False, True, True, True, False, False, False, False, True, True, True, True, False, True, True, True, True, False, False, False, False, True, True, False, False, True, False, True, True]"
4,0.9720033918474107,"[True, True, True, True, True, True, True, True, False, True, False, False, False, True, True, False, False, False, True, False, True, False, True, True, False, False, False, False, False, True, False, False, True, True, False, False, True, False, False, True]"
4,0.9707303746081754,"[True, True, True, True, True, True, True, True, False, False, True, True, True, True, False, True, True, False, False, True, True, False, True, False, True, False, True, False, True, False, True, True, True, True, True, True, True, True, False, False]"
4,0.25164539618623993,"[True, True, False, True, True, True, True, True, False, False, False, False, False, False, False, True, True, True, False, True, False, True, True, True, False, False, True, False, True, False, True, False, False, False, True, True, True, True, False, True]"
4,0.9695612020495691,"[True, True, True, True, True, True, True, True, False, False, True, True, False, True, False, True, True, False, True, True, True, False, True, False, True, True, True, False, False, False, False, True, True, True, False, False, True, False, False, True]"
4,0.896739758602828,"[True, True, True, True, True, True, False, True, False, False, True, True, True, False, False, True, True, False, False, True, True, False, True, False, True, False, True, False, True, False, True, True, True, True, True, True, True, True, False, False]"
4,0.9897642740585102,"[True, True, True, True, True, True, True, True, True, False, True, True, True, True, False, False, True, False, False, True, True, False, True, True, True, False, True, False, True, True, True, True, True, False, True, False, False, True, False, True]"
4,0.9680907321595562,"[True, True, True, True, True, True, True, True, False, False, True, False, True, False, True, True, True, True, False, True, False, False, False, False, True, False, False, False, False, False, True, True, False, False, False, True, False, True, True, True]"
4,0.9627244326674922,"[True, True, True, True, True, True, True, True, False, False, False, False, False, True, True, True, True, False, False, False, False, False, True, True, True, False, False, False, False, False, True, False, False, False, False, True, False, False, False, True]"
4,0.6999806116227357,"[True, True, True, True, False, True, True, True, False, False, False, False, False, True, True, True, True, False, False, False, False, False, True, True, True, True, True, False, False, False, True, False, False, False, False, True, False, False, False, True]"
4,0.8365090878817436,"[True, True, True, True, True, False, True, True, False, True, True, True, True, False, False, False, False, True, True, True, False, False, True, False, False, False, True, False, True, False, True, True, True, False, True, False, False, True, False, False]"
4,0.0009168028376441265,"[False, True, True, True, True, True, True, True, False, False, True, True, False, False, False, True, True, False, True, True, True, False, True, True, True, True, True, False, True, True, False, True, True, True, True, False, True, True, False, True]"
4,0.9922064655538351,"[True, True, True, True, True, True, True, True, True, True, False, False, True, True, False, False, True, False, True, True, True, True, True, False, True, False, False, False, True, False, False, False, True, True, True, False, False, True, False, False]"
4,0.9705824021507042,"[True, True, True, True, True, True, True, True, False, False, True, True, True, True, False, False, True, False, False, True, True, False, True, True, True, False, True, False, True, False, True, True, True, False, True, True, True, True, False, True]"
4,0.9920502760811549,"[True, True, True, True, True, True, True, True, True, True, False, False, True, False, True, True, True, False, True, True, False, True, True, False, True, False, False, True, True, True, True, True, False, False, True, True, False, False, True, False]"
4,0.9961983890260276,"[True, True, True, True, True, True, True, True, True, True, True, False, False, True, True, True, False, False, False, False, True, False, True, True, False, False, False, False, False, True, False, False, True, False, False, False, True, False, False, True]"
4,0.9631955014696437,"[True, True, True, True, True, True, True, True, False, False, False, False, True, False, True, False, True, False, True, True, False, True, False, True, False, False, True, False, False, False, True, True, False, True, False, True, True, False, True, True]"
4,0.9645302692812638,"[True, True, True, True, True, True, True, True, False, False, False, True, False, False, True, True, True, False, True, True, True, True, True, True, True, True, True, False, True, True, True, False, False, False, False, True, False, False, True, True]"
4,0.9346664389802429,"[True, True, True, True, True, True, True, False, False, True, False, False, False, True, True, False, True, False, True, True, False, False, False, True, True, True, True, False, False, False, True, False, False, False, False, True, False, True, False, True]"
4,0.0007992957688358573,"[False, True, True, True, True, True, False, True, False, True, True, True, False, True, True, False, False, False, True, False, True, False, False, True, False, True, True, False, True, True, False, True, True, True, False, False, True, False, True, True]"
4,0.932233831145693,"[True, True, True, True, True, True, True, False, False, False, True, True, False, True, False, True, True, False, True, True, True, False, True, True, True, False, True, False, True, True, False, True, True, True, True, False, True, True, False, True]"
4,0.9635329056509386,"[True, True, True, True, True, True, True, True, False, False, False, False, True, True, False, False, True, True, True, True, True, True, True, False, True, False, False, False, True, False, True, True, True, True, True, False, False, True, False, False]"
4,0.053587786743278396,"[True, False, True, True, True, True, True, True, False, False, False, False, True, True, False, False, True, False, True, True, True, True, True, False, True, False, False, False, True, False, False, True, True, True, True, False, False, True, False, False]"
4,0.9389871821921568,"[True, True, True, True, True, True, True, False, False, True, True, False, False, True, False, False, True, False, True, True, True, False, False, True, False, True, True, False, False, True, False, False, False, True, False, True, True, False, True, True]"
4,0.9636189938831776,"[True, True, True, True, True, True, True, True, False, False, False, False, True, True, False, True, True, False, False, True, False, False, True, True, True, True, True, False, False, False, True, False, False, False, False, True, False, False, False, True]"
4,0.04524893595238272,"[True, False, True, True, True, False, True, True, True, True, False, True, True, False, False, False, False, True, True, True, False, False, True, False, True, True, True, False, False, False, False, True, False, True, True, False, False, True, False, False]"
4,0.8971548383571465,"[True, True, True, True, True, True, False, True, False, False, True, True, True, True, False, False, True, False, False, True, True, False, True, False, True, False, True, False, True, False, True, True, True, True, True, True, True, True, False, False]"
4,0.9811742088325786,"[True, True, True, True, True, True, True, True, True, False, False, False, False, False, True, True, True, False, False, True, False, False, False, False, True, True, False, False, False, False, True, False, False, False, False, True, False, True, True, True]"
4,0.9424860389360878,"[True, True, True, True, True, True, True, False, False, True, True, True, True, True, False, False, True, True, True, True, False, False, True, True, False, True, False, False, True, True, False, False, True, False, False, False, False, True, True, True]"
4,0.9699692581512669,"[True, True, True, True, True, True, True, True, False, False, True, True, True, False, False, False, False, True, True, True, True, False, True, False, True, False, True, False, True, False, True, False, True, False, True, False, True, True, False, False]"
4,0.7058784009715258,"[True, True, True, True, False, True, True, True, False, False, True, True, True, True, False, False, True, False, False, True, True, False, False, False, True, True, True, True, True, False, True, True, True, True, True, True, True, True, False, True]"
4,0.9627246486721966,"[True, True, True, True, True, True, True, True, False, False, False, False, False, True, True, True, True, False, False, False, False, False, True, True, True, True, True, False, False, False, True, False, False, False, False, True, False, False, False, True]"
4,0.9695612295410981,"[True, True, True, True, True, True, True, True, False, False, True, True, False, True, False, True, True, False, True, True, True, False, True, False, True, True, True, False, True, True, False, True, True, True, True, False, True, True, False, True]"
4,0.9945884763842079,"[True, True, True, True, True, True, True, True, True, True, False, True, True, True, False, False, False, True, True, True, False, False, True, False, True, True, False, False, True, False, False, False, True, True, True, False, False, True, False, False]"
4,0.9250761879000974,"[True, True, True, True, True, True, True, False, False, False, False, False, False, False, True, True, True, False, False, True, False, True, True, True, True, True, True, False, False, False, True, False, False, False, False, True, False, False, False, True]"
4,0.9026507633599091,"[True, True, True, True, True, True, False, True, False, True, True, False, False, True, False, False, False, False, True, True, False, True, False, True, False, True, True, True, False, True, False, False, False, True, False, False, True, False, True, True]"
4,0.8671687794430201,"[True, True, True, True, True, True, False, False, False, True, True, False, False, False, False, False, True, False, False, True, True, False, False, False, False, False, True, True, False, True, True, False, False, False, True, True, False, False, False, True]"
4,0.9926285969752371,"[True, True, True, True, True, True, True, True, True, True, False, False, True, True, True, True, True, False, False, False, False, True, True, True, True, False, False, True, True, True, True, True, False, False, True, True, False, False, True, False]"
4,0.9788729940458966,"[True, True, True, True, True, True, True, True, False, True, True, True, False, True, False, False, False, False, True, True, False, True, False, True, False, False, True, True, False, True, False, False, False, False, False, False, True, False, True, True]"
4,0.9297298657393798,"[True, True, True, True, True, True, True, False, False, False, True, False, False, True, False, False, False, False, True, True, True, False, True, True, False, True, True, True, False, False, False, False, False, True, False, False, True, False, True, True]"
4,0.9926380704664449,"[True, True, True, True, True, True, True, True, True, True, False, False, True, True, True, True, True, False, False, True, False, True, True, True, True, False, False, True, True, True, True, True, False, False, True, True, False, False, True, False]"
4,0.9940572293595481,"[True, True, True, True, True, True, True, True, True, True, False, True, True, False, False, False, True, True, True, True, False, False, True, False, True, True, True, False, True, False, True, True, True, True, True, False, False, True, False, False]"
4,0.9389151277420607,"[True, True, True, True, True, True, True, False, False, True, True, False, False, True, False, False, False, False, True, True, True, False, False, True, False, True, True, True, False, True, False, False, False, False, False, False, True, False, True, True]"
4,0.0009002245235787447,"[False, True, True, True, True, True, True, False, True, True, True, True, False, True, True, False, False, True, False, True, True, True, True, False, False, True, True, False, True, True, False, True, False, False, True, False, False, True, True, True]"
4,0.9801684332552996,"[True, True, True, True, True, True, True, True, False, True, True, True, True, True, False, False, True, True, False, True, True, False, True, True, False, True, True, True, False, False, False, True, True, False, False, False, False, True, True, True]"
4,0.9694106928539064,"[True, True, True, True, True, True, True, True, False, False, True, True, False, True, False, False, True, False, True, True, False, True, True, True, False, False, True, True, True, False, True, False, False, True, False, False, False, True, True, True]"
4,0.9776798634532365,"[True, True, True, True, True, True, True, True, False, True, True, False, True, True, False, False, False, False, True, True, True, False, True, True, True, False, False, False, False, False, False, False, False, False, True, False, True, False, True, False]"
4,0.9933749129608306,"[True, True, True, True, True, True, True, True, True, True, False, True, False, True, False, False, False, True, True, True, False, False, True, True, True, False, True, False, True, False, True, True, True, True, True, False, False, True, False, True]"
4,0.9706032910350835,"[True, True, True, True, True, True, True, True, False, False, True, True, True, True, False, False, True, False, True, True, True, True, True, True, True, False, True, False, True, False, True, True, True, False, True, True, True, False, False, True]"
4,0.05482891846890657,"[True, False, True, True, True, True, True, True, False, True, True, True, True, True, False, False, True, True, False, True, True, False, True, True, False, True, False, True, True, True, False, True, True, False, False, False, False, True, True, True]"
4,0.0008675346516721864,"[False, True, True, True, True, True, True, False, False, True, True, True, True, True, True, False, False, True, False, True, True, True, True, False, False, True, True, False, False, True, False, True, False, False, True, False, False, True, True, True]"
4,0.9794565127328019,"[True, True, True, True, True, True, True, True, False, True, True, True, True, False, False, False, False, False, False, True, True, False, True, False, True, True, True, False, True, False, False, True, True, True, True, False, False, True, False, True]"
4,0.49100446211692167,"[True, True, True, False, True, True, True, False, False, True, True, False, True, True, False, False, False, True, False, True, False, True, True, False, True, False, True, True, False, True, True, False, True, True, False, False, True, False, True, False]"
4,0.9394748026742961,"[True, True, True, True, True, True, True, False, False, True, True, False, True, False, False, False, False, False, False, True, True, False, True, False, True, True, True, True, True, False, False, False, True, False, False, False, True, True, True, True]"
4,0.9539249154512764,"[True, True, True, True, True, True, True, False, True, True, False, False, True, False, True, True, True, False, False, True, False, True, True, True, True, False, True, True, False, False, True, True, False, False, False, False, False, False, True, False]"
4,0.9325102942044826,"[True, True, True, True, True, True, True, False, False, False, True, True, False, True, True, True, True, False, True, False, True, False, False, True, True, False, True, False, True, True, False, True, True, True, False, True, True, False, False, True]"
4,0.9794560786226627,"[True, True, True, True, True, True, True, True, False, True, True, True, True, False, False, False, False, False, False, True, True, False, True, False, False, False, True, False, True, False, True, True, True, True, True, False, True, True, True, False]"
4,0.17475312632630513,"[True, True, False, True, False, True, True, True, False, False, False, False, False, True, False, True, True, False, False, True, False, False, True, True, True, False, True, False, False, False, True, False, False, False, False, True, False, False, True, True]"
4,0.944606556256535,"[True, True, True, True, True, True, True, False, True, False, False, False, True, False, True, True, True, False, False, True, False, True, True, True, True, True, True, True, False, False, True, True, False, False, True, False, False, False, False, False]"
4,0.9626224485137058,"[True, True, True, True, True, True, True, True, False, False, False, False, False, True, True, False, True, True, False, True, False, False, True, False, False, True, True, True, False, False, True, False, True, False, False, True, True, False, False, True]"
4,0.9707305185640409,"[True, True, True, True, True, True, True, True, False, False, True, True, True, True, False, True, True, False, False, True, True, False, True, False, True, True, True, False, True, False, True, True, False, True, True, True, True, True, False, True]"
4,0.0008059879599854858,"[False, True, True, True, True, True, False, True, True, False, False, True, False, False, False, False, True, True, True, True, False, False, True, True, True, True, False, False, True, False, True, True, True, True, True, False, False, True, False, False]"
4,0.9634960091228792,"[True, True, True, True, True, True, True, True, False, False, False, False, True, True, False, False, True, False, True, True, True, True, True, False, True, False, False, False, True, False, False, True, True, True, True, False, False, True, False, False]"
4,0.957001974732877,"[True, True, True, True, True, True, True, False, True, True, True, False, False, False, False, False, True, False, False, True, True, False, True, False, False, False, True, True, True, False, True, False, False, False, False, True, True, False, True, True]"
4,0.7059897989523585,"[True, True, True, True, False, True, True, True, False, False, True, True, True, True, False, True, True, False, False, True, True, False, False, False, True, False, True, False, True, False, True, True, True, True, True, True, True, True, False, False]"
4,0.9354573242510272,"[True, True, True, True, True, True, True, False, False, True, False, False, True, True, False, False, False, False, True, True, False, False, True, True, False, True, True, False, True, True, False, False, False, False, False, False, True, True, True, True]"
4,0.9389793330474123,"[True, True, True, True, True, True, True, False, False, True, True, False, False, True, False, False, True, False, True, False, True, False, True, True, False, True, True, True, False, True, False, False, True, False, True, False, False, True, False, False]"
4,0.9947621842376599,"[True, True, True, True, True, True, True, True, True, True, False, True, True, True, False, True, True, False, False, True, False, True, True, True, True, False, False, True, True, True, True, True, False, False, True, True, False, False, True, False]"
4,0.9148595447082682,"[True, True, True, True, True, True, False, True, True, False, True, True, True, False, True, True, False, True, True, False, True, False, True, False, True, False, True, False, True, False, True, False, True, False, True, False, True, False, False, False]"
4,0.9359358754190746,"[True, True, True, True, True, True, True, False, False, True, False, False, True, True, True, True, True, False, False, False, False, True, True, True, True, True, False, False, True, False, True, False, False, False, False, True, False, False, False, True]"
4,0.9815509590153265,"[True, True, True, True, True, True, True, True, True, False, False, False, False, True, True, False, False, False, False, True, False, False, True, True, True, False, True, False, False, False, True, False, False, False, True, True, False, False, True, True]"
4,0.051775207853060674,"[True, False, True, True, True, True, True, False, False, True, True, False, False, True, False, False, True, False, True, True, True, True, False, True, False, True, False, True, True, True, False, False, False, False, False, True, True, True, True, True]"
4,0.9801695125821799,"[True, True, True, True, True, True, True, True, False, True, True, True, True, True, False, False, True, True, False, True, True, True, False, True, False, True, False, False, True, False, False, True, True, False, False, False, False, True, True, True]"
4,0.9621453369211411,"[True, True, True, True, True, True, True, True, False, False, False, False, False, False, True, True, True, False, False, True, False, True, False, True, True, True, True, False, False, False, True, False, False, False, False, True, False, False, False, True]"
4,0.9354571840266687,"[True, True, True, True, True, True, True, False, False, True, False, False, True, True, False, False, False, False, True, True, False, False, True, True, False, False, True, False, True, True, False, False, False, False, False, True, True, False, True, True]"
4,0.9707293590455596,"[True, True, True, True, True, True, True, True, False, False, True, True, True, True, False, True, True, False, False, True, True, False, False, False, True, True, True, False, True, False, True, True, True, True, True, True, True, True, False, False]"
4,0.9059819377891614,"[True, True, True, True, True, True, False, True, False, True, True, True, True, True, False, False, False, False, False, True, True, False, True, True, True, False, True, True, True, False, True, True, True, True, True, True, False, True, True, False]"
4,0.9695635484558636,"[True, True, True, True, True, True, True, True, False, False, True, True, False, True, False, True, True, False, True, True, True, True, True, False, True, True, True, False, True, True, False, True, True, True, True, True, True, True, False, True]"
4,0.9403217664468454,"[True, True, True, True, True, True, True, False, False, True, True, False, True, True, False, True, True, True, True, True, True, False, False, True, False, True, True, True, False, True, True, False, False, True, False, True, True, False, False, True]"
4,0.9817668262811834,"[True, True, True, True, True, True, True, True, True, False, False, False, False, True, True, True, True, False, False, False, False, False, True, True, True, True, True, False, False, False, True, False, False, False, False, True, False, False, False, True]"
4,0.008140922367947695,"[True, False, False, True, True, True, True, False, False, False, True, True, True, True, False, False, True, False, False, True, True, False, True, False, True, True, True, True, True, False, True, True, True, True, True, True, True, True, False, False]"
4,0.837987615804617,"[True, True, True, True, True, False, True, True, True, False, False, False, False, False, True, True, True, True, False, True, False, False, False, False, True, True, False, False, False, False, True, False, False, False, False, False, False, True, True, True]"
4,0.9824124123419112,"[True, True, True, True, True, True, True, True, True, False, False, False, True, False, True, True, True, True, False, True, False, False, False, False, True, True, False, False, False, False, True, False, False, False, False, True, False, True, True, True]"
step,fitness,genome
5,0.9926309653765488,"[True, True, True, True, True, True, True, True, True, True, False, False, True, True, True, True, True, False, False, False, True, False, True, True, True, False, False, True, True, True, True, True, False, False, True, True, False, True, True, False]"
5,0.7112107159571798,"[True, True, True, True, False, True, True, True, False, True, True, False, True, True, False, False, False, False, True, True, True, True, True, True, True, False, False, False, False, False, False, False, False, False, False, False, True, False, True, False]"
5,0.9150471732258636,"[True, True, True, True, True, True, False, True, True, False, True, True, True, True, False, False, True, False, True, True, True, True, True, True, True, False, True, False, True, False, True, True, True, False, True, True, True, False, False, True]"
5,0.2539392260226892,"[True, True, False, True, True, True, True, True, False, False, True, True, False, True, False, True, True, False, True, False, True, False, True, False, True, True, True, False, False, False, False, True, True, False, False, False, True, False, False, True]"
5,0.970603299534889,"[True, True, True, True, True, True, True, True, False, False, True, True, True, True, False, False, True, False, True, True, True, True, True, True, True, False, True, False, True, True, True, True, False, True, True, True, True, False, False, True]"
5,0.9625771996090413,"[True, True, True, True, True, True, True, True, False, False, False, False, False, True, True, False, True, False, False, False, False, False, True, True, True, True, True, False, False, False, True, False, False, False, False, True, False, False, False, True]"
5,0.9974890883725959,"[True, True, True, True, True, True, True, True, True, True, True, False, True, True, True, True, True, False, False, False, False, True, True, False, True, False, False, True, True, True, True, True, False, False, True, True, False, False, True, False]"
5,0.9811742088325786,"[True, True, True, True, True, True, True, True, True, False, False, False, False, False, True, True, True, False, False, True, False, False, False, False, True, True, False, False, False, False, True, False, False, False, False, True, False, True, True, True]"
5,0.9795078535056725,"[True, True, True, True, True, True, True, True, False, True, True, True, True, False, False, False, False, True, True, True, False, False, True, False, True, False, True, False, True, False, True, True, True, True, True, False, False, False, False, False]"
5,0.9791209846672513,"[True, True, True, True, True, True, True, True, False, True, True, True, False, True, False, True, True, True, False, True, True, True, False, True, False, True, False, False, True, False, False, True, True, False, False, False, True, True, True, True]"
5,0.9801695102865369,"[True, True, True, True, True, True, True, True, False, True, True, True, True, True, False, False, True, True, False, True, True, True, False, True, False, True, False, False, True, False, False, False, True, False, False, False, False, True, True, False]"
5,0.0009743141421156885,"[False, True, True, True, True, True, True, True, True, True, True, True, True, False, False, False, False, True, True, True, False, False, True, False, True, False, True, False, True, False, True, True, True, True, True, False, False, False, True, False]"
5,0.9671666941744472,"[True, True, True, True, True, True, True, True, False, False, True, False, False, True, False, True, True, False, False, True, False, False, True, True, True, False, True, False, False, False, True, False, False, False, True, True, False, False, False, True]"
5,0.9788706552445201,"[True, True, True, True, True, True, True, True, False, True, True, True, False, True, False, False, False, False, True, True, False, False, False, True, False, False, True, True, False, True, False, False, False, False, False, False, True, False, True, True]"
5,0.9073735238226154,"[True, True, True, True, True, True, False, True, True, False, False, False, False, True, True, False, False, False, False, True, False, False, False, True, True, False, True, False, False, False, False, True, False, False, True, True, False, False, True, True]"
5,0.7224365522756623,"[True, True, True, True, False, True, True, True, True, True, False, False, True, True, True, True, True, False, False, False, False, True, False, True, True, False, False, True, True, True, True, True, False, False, True, True, False, True, True, False]"
5,0.9935478999528579,"[True, True, True, True, True, True, True, True, True, True, False, True, False, True, False, True, True, False, False, True, False, True, True, True, True, False, False, True, True, True, False, True, False, False, True, True, False, False, True, False]"
5,0.9976294757581271,"[True, True, True, True, True, True, True, True, True, True, True, True, False, False, False, False, False, True, True, True, False, False, True, False, True, False, True, False, True, False, True, True, True, True, True, False, False, False, False, False]"
5,0.000969150185594649,"[False, True, True, True, True, True, True, True, True, True, True, False, False, True, True, True, False, False, False, False, True, False, True, True, False, False, False, False, False, True, False, False, True, False, False, False, True, False, True, True]"
5,0.2614491263929821,"[True, True, False, True, True, True, True, True, True, True, False, True, True, True, False, False, False, True, True, True, False, False, True, False, True, True, False, False, True, False, False, False, True, True, True, False, False, True, False, False]"
5,0.9788731401497749,"[True, True, True, True, True, True, True, True, False, True, True, True, False, True, False, False, False, False, True, True, False, True, False, True, False, True, True, True, False, True, False, False, False, False, False, False, False, False, True, True]"
5,0.9801648341252087,"[True, True, True, True, True, True, True, True, False, True, True, True, True, True, False, False, True, True, False, True, False, True, False, True, False, True, False, False, True, False, True, True, True, False, False, True, False, True, True, True]"
5,0.9789294080986233,"[True, True, True, True, True, True, True, True, False, True, True, True, False, True, False, False, True, False, False, True, False, True, False, True, True, False, True, False, True, True, True, True, False, False, True, True, False, True, False, False]"
5,0.0008963167834041651,"[False, True, True, True, True, True, True, False, True, True, True, False, True, False, False, False, False, False, True, True, True, False, True, True, True, False, False, False, False, False, False, False, False, False, True, False, True, False, True, False]"
5,0.9848612487118064,"[True, True, True, True, True, True, True, True, True, False, False, True, True, True, False, False, False, False, False, True, True, False, True, False, True, False, True, False, True, True, True, True, True, False, True, False, False, True, False, True]"
5,0.9794752331485763,"[True, True, True, True, True, True, True, True, False, True, True, True, True, False, False, False, False, False, True, True, True, False, True, False, True, True, True, False, True, False, False, True, True, True, False, False, True, True, False, True]"
5,0.9865800432448304,"[True, True, True, True, True, True, True, True, True, False, True, False, False, True, True, True, True, False, False, False, False, False, True, True, True, True, True, False, True, False, True, False, False, False, False, True, False, False, False, True]"
5,0.2604969611106157,"[True, True, False, True, True, True, True, True, True, True, False, False, False, True, True, True, True, False, False, False, True, False, True, True, False, False, False, False, False, True, True, False, True, False, False, False, True, False, False, True]"
5,0.996198389062283,"[True, True, True, True, True, True, True, True, True, True, True, False, False, True, True, True, False, False, False, False, True, False, True, True, False, False, False, False, False, True, False, False, True, False, False, False, True, True, False, True]"
5,0.9945695049229015,"[True, True, True, True, True, True, True, True, True, True, False, True, True, True, False, False, False, True, False, True, False, False, True, False, True, True, False, False, True, True, False, False, True, True, False, False, False, False, False, False]"
5,0.9767854256253172,"[True, True, True, True, True, True, True, True, False, True, True, False, False, True, True, False, False, False, True, True, True, True, True, True, False, True, True, True, False, True, False, False, False, True, False, False, True, False, True, True]"
5,0.5996332820114522,"[True, True, True, True, False, False, True, True, False, False, True, True, True, True, False, False, True, False, False, False, False, False, True, True, True, False, True, False, False, True, True, True, True, False, True, True, True, True, False, True]"
5,0.7965822525060487,"[True, True, True, True, True, False, True, False, False, False, True, True, True, True, True, False, False, True, False, True, True, True, True, False, False, True, True, False, True, False, False, True, False, False, True, True, True, False, False, True]"
5,0.9794565127328019,"[True, True, True, True, True, True, True, True, False, True, True, True, True, False, False, False, False, False, False, True, True, False, True, False, True, True, True, False, True, False, False, True, True, True, True, False, False, True, False, True]"
5,0.9926345179067408,"[True, True, True, True, True, True, True, True, True, True, False, False, True, True, True, True, True, False, False, True, False, False, False, True, True, False, False, True, True, True, True, True, False, False, True, True, False, False, True, True]"
5,0.9814760818431928,"[True, True, True, True, True, True, True, True, True, False, False, False, False, True, False, True, True, False, False, True, False, False, True, True, True, True, True, False, False, False, True, False, False, False, False, True, False, False, False, True]"
5,0.9865088564882148,"[True, True, True, True, True, True, True, True, True, False, True, False, False, True, True, True, False, False, False, False, True, False, True, True, False, False, False, False, False, True, False, False, True, False, False, False, True, False, False, True]"
5,0.9908165942015678,"[True, True, True, True, True, True, True, True, True, True, False, False, False, False, True, True, True, False, False, True, False, False, False, False, True, True, False, False, False, False, True, False, False, False, False, True, False, True, True, True]"
5,0.2581828746982913,"[True, True, False, True, True, True, True, True, True, False, False, True, False, True, False, False, False, True, True, True, False, False, True, False, True, False, True, False, True, False, True, True, True, True, True, False, False, True, False, True]"
5,0.9860618188702602,"[True, True, True, True, True, True, True, True, True, False, True, False, False, True, False, False, False, False, False, True, False, False, True, True, True, False, True, False, False, False, True, False, False, False, True, False, False, False, True, True]"
5,0.9961985375277168,"[True, True, True, True, True, True, True, True, True, True, True, False, False, True, True, True, False, False, False, False, True, False, True, True, False, True, False, False, False, True, False, False, True, False, False, False, True, False, False, True]"
5,0.25690710995914645,"[True, True, False, True, True, True, True, True, False, True, True, True, True, False, False, False, False, False, False, True, True, False, True, False, False, False, True, True, True, False, True, True, True, True, True, False, True, True, True, False]"
5,0.9544994363392784,"[True, True, True, True, True, True, True, False, True, True, False, False, True, True, True, True, True, False, False, False, False, True, False, True, False, False, False, True, True, True, False, True, False, False, True, True, False, False, True, False]"
5,0.9788729946168936,"[True, True, True, True, True, True, True, True, False, True, True, True, False, True, False, False, False, False, True, True, False, True, False, True, False, False, True, True, False, True, False, False, False, True, False, False, True, False, True, True]"
5,0.9945889965517193,"[True, True, True, True, True, True, True, True, True, True, False, True, True, True, False, False, False, True, True, True, False, False, True, True, True, False, True, False, True, False, False, True, False, True, True, False, False, True, False, True]"
5,0.9695635483143368,"[True, True, True, True, True, True, True, True, False, False, True, True, False, True, False, True, True, False, True, True, True, True, True, False, True, True, True, False, True, True, False, True, True, True, True, False, True, True, False, True]"
5,0.9933749131054818,"[True, True, True, True, True, True, True, True, True, True, False, True, False, True, False, False, False, True, True, True, False, False, True, True, True, False, True, False, True, False, True, True, True, True, True, True, False, True, False, True]"
5,0.9636096258938771,"[True, True, True, True, True, True, True, True, False, False, False, False, True, True, False, True, True, False, False, False, False, False, True, True, True, False, True, False, False, False, True, False, False, False, False, True, False, False, False, True]"
5,0.9946644014018137,"[True, True, True, True, True, True, True, True, True, True, False, True, True, True, False, False, True, True, True, True, False, False, True, False, True, True, False, False, True, False, False, False, True, True, True, True, False, True, False, False]"
5,0.49352454616566105,"[True, True, True, False, True, True, True, False, True, False, False, False, True, False, True, True, True, False, False, True, False, True, True, True, True, True, True, True, False, False, True, True, False, False, True, False, False, False, False, False]"
5,0.9794560785512498,"[True, True, True, True, True, True, True, True, False, True, True, True, True, False, False, False, False, False, False, True, True, False, True, False, False, False, True, False, True, False, True, True, True, True, True, False, False, True, True, False]"
5,0.9781788356395915,"[True, True, True, True, True, True, True, True, False, True, True, False, True, True, True, True, True, False, False, True, False, False, False, True, True, False, False, True, True, True, True, True, False, False, True, True, False, False, True, False]"
5,0.8384692461436835,"[True, True, True, True, True, False, True, True, True, False, False, False, False, True, True, True, True, False, False, False, False, False, True, True, True, True, True, False, False, False, True, False, False, False, True, True, False, False, False, True]"
5,0.9897642741305992,"[True, True, True, True, True, True, True, True, True, False, True, True, True, True, False, False, True, False, False, True, True, False, True, True, True, False, True, False, True, True, True, True, True, False, True, False, True, True, False, True]"
5,0.9945884763842079,"[True, True, True, True, True, True, True, True, True, True, False, True, True, True, False, False, False, True, True, True, False, False, True, False, True, True, False, False, True, False, False, False, True, True, True, False, False, True, False, False]"
5,0.8277497540272892,"[True, True, True, True, True, False, True, True, False, False, True, True, False, True, False, False, True, False, True, True, False, True, True, True, False, False, True, True, True, False, True, False, False, True, False, False, False, True, True, True]"
5,0.9700575556103307,"[True, True, True, True, True, True, True, True, False, False, True, True, True, False, False, True, False, False, False, True, False, False, True, False, True, True, True, False, True, False, True, True, True, False, True, False, False, True, False, True]"
5,0.9994825604678269,"[True, True, True, True, True, True, True, True, True, True, True, True, True, True, False, False, True, False, False, True, True, False, True, True, True, False, True, False, True, True, False, True, True, False, True, False, False, True, False, True]"
5,0.994762183957046,"[True, True, True, True, True, True, True, True, True, True, False, True, True, True, False, True, True, False, False, True, False, True, True, True, True, False, False, True, True, True, True, True, False, False, False, True, False, False, True, True]"
5,0.9926357020860143,"[True, True, True, True, True, True, True, True, True, True, False, False, True, True, True, True, True, False, False, True, False, False, True, True, True, False, False, True, True, True, True, True, False, False, True, True, False, False, True, False]"
5,0.9824129989454488,"[True, True, True, True, True, True, True, True, True, False, False, False, True, False, True, True, True, True, False, True, False, False, False, True, True, True, False, False, False, False, True, False, False, False, False, True, False, True, True, True]"
5,0.25212091720695706,"[True, True, False, True, True, True, True, True, False, False, False, False, True, True, False, False, True, False, False, True, True, True, True, False, True, False, False, False, True, False, False, True, True, True, True, False, False, True, False, False]"
5,0.9753710725554908,"[True, True, True, True, True, True, True, True, False, True, False, True, True, True, False, False, True, True, False, False, False, True, True, False, False, True, False, False, True, False, False, True, True, False, False, True, False, False, True, True]"
5,0.9969130463518128,"[True, True, True, True, True, True, True, True, True, True, True, False, True, False, True, True, True, False, True, True, True, True, False, True, True, False, True, True, True, True, True, False, False, False, True, False, False, False, True, False]"
5,0.9665932154164695,"[True, True, True, True, True, True, True, True, False, False, True, False, False, False, False, True, True, False, True, True, False, False, True, True, True, True, True, False, False, False, True, False, False, True, False, True, True, False, False, True]"
5,0.9740750290088448,"[True, True, True, True, True, True, True, True, False, True, False, True, False, True, False, False, False, False, False, True, False, True, False, True, False, False, True, True, False, True, False, False, False, False, False, False, True, False, True, True]"
5,0.9730184667287869,"[True, True, True, True, True, True, True, True, False, True, False, False, True, True, False, False, True, True, True, True, True, True, False, True, False, True, False, False, True, False, True, True, True, False, False, False, False, True, True, True]"
5,0.8201846929116335,"[True, True, True, True, True, False, True, False, True, True, True, True, True, False, False, True, True, False, True, True, False, False, True, False, True, True, True, False, True, False, False, True, True, True, True, False, False, True, False, False]"
5,0.9801590669381373,"[True, True, True, True, True, True, True, True, False, True, True, True, True, True, False, False, True, True, False, False, True, False, True, True, False, True, True, True, False, False, False, True, True, False, False, False, False, True, True, True]"
5,0.9815509590153265,"[True, True, True, True, True, True, True, True, True, False, False, False, False, True, True, False, False, False, False, True, False, False, True, True, True, False, True, False, False, False, True, False, False, False, True, True, False, False, True, True]"
5,0.932090172146236,"[True, True, True, True, True, True, True, False, False, False, True, True, False, True, False, False, True, False, True, True, True, False, True, False, True, True, True, False, True, True, False, True, True, True, True, False, True, True, False, False]"
5,0.9801695125821799,"[True, True, True, True, True, True, True, True, False, True, True, True, True, True, False, False, True, True, False, True, True, True, False, True, False, True, False, False, True, False, False, True, True, False, False, False, False, True, True, True]"
5,0.9812035426019864,"[True, True, True, True, True, True, True, True, True, False, False, False, False, False, True, True, True, True, False, False, False, False, True, False, True, True, False, True, False, False, True, False, False, False, False, False, False, True, True, True]"
5,0.9815509773322147,"[True, True, True, True, True, True, True, True, True, False, False, False, False, True, True, False, False, False, False, True, False, False, True, True, True, False, True, False, True, False, True, False, False, False, True, True, False, False, True, True]"
5,0.9707676666024874,"[True, True, True, True, True, True, True, True, False, False, True, True, True, True, False, True, True, True, False, True, True, False, True, False, True, True, True, False, True, True, True, False, False, True, True, True, True, True, False, True]"
5,0.000961394178177062,"[False, True, True, True, True, True, True, True, True, True, False, False, True, True, False, False, True, False, True, True, True, True, True, False, True, False, False, False, True, False, False, False, True, True, False, False, False, True, False, False]"
5,0.25190667120227056,"[True, True, False, True, True, True, True, True, False, False, False, False, False, True, True, True, True, True, False, False, False, False, True, True, True, True, True, False, False, False, True, False, False, False, False, True, False, False, False, True]"
5,0.994588161277197,"[True, True, True, True, True, True, True, True, True, True, False, True, True, True, False, False, False, True, True, True, False, False, True, False, False, True, False, False, False, False, False, False, True, True, True, False, False, True, False, False]"
5,0.0009412435583708612,"[False, True, True, True, True, True, True, True, True, False, False, False, False, True, True, True, True, False, False, False, False, False, True, True, True, True, True, False, False, False, True, False, False, False, False, True, False, False, False, True]"
5,0.8676549168664056,"[True, True, True, True, True, True, False, False, False, True, True, False, False, True, False, False, False, False, True, True, False, True, True, True, False, False, True, True, False, True, False, False, False, False, True, True, True, False, True, True]"
5,0.5223339983840734,"[True, True, True, False, True, True, True, True, True, True, True, False, False, True, True, True, False, False, False, False, True, False, True, True, False, False, False, False, False, False, False, False, True, False, False, False, True, False, False, True]"
5,0.0008547163565462175,"[False, True, True, True, True, True, True, False, False, True, False, False, True, True, True, False, False, False, True, True, False, False, True, True, False, True, True, False, True, True, False, True, False, False, False, False, True, False, True, True]"
5,0.9926285969752371,"[True, True, True, True, True, True, True, True, True, True, False, False, True, True, True, True, True, False, False, False, False, True, True, True, True, False, False, True, True, True, True, True, False, False, True, True, False, False, True, False]"
5,0.9926285969842716,"[True, True, True, True, True, True, True, True, True, True, False, False, True, True, True, True, True, False, False, False, False, True, True, True, True, False, False, True, True, True, True, True, False, False, True, True, False, False, True, True]"
5,0.8219816065096492,"[True, True, True, True, True, False, True, True, False, False, False, False, False, True, True, True, True, True, False, False, False, False, True, False, True, True, True, False, False, False, True, False, False, False, False, True, False, False, False, True]"
5,0.994056636520252,"[True, True, True, True, True, True, True, True, True, True, False, True, True, False, False, False, True, True, True, True, False, False, False, True, True, True, True, False, True, False, True, True, True, True, True, False, False, True, True, False]"
5,0.03301027557464888,"[True, False, True, True, False, True, True, False, False, False, False, False, False, False, True, True, True, False, False, True, False, True, True, True, True, True, True, False, False, False, False, False, False, False, False, True, False, False, False, True]"
5,0.9764820066046571,"[True, True, True, True, True, True, True, True, False, True, True, False, False, True, False, False, False, False, True, True, False, True, True, True, False, True, True, True, False, True, False, False, False, False, False, False, True, False, True, True]"
5,0.980149811631778,"[True, True, True, True, True, True, True, True, False, True, True, True, True, True, False, False, True, False, True, True, True, False, True, True, True, False, True, False, False, False, True, False, False, False, False, False, True, False, True, False]"
5,0.2574938806929839,"[True, True, False, True, True, True, True, True, True, False, False, False, False, True, False, True, False, False, True, False, False, True, True, True, True, True, False, False, False, False, False, False, True, False, True, True, False, False, False, False]"
5,0.9815509587291251,"[True, True, True, True, True, True, True, True, True, False, False, False, False, True, True, False, False, False, False, True, False, False, True, True, True, False, True, False, False, False, True, False, False, False, False, True, False, False, True, True]"
5,0.9811742088325786,"[True, True, True, True, True, True, True, True, True, False, False, False, False, False, True, True, True, False, False, True, False, False, False, False, True, True, False, False, False, False, True, False, False, False, False, True, False, True, True, True]"
5,0.0009424897263868611,"[False, True, True, True, True, True, True, True, True, False, False, False, True, False, True, True, True, True, False, True, False, True, False, True, True, True, False, False, False, False, True, False, False, False, False, True, False, True, True, True]"
5,0.0009198691744629134,"[False, True, True, True, True, True, True, True, False, False, True, True, True, True, False, False, True, False, False, True, True, False, True, True, True, False, True, True, True, False, True, True, True, False, True, True, True, True, False, True]"
5,0.9048841537778232,"[True, True, True, True, True, True, False, True, False, True, True, True, False, True, False, False, False, False, True, True, True, True, False, True, True, False, True, True, False, True, False, False, False, False, False, False, True, False, True, True]"
5,0.9811742271431392,"[True, True, True, True, True, True, True, True, True, False, False, False, False, False, True, True, True, False, False, True, False, False, False, False, True, True, False, False, True, False, True, False, False, False, False, True, False, True, True, True]"
5,0.9764819701411922,"[True, True, True, True, True, True, True, True, False, True, True, False, False, True, False, False, False, False, True, True, False, True, True, True, False, True, True, False, False, True, False, False, False, False, False, False, True, False, True, True]"
5,0.9926345178977062,"[True, True, True, True, True, True, True, True, True, True, False, False, True, True, True, True, True, False, False, True, False, False, False, True, True, False, False, True, True, True, True, True, False, False, True, True, False, False, True, False]"
5,0.8518744224497301,"[True, True, True, True, True, False, True, True, True, True, True, False, True, True, False, True, True, False, True, True, True, False, True, False, True, False, True, False, False, False, False, False, True, True, False, True, False, True, False, False]"
5,0.9622938061652225,"[True, True, True, True, True, True, True, True, False, False, False, False, False, True, False, False, True, False, False, True, False, True, True, True, True, True, False, False, False, False, True, False, False, False, True, False, False, False, False, False]"
step,fitness,genome
6,0.9945695049410025,"[True, True, True, True, True, True, True, True, True, True, False, True, True, True, False, False, False, True, False, True, False, False, True, False, True, True, False, False, True, True, False, False, True, True, False, False, False, False, True, False]"
6,0.9968802835423745,"[True, True, True, True, True, True, True, True, True, True, True, False, True, False, True, True, True, False, False, False, False, True, True, False, True, False, False, True, True, True, True, True, False, False, True, True, False, False, True, False]"
6,0.4412886101675213,"[True, True, True, False, True, False, True, True, True, True, True, False, False, True, False, False, False, False, True, True, False, True, True, True, False, True, True, False, False, True, False, False, False, False, False, False, True, False, True, False]"
6,0.9900654925942001,"[True, True, True, True, True, True, True, True, True, False, True, True, True, True, True, False, True, False, False, True, True, False, False, True, True, False, True, False, True, True, False, True, True, False, True, False, False, True, False, True]"
6,0.7260898244748553,"[True, True, True, True, False, True, True, True, True, True, True, False, True, True, True, True, True, False, False, False, False, True, True, True, True, False, False, True, True, True, True, True, False, False, True, False, False, False, True, True]"
6,0.9946127324359728,"[True, True, True, True, True, True, True, True, True, True, False, True, True, True, False, False, True, False, False, True, True, False, True, True, True, False, True, False, True, True, False, True, True, False, True, False, True, True, False, False]"
6,0.0009311161174119111,"[False, True, True, True, True, True, True, True, False, True, True, False, False, True, False, False, False, False, True, True, False, True, True, True, False, True, True, False, False, True, False, False, False, False, False, False, True, False, True, True]"
6,0.99752685243188,"[True, True, True, True, True, True, True, True, True, True, True, False, True, True, True, True, True, True, False, False, False, True, True, False, False, False, False, True, True, True, True, True, False, False, True, True, False, False, True, True]"
6,0.9815509779046175,"[True, True, True, True, True, True, True, True, True, False, False, False, False, True, True, False, False, False, False, True, False, False, True, True, True, False, True, False, True, False, True, False, False, True, True, True, False, False, True, True]"
6,0.9927588941318096,"[True, True, True, True, True, True, True, True, True, True, False, True, False, False, False, False, False, True, True, False, False, False, True, True, True, False, True, False, True, False, True, True, True, True, True, True, False, True, False, True]"
6,0.9933743875787753,"[True, True, True, True, True, True, True, True, True, True, False, True, False, True, False, False, False, True, True, True, False, False, True, False, True, True, False, False, True, False, False, False, True, True, True, False, False, True, False, False]"
6,0.982752035159905,"[True, True, True, True, True, True, True, True, True, False, False, False, True, True, True, False, False, False, False, True, False, False, True, True, True, False, True, False, False, False, True, False, False, False, False, True, False, False, True, True]"
6,0.9940566347833656,"[True, True, True, True, True, True, True, True, True, True, False, True, True, False, False, False, True, True, True, True, False, False, False, True, True, True, True, False, True, False, True, True, False, False, True, False, False, True, True, False]"
6,0.9926345138592244,"[True, True, True, True, True, True, True, True, True, True, False, False, True, True, True, True, True, False, False, True, False, False, False, True, True, False, False, True, True, True, False, True, False, True, True, True, False, False, True, True]"
6,0.7247807128014372,"[True, True, True, True, False, True, True, True, True, True, True, False, False, True, False, False, False, False, False, True, False, False, True, True, True, False, True, False, True, False, False, True, True, False, True, False, False, False, True, False]"
6,0.9994819469540632,"[True, True, True, True, True, True, True, True, True, True, True, True, True, True, False, False, True, False, False, True, True, False, True, False, True, False, True, False, False, True, True, False, False, False, False, False, False, True, False, True]"
6,0.2574232266807007,"[True, True, False, True, True, True, True, True, True, False, False, False, False, False, True, True, True, False, False, True, False, True, False, True, True, True, False, False, False, False, True, False, False, False, False, True, False, True, True, True]"
6,0.9706161289167502,"[True, True, True, True, True, True, True, True, False, False, True, True, True, True, False, False, True, True, False, True, False, True, False, True, True, True, False, False, True, False, True, True, True, False, False, True, False, True, True, True]"
6,0.9378545334135683,"[True, True, True, True, True, True, True, False, False, True, False, True, True, True, False, False, True, True, False, True, True, True, False, True, False, True, False, False, False, False, False, True, True, False, False, False, True, True, True, True]"
6,0.9962934341447918,"[True, True, True, True, True, True, True, True, True, True, True, False, False, True, True, True, True, False, True, False, True, False, True, True, False, False, False, False, False, True, False, False, True, False, False, False, False, True, False, True]"
6,0.9947621654184234,"[True, True, True, True, True, True, True, True, True, True, False, True, True, True, False, True, True, False, False, True, False, True, True, True, True, False, False, True, False, True, True, True, False, False, False, True, False, False, True, True]"
6,0.9817667804799005,"[True, True, True, True, True, True, True, True, True, False, False, False, False, True, True, True, True, False, False, False, False, False, True, True, True, True, False, False, True, True, True, False, False, False, False, True, False, False, False, True]"
6,0.9976294757581271,"[True, True, True, True, True, True, True, True, True, True, True, True, False, False, False, False, False, True, True, True, False, False, True, False, True, False, True, False, True, False, True, True, True, True, True, False, False, False, False, False]"
6,0.7130751582836573,"[True, True, True, True, False, True, True, True, False, True, True, True, True, True, False, False, True, True, False, True, False, True, False, True, False, True, False, False, True, False, True, False, True, False, False, False, False, True, True, False]"
6,0.9947621839389419,"[True, True, True, True, True, True, True, True, True, True, False, True, True, True, False, True, True, False, False, True, False, True, True, True, True, False, False, True, True, True, True, True, False, False, False, True, False, False, False, True]"
6,0.9803089422534804,"[True, True, True, True, True, True, True, True, False, True, True, True, True, True, False, True, True, True, False, False, True, False, True, True, False, True, True, True, False, False, True, True, True, False, False, False, False, True, True, True]"
6,0.9926310393880424,"[True, True, True, True, True, True, True, True, True, True, False, False, True, True, True, True, True, False, False, False, True, False, True, True, True, False, True, True, True, True, True, True, False, False, True, True, False, True, True, False]"
6,0.9994200059898473,"[True, True, True, True, True, True, True, True, True, True, True, True, True, True, False, False, False, False, True, True, False, False, True, False, True, False, True, False, True, True, False, True, False, True, True, False, True, True, False, True]"
6,0.9926558287114037,"[True, True, True, True, True, True, True, True, True, True, False, False, True, True, True, True, True, False, True, True, False, True, False, True, True, False, False, True, True, True, False, True, False, False, True, False, False, False, True, False]"
6,0.978843764671747,"[True, True, True, True, True, True, True, True, False, True, True, True, False, True, False, False, False, False, False, False, False, False, True, True, False, False, True, True, False, True, True, False, False, True, False, True, True, False, True, True]"
6,0.9940566362398172,"[True, True, True, True, True, True, True, True, True, True, False, True, True, False, False, False, True, True, True, True, False, False, False, True, True, True, True, False, True, False, True, True, True, True, False, False, False, True, True, True]"
6,0.9926380195832181,"[True, True, True, True, True, True, True, True, True, True, False, False, True, True, True, True, True, False, False, True, False, True, True, True, True, False, False, False, True, False, False, True, False, False, True, True, False, False, True, False]"
6,0.05437866862771455,"[True, False, True, True, True, True, True, True, False, True, False, True, False, True, False, False, False, True, True, True, False, False, True, True, True, False, True, False, True, True, True, True, True, False, True, True, False, True, False, True]"
6,0.260862137608826,"[True, True, False, True, True, True, True, True, True, True, False, False, True, True, True, True, True, False, False, True, False, False, False, True, True, False, False, True, True, True, True, True, False, False, True, True, False, False, True, True]"
6,0.9995944995115982,"[True, True, True, True, True, True, True, True, True, True, True, True, True, True, False, True, False, True, False, True, False, True, True, True, True, False, False, False, True, True, True, True, False, False, False, True, False, False, True, True]"
6,0.9945552608925697,"[True, True, True, True, True, True, True, True, True, True, False, True, True, True, False, False, False, False, True, True, True, False, True, False, True, True, False, False, True, False, False, False, True, True, True, False, False, True, False, False]"
6,0.9798100698004242,"[True, True, True, True, True, True, True, True, False, True, True, True, True, False, True, False, False, True, True, True, False, True, True, True, False, False, True, False, True, False, True, True, True, True, True, False, False, False, True, False]"
6,0.9917171449325318,"[True, True, True, True, True, True, True, True, True, True, False, False, True, False, False, True, True, False, False, False, False, False, True, True, True, False, False, True, True, False, True, True, False, False, True, True, False, False, False, True]"
6,0.9946644014018137,"[True, True, True, True, True, True, True, True, True, True, False, True, True, True, False, False, True, True, True, True, False, False, True, False, True, True, False, False, True, False, False, False, True, True, True, True, False, True, False, False]"
6,0.9926357020950489,"[True, True, True, True, True, True, True, True, True, True, False, False, True, True, True, True, True, False, False, True, False, False, True, True, True, False, False, True, True, True, True, True, False, False, True, True, False, False, True, True]"
6,0.0009622244371003766,"[False, True, True, True, True, True, True, True, True, True, False, False, True, True, True, True, True, False, False, True, False, False, False, True, True, False, False, False, True, True, True, True, False, False, True, True, False, False, True, True]"
6,0.9962080416772592,"[True, True, True, True, True, True, True, True, True, True, True, False, False, True, True, True, False, False, False, True, True, False, True, True, False, True, False, False, False, True, False, False, True, False, False, False, True, False, False, True]"
6,0.9950588372603107,"[True, True, True, True, True, True, True, True, True, True, False, True, True, True, True, True, True, False, False, False, True, False, True, True, True, False, False, True, True, True, False, True, False, False, True, False, False, True, True, False]"
6,0.9865800432448304,"[True, True, True, True, True, True, True, True, True, False, True, False, False, True, True, True, True, False, False, False, False, False, True, True, True, True, True, False, True, False, True, False, False, False, False, True, False, False, False, True]"
6,0.9995206903297187,"[True, True, True, True, True, True, True, True, True, True, True, True, True, True, False, False, True, True, False, True, True, False, True, True, True, False, True, False, True, True, False, True, True, False, True, False, False, True, False, True]"
6,0.9933749131054818,"[True, True, True, True, True, True, True, True, True, True, False, True, False, True, False, False, False, True, True, True, False, False, True, True, True, False, True, False, True, False, True, True, True, True, True, True, False, True, False, True]"
6,0.9848612488553413,"[True, True, True, True, True, True, True, True, True, False, False, True, True, True, False, False, False, False, False, True, True, False, True, False, True, False, True, False, True, True, True, True, True, False, True, True, False, True, False, True]"
6,0.9994825604860083,"[True, True, True, True, True, True, True, True, True, True, True, True, True, True, False, False, True, False, False, True, True, False, True, True, True, False, True, False, True, True, False, True, True, False, True, False, False, True, True, True]"
6,0.9945887000436273,"[True, True, True, True, True, True, True, True, True, True, False, True, True, True, False, False, False, True, True, True, False, False, True, True, False, False, True, False, True, False, False, True, False, True, True, False, True, True, False, False]"
6,0.9975961688872842,"[True, True, True, True, True, True, True, True, True, True, True, True, False, False, False, False, False, False, True, True, True, False, True, False, True, False, True, False, True, False, True, True, True, True, True, False, False, False, False, True]"
6,0.9706135124804071,"[True, True, True, True, True, True, True, True, False, False, True, True, True, True, False, False, True, True, False, True, False, False, False, True, False, True, False, False, True, False, False, True, False, True, False, False, False, True, False, False]"
6,0.9195288695345666,"[True, True, True, True, True, True, False, True, True, True, False, True, True, True, False, False, False, True, True, True, True, True, True, False, False, True, False, False, False, False, False, False, True, False, True, False, False, True, True, True]"
6,0.9809503488474017,"[True, True, True, True, True, True, True, True, True, False, False, False, False, False, True, False, False, False, False, True, False, False, True, False, True, False, True, False, True, False, True, False, False, False, True, True, False, False, True, True]"
6,0.9914166614065569,"[True, True, True, True, True, True, True, True, True, True, False, False, False, True, True, True, True, False, False, False, False, True, True, True, True, False, False, True, True, True, True, True, False, False, False, True, False, False, True, True]"
6,0.9995359987188821,"[True, True, True, True, True, True, True, True, True, True, True, True, True, True, False, False, True, True, True, True, False, True, False, True, False, True, False, True, True, True, True, True, False, True, False, True, False, True, True, True]"
6,0.9913468058356999,"[True, True, True, True, True, True, True, True, True, True, False, False, False, True, True, True, False, False, False, True, False, False, False, True, True, False, False, False, False, False, False, True, True, False, True, True, False, False, True, True]"
6,0.8474065112349015,"[True, True, True, True, True, False, True, True, True, True, False, False, True, False, True, True, True, True, False, True, False, False, True, False, True, True, False, False, False, False, False, False, False, False, False, True, False, True, True, False]"
6,0.993340898431032,"[True, True, True, True, True, True, True, True, True, True, False, True, False, True, False, False, False, False, True, True, True, False, True, False, False, True, False, False, False, False, True, False, True, True, True, False, False, False, False, True]"
6,0.009087418875250889,"[True, False, False, True, True, True, True, True, True, True, True, True, True, True, False, False, True, False, False, True, True, False, True, True, True, False, True, True, True, True, False, True, True, False, True, False, False, True, False, True]"
6,0.9764819701411922,"[True, True, True, True, True, True, True, True, False, True, True, False, False, True, False, False, False, False, True, True, False, True, True, True, False, True, True, False, False, True, False, False, False, False, False, False, True, False, True, True]"
6,0.2574311678502966,"[True, True, False, True, True, True, True, True, True, False, False, False, False, False, True, True, True, True, False, False, False, False, True, False, True, True, True, True, False, False, True, False, False, False, False, False, False, False, True, True]"
6,0.7130751601150631,"[True, True, True, True, False, True, True, True, False, True, True, True, True, True, False, False, True, True, False, True, False, True, False, True, False, True, False, False, True, False, True, True, True, False, False, True, False, True, True, True]"
6,0.9897595866280904,"[True, True, True, True, True, True, True, True, True, False, True, True, True, True, False, False, True, False, False, True, False, False, True, True, True, False, True, True, True, True, True, True, True, False, True, False, True, True, False, True]"
6,0.04895072267275684,"[True, False, True, True, True, True, False, True, False, True, False, True, False, True, False, False, False, False, False, True, False, True, False, True, False, False, True, True, False, True, False, False, False, True, False, False, True, False, True, True]"
6,0.0009736058428860872,"[False, True, True, True, True, True, True, True, True, True, True, True, False, True, True, False, False, False, False, True, False, False, False, False, True, True, False, False, True, False, False, False, True, False, True, True, False, True, False, False]"
6,0.9925927196530053,"[True, True, True, True, True, True, True, True, True, True, False, False, True, True, True, True, False, True, False, False, True, False, True, True, False, False, False, False, False, True, True, False, True, True, False, False, True, True, False, True]"
6,0.9945502008076473,"[True, True, True, True, True, True, True, True, True, True, False, True, True, True, False, False, False, False, True, True, False, False, True, False, False, True, False, False, False, False, False, False, True, True, True, False, False, True, False, False]"
6,0.9908177764378331,"[True, True, True, True, True, True, True, True, True, True, False, False, False, False, True, True, True, False, False, True, False, False, True, False, True, True, False, False, False, False, True, False, False, False, False, True, False, True, True, True]"
6,0.9865894486650953,"[True, True, True, True, True, True, True, True, True, False, True, False, False, True, True, True, True, False, False, True, False, False, True, True, True, True, True, False, False, False, True, True, False, False, False, True, False, False, False, True]"
6,0.05590775035261574,"[True, False, True, True, True, True, True, True, True, True, False, True, True, True, False, False, False, True, True, True, False, True, True, True, True, True, True, False, True, False, False, False, True, True, True, False, False, True, False, False]"
6,0.9849888973490216,"[True, True, True, True, True, True, True, True, True, False, False, True, True, True, False, False, True, True, True, True, False, False, True, True, True, True, False, False, True, False, True, False, True, True, True, True, False, True, False, True]"
6,0.9897636778018772,"[True, True, True, True, True, True, True, True, True, False, True, True, True, True, False, False, True, False, False, True, True, False, True, False, True, False, True, False, True, True, False, True, False, False, True, False, True, True, False, False]"
6,0.9946649204374495,"[True, True, True, True, True, True, True, True, True, True, False, True, True, True, False, False, True, True, True, True, False, False, True, True, True, False, True, False, True, False, False, False, True, True, True, True, False, True, False, False]"
6,0.842195827357058,"[True, True, True, True, True, False, True, True, True, False, True, False, False, True, False, False, False, False, False, True, False, False, True, True, True, False, True, True, False, False, True, False, False, False, True, False, False, False, True, True]"
6,0.9897046298386334,"[True, True, True, True, True, True, True, True, True, False, True, True, True, True, False, False, False, False, True, True, False, True, True, False, True, False, True, False, True, True, True, True, True, False, True, False, False, True, False, False]"
6,0.99933843220079,"[True, True, True, True, True, True, True, True, True, True, True, True, True, False, True, True, True, False, True, False, True, False, False, True, True, False, True, True, True, True, True, False, False, False, True, False, True, False, True, False]"
6,0.5202569499959347,"[True, True, True, False, True, True, True, True, True, True, False, False, True, True, True, False, True, False, False, True, False, False, True, True, True, True, False, True, True, True, True, True, False, False, True, True, False, False, True, False]"
6,0.9945700161396009,"[True, True, True, True, True, True, True, True, True, True, False, True, True, True, False, False, False, True, False, True, False, False, True, True, True, False, True, False, True, False, False, True, False, True, True, False, False, True, False, True]"
6,0.02340447997235806,"[True, False, True, False, True, True, True, True, True, True, False, True, True, True, False, False, False, True, True, True, False, False, True, True, False, False, True, False, True, False, False, True, False, True, True, False, False, True, False, True]"
6,0.980149811631778,"[True, True, True, True, True, True, True, True, False, True, True, True, True, True, False, False, True, False, True, True, True, False, True, True, True, False, True, False, False, False, True, False, False, False, False, False, True, False, True, False]"
6,0.9876380964099658,"[True, True, True, True, True, True, True, True, True, False, True, False, True, True, True, False, True, False, False, False, False, True, True, True, True, True, True, False, False, False, True, False, False, False, False, True, False, True, True, False]"
6,0.9789329413942791,"[True, True, True, True, True, True, True, True, False, True, True, True, False, True, False, False, True, False, False, True, True, False, True, True, True, False, True, True, True, False, True, False, False, False, False, True, True, False, True, True]"
6,0.0009494164804114858,"[False, True, True, True, True, True, True, True, True, False, True, False, False, False, True, True, True, True, False, False, False, False, False, False, True, True, False, True, False, False, True, False, False, False, False, False, False, True, True, True]"
6,0.9811753990196569,"[True, True, True, True, True, True, True, True, True, False, False, False, False, False, True, True, True, False, False, True, False, False, True, False, True, True, False, False, True, False, True, False, False, False, False, True, False, True, True, True]"
6,0.9945695049229015,"[True, True, True, True, True, True, True, True, True, True, False, True, True, True, False, False, False, True, False, True, False, False, True, False, True, True, False, False, True, True, False, False, True, True, False, False, False, False, False, False]"
6,0.99741573304742,"[True, True, True, True, True, True, True, True, True, True, True, False, True, True, True, True, False, False, False, False, True, False, True, True, False, True, False, False, False, True, False, False, True, True, True, False, True, False, False, True]"
6,0.98651407646089,"[True, True, True, True, True, True, True, True, True, False, True, False, False, True, True, True, False, False, False, True, False, False, True, True, True, True, True, False, False, False, True, False, False, False, False, True, False, False, False, True]"
6,0.5074492929346113,"[True, True, True, False, True, True, True, True, False, False, True, True, False, True, False, True, True, False, True, True, True, True, True, False, True, True, True, False, True, True, False, True, True, True, True, False, True, True, False, True]"
6,0.2622407069990696,"[True, True, False, True, True, True, True, True, True, True, True, False, True, True, False, True, True, True, False, False, False, True, True, False, True, False, False, True, True, True, True, True, False, False, True, True, False, False, True, False]"
6,0.9700575533448629,"[True, True, True, True, True, True, True, True, False, False, True, True, True, False, False, True, False, False, False, True, False, False, True, False, True, True, True, False, True, False, True, False, True, False, True, False, False, True, False, True]"
6,0.9945695004338616,"[True, True, True, True, True, True, True, True, True, True, False, True, True, True, False, False, False, True, False, True, False, False, True, False, True, True, False, False, True, False, True, False, True, True, False, True, False, False, False, False]"
6,0.0009649854420527015,"[False, True, True, True, True, True, True, True, True, True, False, True, True, False, False, False, True, True, True, True, False, False, False, True, True, True, True, False, True, True, False, True, True, True, True, True, False, True, True, False]"
6,0.962438840888129,"[True, True, True, True, True, True, True, True, False, False, False, False, False, True, False, True, True, False, False, True, False, False, True, True, True, False, True, False, False, False, True, False, False, False, True, True, False, False, False, True]"
6,0.9926392546585673,"[True, True, True, True, True, True, True, True, True, True, False, False, True, True, True, True, True, False, False, True, True, False, False, True, True, False, False, True, True, True, True, True, False, False, True, True, False, False, True, False]"
6,0.23767151584696916,"[True, True, False, True, True, True, False, True, True, False, True, True, True, True, False, False, True, False, False, True, True, False, True, True, True, False, True, False, True, True, True, True, True, False, True, False, True, True, False, True]"
6,0.9908165942015678,"[True, True, True, True, True, True, True, True, True, True, False, False, False, False, True, True, True, False, False, True, False, False, False, False, True, True, False, False, False, False, True, False, False, False, False, True, False, True, True, True]"
6,0.9920278704452452,"[True, True, True, True, True, True, True, True, True, True, False, False, True, False, True, True, True, False, False, True, False, False, False, False, True, True, False, False, False, False, True, False, True, False, False, True, False, False, True, True]"
6,0.9935478673017754,"[True, True, True, True, True, True, True, True, True, True, False, True, False, True, False, True, True, False, False, True, False, True, True, True, True, False, False, False, True, True, True, True, False, False, False, True, False, True, True, True]"
6,0.9940566452137304,"[True, True, True, True, True, True, True, True, True, True, False, True, True, False, False, False, True, True, True, True, False, False, False, True, True, True, True, False, True, True, True, True, True, False, True, False, False, True, True, True]"
6,0.9926342131775806,"[True, True, True, True, True, True, True, True, True, True, False, False, True, True, True, True, True, False, False, True, False, False, False, True, False, False, False, True, True, False, True, True, False, True, True, True, False, False, True, False]"
step,fitness,genome
7,0.9236188868758308,"[True, True, True, True, True, True, False, True, True, True, True, True, True, False, False, True, False, True, False, True, False, True, True, True, True, False, False, False, True, True, True, True, False, False, False, True, False, False, True, True]"
7,0.9942091526060124,"[True, True, True, True, True, True, True, True, True, True, False, True, True, False, False, True, True, True, True, True, False, False, True, True, False, False, True, False, True, False, False, False, True, True, True, False, False, True, False, False]"
7,0.9976294757581271,"[True, True, True, True, True, True, True, True, True, True, True, True, False, False, False, False, False, True, True, True, False, False, True, False, True, False, True, False, True, False, True, True, True, True, True, False, False, False, False, False]"
7,0.9950588372603107,"[True, True, True, True, True, True, True, True, True, True, False, True, True, True, True, True, True, False, False, False, True, False, True, True, True, False, False, True, True, True, False, True, False, False, True, False, False, True, True, False]"
7,0.980168484983145,"[True, True, True, True, True, True, True, True, False, True, True, True, True, True, False, False, True, True, False, True, True, False, True, True, True, False, False, False, True, False, False, False, False, False, True, False, False, True, True, False]"
7,0.9947621654184234,"[True, True, True, True, True, True, True, True, True, True, False, True, True, True, False, True, True, False, False, True, False, True, True, True, True, False, False, True, False, True, True, True, False, False, False, True, False, False, True, True]"
7,0.9975016106861676,"[True, True, True, True, True, True, True, True, True, True, True, False, True, True, True, True, True, False, False, True, True, False, True, True, True, False, True, False, True, True, False, True, True, False, True, False, False, True, False, False]"
7,0.5200894283061362,"[True, True, True, False, True, True, True, True, True, True, False, False, True, True, False, False, True, False, False, True, True, False, False, True, True, False, True, True, True, True, True, True, False, False, True, True, False, False, True, True]"
7,0.996293731209951,"[True, True, True, True, True, True, True, True, True, True, True, False, False, True, True, True, True, False, True, False, True, False, True, True, True, False, False, False, False, True, False, False, True, False, False, False, True, False, False, True]"
7,0.0009661673060780155,"[False, True, True, True, True, True, True, True, True, True, False, True, True, True, False, False, True, True, True, True, False, False, True, True, True, False, False, False, True, False, False, False, False, True, True, True, False, True, False, False]"
7,0.9947597924773025,"[True, True, True, True, True, True, True, True, True, True, False, True, True, True, False, True, True, False, False, True, False, False, True, True, True, False, False, True, False, True, True, True, False, False, False, True, False, False, True, True]"
7,0.9940566347833656,"[True, True, True, True, True, True, True, True, True, True, False, True, True, False, False, False, True, True, True, True, False, False, False, True, True, True, True, False, True, False, True, True, False, False, True, False, False, True, True, False]"
7,0.7239833864805231,"[True, True, True, True, False, True, True, True, True, True, False, True, True, True, False, True, False, False, False, True, False, True, True, True, True, False, False, True, False, True, True, True, False, False, False, True, False, False, True, True]"
7,0.5196599645815271,"[True, True, True, False, True, True, True, True, True, True, False, False, False, True, True, True, True, False, False, False, False, True, True, True, True, False, False, False, True, True, True, True, False, False, False, True, False, False, True, False]"
7,0.9945889955289966,"[True, True, True, True, True, True, True, True, True, True, False, True, True, True, False, False, False, True, True, True, False, False, True, True, True, False, True, False, True, False, False, False, True, True, True, True, False, True, False, False]"
7,0.6676265802698311,"[True, True, True, True, False, True, False, True, True, True, False, True, True, True, False, False, True, True, True, True, False, False, True, True, False, False, True, False, True, False, False, False, False, True, True, False, False, True, True, False]"
7,0.9939480678745567,"[True, True, True, True, True, True, True, True, True, True, False, True, True, False, False, False, False, False, True, True, True, False, True, False, True, True, False, False, True, False, False, False, True, True, True, False, False, False, False, False]"
7,0.9976294734347887,"[True, True, True, True, True, True, True, True, True, True, True, True, False, False, False, False, False, True, True, True, False, False, True, False, True, False, True, False, True, False, True, False, True, True, True, False, False, False, False, False]"
7,0.2625927562161444,"[True, True, False, True, True, True, True, True, True, True, True, True, False, True, False, True, False, True, True, True, False, True, True, True, True, False, False, False, True, True, True, False, False, False, False, True, False, False, True, True]"
7,0.9991019299542365,"[True, True, True, True, True, True, True, True, True, True, True, True, True, False, True, False, False, False, False, True, True, True, False, False, True, False, True, False, True, True, False, True, True, True, True, False, False, False, False, True]"
7,0.9962080416772592,"[True, True, True, True, True, True, True, True, True, True, True, False, False, True, True, True, False, False, False, True, True, False, True, True, False, True, False, False, False, True, False, False, True, False, False, False, True, False, False, True]"
7,0.9976294571714195,"[True, True, True, True, True, True, True, True, True, True, True, True, False, False, False, False, False, True, True, True, False, False, True, False, True, False, True, False, False, False, True, True, True, True, True, False, False, False, False, False]"
7,0.9563557780132681,"[True, True, True, True, True, True, True, False, True, True, False, True, True, True, False, False, False, False, True, True, False, False, True, False, False, False, False, False, False, False, False, False, True, True, True, False, True, True, False, False]"
7,0.9993385808328208,"[True, True, True, True, True, True, True, True, True, True, True, True, True, False, True, True, True, False, True, False, True, False, False, True, True, True, True, True, True, True, True, False, False, False, False, False, True, False, True, False]"
7,0.9470936012502985,"[True, True, True, True, True, True, True, False, True, False, False, True, True, True, False, False, True, False, True, True, True, False, True, False, True, True, True, False, True, False, False, False, True, True, True, False, False, True, False, True]"
7,0.9946644011121732,"[True, True, True, True, True, True, True, True, True, True, False, True, True, True, False, False, True, True, True, True, False, False, True, False, True, True, False, False, True, False, False, False, True, True, False, True, False, True, False, False]"
7,0.9611169378070998,"[True, True, True, True, True, True, True, False, True, True, True, True, True, True, False, False, True, False, False, True, True, False, True, False, True, False, True, False, True, True, True, False, False, False, False, False, False, True, False, True]"
7,0.9946715196260714,"[True, True, True, True, True, True, True, True, True, True, False, True, True, True, False, False, True, True, True, True, True, True, True, False, True, True, False, False, True, False, False, False, True, True, True, True, False, True, False, False]"
7,0.989721224789285,"[True, True, True, True, True, True, True, True, True, False, True, True, True, True, False, False, False, True, False, True, False, False, True, False, True, True, False, False, True, False, False, True, True, True, False, False, False, False, True, False]"
7,0.9996678600420014,"[True, True, True, True, True, True, True, True, True, True, True, True, True, True, False, True, True, True, False, True, False, False, True, False, True, False, True, False, True, True, False, True, True, False, True, False, False, True, False, True]"
7,0.05576268863564196,"[True, False, True, True, True, True, True, True, True, True, False, False, True, True, True, True, True, False, True, True, False, True, False, True, True, False, False, True, True, True, False, True, False, False, True, False, True, False, True, False]"
7,0.9945742500112749,"[True, True, True, True, True, True, True, True, True, True, False, True, True, True, False, False, False, True, False, True, True, False, True, False, True, True, False, False, True, True, False, False, True, True, False, False, False, False, True, False]"
7,9.44003665788641e-07,"[False, False, True, True, True, True, True, True, True, True, True, False, True, True, True, True, False, True, False, False, True, True, True, True, False, True, False, False, False, True, False, False, True, True, True, False, True, False, False, True]"
7,0.9940565247896113,"[True, True, True, True, True, True, True, True, True, True, False, True, True, False, False, False, True, True, True, True, False, False, False, True, True, False, True, True, True, False, True, True, True, False, True, False, False, True, True, True]"
7,0.9592478771660222,"[True, True, True, True, True, True, True, False, True, True, True, False, True, True, True, True, True, True, True, False, False, True, True, False, False, False, False, True, True, True, True, True, False, False, True, True, False, False, True, True]"
7,0.9926690819531134,"[True, True, True, True, True, True, True, True, True, True, False, False, True, True, True, True, True, True, False, False, True, False, True, True, True, True, True, True, True, True, True, True, False, False, True, True, False, True, True, False]"
7,0.05306641477706169,"[True, False, True, True, True, True, True, False, True, True, False, True, True, True, False, False, True, True, True, True, False, False, True, True, False, False, True, False, True, False, False, True, False, True, True, False, False, True, False, False]"
7,0.99752685243188,"[True, True, True, True, True, True, True, True, True, True, True, False, True, True, True, True, True, True, False, False, False, True, True, False, False, False, False, True, True, True, True, True, False, False, True, True, False, False, True, True]"
7,0.05607367477013144,"[True, False, True, True, True, True, True, True, True, True, True, False, True, False, True, True, False, False, False, False, False, True, True, False, True, False, False, True, True, True, True, True, True, False, True, True, False, False, True, False]"
7,0.9795010616055002,"[True, True, True, True, True, True, True, True, False, True, True, True, True, False, False, False, False, True, True, False, False, True, True, True, False, False, False, False, True, True, True, True, True, True, True, False, False, True, True, False]"
7,0.0009622545218189223,"[False, True, True, True, True, True, True, True, True, True, False, False, True, True, True, True, True, False, True, False, True, False, True, True, True, False, True, True, True, True, True, True, False, True, True, True, False, True, True, False]"
7,0.0008939401971815043,"[False, True, True, True, True, True, True, False, True, True, False, True, True, True, True, True, True, False, False, True, True, False, True, True, True, False, False, True, True, True, False, True, False, False, False, True, False, True, True, False]"
7,0.9853039989403958,"[True, True, True, True, True, True, True, True, True, False, False, True, True, True, True, True, False, False, False, False, True, False, True, True, True, False, False, True, True, True, False, True, False, False, True, False, False, True, True, False]"
7,0.9945700172980634,"[True, True, True, True, True, True, True, True, True, True, False, True, True, True, False, False, False, True, False, True, False, False, True, True, True, False, True, False, True, False, False, True, True, True, True, False, False, True, False, True]"
7,0.9800418228938556,"[True, True, True, True, True, True, True, True, False, True, True, True, True, True, False, False, False, False, False, False, False, False, True, True, False, False, True, False, False, True, True, False, False, True, False, True, True, False, True, True]"
7,0.9865372667011603,"[True, True, True, True, True, True, True, True, True, False, True, False, False, True, True, True, False, False, True, True, True, False, True, True, False, True, False, False, False, True, False, False, True, False, False, False, True, True, False, True]"
7,0.9245329815688629,"[True, True, True, True, True, True, False, True, True, True, True, True, True, True, True, True, True, True, False, False, False, True, True, False, False, False, False, True, True, False, True, True, False, False, True, True, False, False, False, True]"
7,0.9947621839389419,"[True, True, True, True, True, True, True, True, True, True, False, True, True, True, False, True, True, False, False, True, False, True, True, True, True, False, False, True, True, True, True, True, False, False, False, True, False, False, False, True]"
7,0.9995944995115982,"[True, True, True, True, True, True, True, True, True, True, True, True, True, True, False, True, False, True, False, True, False, True, True, True, True, False, False, False, True, True, True, True, False, False, False, True, False, False, True, True]"
7,0.9839544900903325,"[True, True, True, True, True, True, True, True, True, False, False, True, False, True, True, False, False, False, False, True, False, False, True, True, True, False, True, True, True, False, True, False, False, True, True, True, False, False, True, True]"
7,0.02350750899753273,"[True, False, True, False, True, True, True, True, True, True, True, True, False, False, False, False, False, False, True, True, True, False, True, False, True, False, True, False, True, False, True, True, True, True, False, False, True, False, True, True]"
7,0.9753214973828213,"[True, True, True, True, True, True, True, True, False, True, False, True, True, True, False, False, False, True, True, True, False, False, False, True, False, False, True, True, True, False, False, True, False, True, True, False, True, True, False, False]"
7,0.9897022626402345,"[True, True, True, True, True, True, True, True, True, False, True, True, True, True, False, False, False, False, True, True, False, False, True, False, True, False, True, False, True, True, False, True, False, True, True, False, True, True, False, False]"
7,0.9545108724977046,"[True, True, True, True, True, True, True, False, True, True, False, False, True, True, True, True, True, False, False, True, True, False, False, True, False, False, False, True, True, True, True, True, False, False, True, True, False, False, True, False]"
7,0.9970205881235609,"[True, True, True, True, True, True, True, True, True, True, True, False, True, True, False, False, False, True, True, True, False, False, True, False, True, False, True, False, True, False, False, True, False, True, True, False, True, True, False, True]"
7,0.9183564551609198,"[True, True, True, True, True, True, False, True, True, True, False, True, False, True, False, False, False, False, True, True, False, False, True, True, True, True, False, False, True, False, False, False, False, True, True, False, False, True, True, False]"
7,0.9947621839389419,"[True, True, True, True, True, True, True, True, True, True, False, True, True, True, False, True, True, False, False, True, False, True, True, True, True, False, False, True, True, True, True, True, False, False, False, True, False, False, False, True]"
7,0.9947617031116238,"[True, True, True, True, True, True, True, True, True, True, False, True, True, True, False, True, True, False, False, True, False, True, True, False, True, True, False, False, True, True, True, True, True, False, False, True, False, False, True, True]"
7,0.9975304111722122,"[True, True, True, True, True, True, True, True, True, True, True, False, True, True, True, True, True, True, False, False, True, True, False, False, False, False, False, True, True, False, True, True, False, False, False, True, False, False, True, True]"
7,0.0009021882273896946,"[False, True, True, True, True, True, True, False, True, True, True, True, True, True, False, True, False, True, True, True, False, False, True, True, True, False, True, False, True, False, False, True, False, True, True, False, True, True, False, False]"
7,0.999535996391548,"[True, True, True, True, True, True, True, True, True, True, True, True, True, True, False, False, True, True, True, True, False, True, False, True, False, True, False, True, True, True, True, False, False, True, False, True, False, True, True, True]"
7,0.9900654925942001,"[True, True, True, True, True, True, True, True, True, False, True, True, True, True, True, False, True, False, False, True, True, False, False, True, True, False, True, False, True, True, False, True, True, False, True, False, False, True, False, True]"
7,0.26193577257195366,"[True, True, False, True, True, True, True, True, True, True, True, False, False, True, True, True, False, False, False, True, True, False, True, True, False, True, False, False, False, True, False, False, True, False, False, False, True, False, False, False]"
7,0.9945553073752567,"[True, True, True, True, True, True, True, True, True, True, False, True, True, True, False, False, False, False, True, True, True, False, True, False, True, True, False, True, True, True, False, False, True, True, True, True, False, True, False, False]"
7,0.9994819469540632,"[True, True, True, True, True, True, True, True, True, True, True, True, True, True, False, False, True, False, False, True, True, False, True, False, True, False, True, False, False, True, True, False, False, False, False, False, False, True, False, True]"
7,0.0009028042423098875,"[False, True, True, True, True, True, True, False, True, True, True, True, True, True, True, True, True, False, True, False, True, False, True, True, True, False, True, True, True, True, True, False, False, False, True, False, True, False, True, False]"
7,0.9994819469540632,"[True, True, True, True, True, True, True, True, True, True, True, True, True, True, False, False, True, False, False, True, True, False, True, False, True, False, True, False, False, True, True, False, False, False, False, False, False, True, False, True]"
7,0.7235103538727766,"[True, True, True, True, False, True, True, True, True, True, False, True, True, False, False, False, True, True, True, True, False, False, False, True, True, True, True, False, True, True, True, True, True, False, True, False, True, True, False, True]"
7,0.9962081159650044,"[True, True, True, True, True, True, True, True, True, True, True, False, False, True, True, True, False, False, False, True, True, False, True, True, False, True, True, False, False, True, False, False, True, False, False, False, True, True, False, True]"
7,0.9994824744151558,"[True, True, True, True, True, True, True, True, True, True, True, True, True, True, False, False, True, False, False, True, True, False, True, True, True, False, False, False, True, False, False, False, True, False, True, False, True, False, True, True]"
7,0.2622995352040003,"[True, True, False, True, True, True, True, True, True, True, True, False, True, True, True, True, False, False, False, False, True, True, True, True, True, True, False, False, True, True, False, False, True, True, True, False, True, False, False, True]"
7,0.9940565716855407,"[True, True, True, True, True, True, True, True, True, True, False, True, True, False, False, False, True, True, True, True, False, False, False, True, True, True, False, False, True, True, True, True, True, True, True, False, False, True, True, True]"
7,0.9940566452137304,"[True, True, True, True, True, True, True, True, True, True, False, True, True, False, False, False, True, True, True, True, False, False, False, True, True, True, True, False, True, True, True, True, True, False, True, False, False, True, True, True]"
7,0.9995264659992773,"[True, True, True, True, True, True, True, True, True, True, True, True, True, True, False, False, True, True, True, False, False, True, False, True, False, True, False, True, True, True, True, True, False, True, False, True, False, True, True, True]"
7,0.9946300646458776,"[True, True, True, True, True, True, True, True, True, True, False, True, True, True, False, False, True, False, True, True, True, False, False, False, True, True, True, False, False, True, True, False, False, False, False, False, False, True, False, True]"
7,0.9994200059898473,"[True, True, True, True, True, True, True, True, True, True, True, True, True, True, False, False, False, False, True, True, False, False, True, False, True, False, True, False, True, True, False, True, False, True, True, False, True, True, False, True]"
7,0.055764163968732225,"[True, False, True, True, True, True, True, True, True, True, False, False, True, True, True, True, True, True, False, True, False, True, True, False, True, True, False, True, True, True, True, True, False, False, True, True, False, False, True, True]"
7,0.9930710067286576,"[True, True, True, True, True, True, True, True, True, True, False, True, False, False, True, False, False, True, True, True, False, False, True, False, True, False, True, False, True, False, True, True, True, True, True, False, False, False, False, False]"
7,0.9975268501087566,"[True, True, True, True, True, True, True, True, True, True, True, False, True, True, True, True, True, True, False, False, False, True, True, False, False, False, False, True, True, True, True, False, False, False, True, True, False, False, True, True]"
7,0.26108436430151405,"[True, True, False, True, True, True, True, True, True, True, False, True, False, True, False, False, False, True, True, True, False, False, True, False, True, False, True, False, True, False, True, True, True, True, True, True, False, False, False, True]"
7,0.9926345138592244,"[True, True, True, True, True, True, True, True, True, True, False, False, True, True, True, True, True, False, False, True, False, False, False, True, True, False, False, True, True, True, False, True, False, True, True, True, False, False, True, True]"
7,0.2494381522472178,"[True, True, False, True, True, True, True, False, True, True, False, False, True, True, True, True, True, False, False, True, False, False, False, True, False, False, False, True, True, False, True, True, False, True, True, True, False, False, True, False]"
7,0.9947621839389419,"[True, True, True, True, True, True, True, True, True, True, False, True, True, True, False, True, True, False, False, True, False, True, True, True, True, False, False, True, True, True, True, True, False, False, False, True, False, False, False, True]"
7,0.9950635892577303,"[True, True, True, True, True, True, True, True, True, True, False, True, True, True, True, True, True, False, False, True, False, False, True, True, True, False, False, True, True, True, True, True, False, False, True, True, True, False, True, True]"
7,0.9944704225861203,"[True, True, True, True, True, True, True, True, True, True, False, True, True, False, True, True, True, False, True, False, True, False, True, True, True, False, True, True, True, True, True, False, False, False, True, True, True, False, True, False]"
7,0.9987142508444437,"[True, True, True, True, True, True, True, True, True, True, True, True, False, True, True, True, True, False, False, True, False, False, False, True, True, False, False, True, True, True, True, True, False, False, True, False, True, False, True, True]"
7,0.9914154693220429,"[True, True, True, True, True, True, True, True, True, True, False, False, False, True, True, True, True, False, False, False, False, True, False, True, True, False, False, True, True, False, True, True, False, False, False, True, False, True, True, True]"
7,0.0009616502837099992,"[False, True, True, True, True, True, True, True, True, True, False, False, True, True, False, True, True, False, False, True, True, True, False, True, True, False, False, True, True, True, True, True, False, False, True, True, False, False, True, False]"
7,0.05611955110720064,"[True, False, True, True, True, True, True, True, True, True, True, False, True, True, True, True, False, False, False, False, True, False, True, True, False, True, False, False, False, True, False, False, True, True, True, False, True, False, False, True]"
7,0.9783103463607002,"[True, True, True, True, True, True, True, True, False, True, True, True, False, False, False, False, False, True, True, True, False, False, True, False, True, False, True, False, True, False, True, True, True, True, True, False, True, False, False, False]"
7,0.9820938086167994,"[True, True, True, True, True, True, True, True, True, False, False, False, True, False, False, True, True, False, True, True, False, False, False, True, True, False, False, False, True, False, True, True, True, False, True, True, False, True, True, True]"
7,0.9930142977090213,"[True, True, True, True, True, True, True, True, True, True, False, True, False, False, True, False, False, False, False, True, False, False, True, False, True, True, True, False, True, True, True, False, False, False, False, False, False, False, True, True]"
7,0.5241360176693947,"[True, True, True, False, True, True, True, True, True, True, True, True, True, True, False, False, False, False, True, True, False, False, True, False, True, False, True, False, True, True, False, True, False, True, False, False, True, True, False, True]"
7,0.9592295048417825,"[True, True, True, True, True, True, True, False, True, True, True, False, True, True, True, True, True, True, False, False, False, True, True, False, False, False, False, True, True, True, True, True, False, False, True, True, False, False, True, True]"
7,0.9994039214803374,"[True, True, True, True, True, True, True, True, True, True, True, True, True, True, False, False, False, False, False, True, False, True, True, True, True, False, True, False, True, True, False, True, True, False, False, False, False, True, True, False]"
7,0.7277305446661906,"[True, True, True, True, False, True, True, True, True, True, True, True, True, True, False, True, True, True, False, True, True, False, True, True, True, False, False, False, True, True, True, True, False, False, False, True, False, False, True, True]"
7,0.8498087907467754,"[True, True, True, True, True, False, True, True, True, True, False, True, True, True, True, False, False, False, False, True, False, False, True, False, True, True, False, False, True, True, False, False, True, True, False, False, False, False, False, False]"
7,0.9945695004338616,"[True, True, True, True, True, True, True, True, True, True, False, True, True, True, False, False, False, True, False, True, False, False, True, False, True, True, False, False, True, False, True, False, True, True, False, True, False, False, False, False]"
7,0.9994200059898473,"[True, True, True, True, True, True, True, True, True, True, True, True, True, True, False, False, False, False, True, True, False, False, True, False, True, False, True, False, True, True, False, True, False, True, True, False, True, True, False, True]"
7,0.056262281083488706,"[True, False, True, True, True, True, True, True, True, True, True, True, True, False, True, True, True, False, False, False, False, True, True, False, True, False, True, True, True, True, True, True, False, False, True, True, False, False, True, False]"
step,fitness,genome
8,0.9996297075071774,"[True, True, True, True, True, True, True, True, True, True, True, True, True, True, False, True, True, False, False, True, False, False, True, False, True, False, True, False, False, True, True, False, False, False, False, True, False, False, True, True]"
8,0.9973796480759258,"[True, True, True, True, True, True, True, True, True, True, True, False, True, True, True, False, True, True, False, False, True, True, True, False, True, False, False, True, False, True, True, False, False, False, True, False, False, True, False, True]"
8,0.9865372666652216,"[True, True, True, True, True, True, True, True, True, False, True, False, False, True, True, True, False, False, True, True, True, False, True, True, False, True, False, False, False, True, False, False, True, False, False, False, True, False, False, True]"
8,0.0009715399889345927,"[False, True, True, True, True, True, True, True, True, True, True, False, True, True, True, True, False, False, False, True, True, False, True, True, True, False, True, False, True, True, False, True, True, False, True, False, False, True, False, False]"
8,0.9995240729410972,"[True, True, True, True, True, True, True, True, True, True, True, True, True, True, False, False, True, True, True, False, False, False, False, True, False, True, False, True, True, False, True, True, False, False, False, True, False, True, True, True]"
8,0.9242450044136917,"[True, True, True, True, True, True, False, True, True, True, True, True, True, True, False, True, True, False, True, True, True, True, True, True, True, False, False, False, True, False, False, False, True, True, True, False, False, False, True, True]"
8,0.5215307736554149,"[True, True, True, False, True, True, True, True, True, True, False, True, True, True, False, True, True, False, False, True, False, True, True, True, True, False, False, True, True, True, True, True, False, False, False, True, False, False, False, True]"
8,0.9994819469540632,"[True, True, True, True, True, True, True, True, True, True, True, True, True, True, False, False, True, False, False, True, True, False, True, False, True, False, True, False, False, True, True, False, False, False, False, False, False, True, False, True]"
8,0.9177018213120731,"[True, True, True, True, True, True, False, True, True, True, False, False, True, True, True, True, True, False, False, True, False, False, False, True, True, False, False, True, True, True, False, False, False, True, True, True, False, False, True, True]"
8,0.9995944993661321,"[True, True, True, True, True, True, True, True, True, True, True, True, True, True, False, True, False, True, False, True, False, True, True, True, True, False, False, False, True, True, True, True, False, False, False, False, False, False, True, True]"
8,0.9995359987188821,"[True, True, True, True, True, True, True, True, True, True, True, True, True, True, False, False, True, True, True, True, False, True, False, True, False, True, False, True, True, True, True, True, False, True, False, True, False, True, True, True]"
8,0.9983910275841368,"[True, True, True, True, True, True, True, True, True, True, True, True, False, True, False, True, False, True, True, True, False, False, True, False, True, False, True, False, False, False, True, False, True, True, False, False, False, False, False, False]"
8,0.99752685243188,"[True, True, True, True, True, True, True, True, True, True, True, False, True, True, True, True, True, True, False, False, False, True, True, False, False, False, False, True, True, True, True, True, False, False, True, True, False, False, True, True]"
8,0.8495655944823427,"[True, True, True, True, True, False, True, True, True, True, False, True, True, True, False, False, False, False, True, True, True, False, True, False, False, True, False, True, True, True, False, False, True, True, True, True, False, True, False, False]"
8,0.260993939831905,"[True, True, False, True, True, True, True, True, True, True, False, True, False, False, True, False, False, True, True, True, False, True, True, False, True, False, False, False, True, False, True, True, True, True, True, False, False, False, False, False]"
8,0.999592116489423,"[True, True, True, True, True, True, True, True, True, True, True, True, True, True, False, True, False, True, False, True, False, False, True, True, True, False, False, False, True, True, True, True, False, False, True, True, False, False, True, True]"
8,0.44330652475403176,"[True, True, True, False, True, False, True, True, True, True, True, True, True, True, True, True, True, True, False, False, False, True, True, False, False, False, False, True, True, True, True, False, False, False, True, True, False, False, True, True]"
8,0.9610755903562691,"[True, True, True, True, True, True, True, False, True, True, True, True, True, True, False, False, False, True, False, True, False, False, True, False, True, True, False, False, True, False, False, True, True, True, False, False, False, False, True, False]"
8,0.9984856574301194,"[True, True, True, True, True, True, True, True, True, True, True, True, False, True, True, False, False, False, False, True, False, False, False, True, True, False, False, True, True, True, True, True, False, False, True, False, True, False, True, True]"
8,0.9996250895690119,"[True, True, True, True, True, True, True, True, True, True, True, True, True, True, False, True, True, False, False, False, True, False, True, False, True, True, True, False, False, True, True, False, False, False, False, False, False, True, False, True]"
8,0.8537875034551551,"[True, True, True, True, True, False, True, True, True, True, True, True, True, True, False, False, False, False, True, True, False, False, True, False, True, False, True, False, True, True, False, True, False, True, True, False, True, True, False, True]"
8,0.9923539008442714,"[True, True, True, True, True, True, True, True, True, True, False, False, True, True, False, True, True, False, True, True, False, True, True, True, True, False, False, True, True, True, True, True, False, False, False, True, False, False, True, True]"
8,0.9893828298460255,"[True, True, True, True, True, True, True, True, True, False, True, True, True, False, True, False, False, False, False, True, False, True, False, True, True, False, True, False, True, False, False, True, True, True, True, False, False, False, False, True]"
8,0.9950962217865035,"[True, True, True, True, True, True, True, True, True, True, False, True, True, True, True, True, True, True, False, False, True, False, True, False, True, False, False, True, True, True, False, True, False, False, True, False, False, True, True, False]"
8,0.9994819469540632,"[True, True, True, True, True, True, True, True, True, True, True, True, True, True, False, False, True, False, False, True, True, False, True, False, True, False, True, False, False, True, True, False, False, False, False, False, False, True, False, True]"
8,0.9996678600056325,"[True, True, True, True, True, True, True, True, True, True, True, True, True, True, False, True, True, True, False, True, False, False, True, False, True, False, True, False, True, True, False, True, True, False, True, False, False, False, False, True]"
8,0.694801704668101,"[True, True, True, True, False, True, True, False, True, True, False, True, True, False, False, False, True, False, False, True, False, False, False, True, True, True, True, False, True, False, True, True, False, False, True, False, False, True, True, False]"
8,0.9991020786273102,"[True, True, True, True, True, True, True, True, True, True, True, True, True, False, True, False, False, False, False, True, True, True, False, False, True, True, True, False, True, True, False, True, True, True, False, False, True, False, False, True]"
8,0.997222395505657,"[True, True, True, True, True, True, True, True, True, True, True, False, True, True, False, True, True, True, False, False, False, True, True, False, False, False, False, True, True, True, True, False, False, False, True, True, False, False, True, True]"
8,0.997526915156213,"[True, True, True, True, True, True, True, True, True, True, True, False, True, True, True, True, True, True, False, False, False, True, True, False, False, False, True, True, True, False, True, False, False, False, True, True, False, False, True, True]"
8,0.05628570735679315,"[True, False, True, True, True, True, True, True, True, True, True, True, True, True, False, True, True, False, False, True, False, False, True, False, True, False, False, False, False, True, True, False, False, False, False, False, False, True, False, True]"
8,0.7260016285568602,"[True, True, True, True, False, True, True, True, True, True, True, False, True, True, True, False, True, True, False, False, False, False, True, False, False, False, True, True, True, True, True, False, False, False, True, False, False, False, False, True]"
8,0.9991019287910243,"[True, True, True, True, True, True, True, True, True, True, True, True, True, False, True, False, False, False, False, True, True, True, False, False, True, False, True, False, True, True, False, True, False, True, True, False, False, False, False, True]"
8,0.9995994151110323,"[True, True, True, True, True, True, True, True, True, True, True, True, True, True, False, True, False, True, False, True, True, True, True, True, True, True, False, False, True, True, True, True, False, False, False, True, False, False, True, True]"
8,0.9969180256962074,"[True, True, True, True, True, True, True, True, True, True, True, False, True, False, True, True, True, True, False, False, False, True, True, False, False, False, False, True, True, True, True, False, True, False, True, True, False, False, True, True]"
8,0.9241238762845867,"[True, True, True, True, True, True, False, True, True, True, True, True, True, True, False, False, True, True, True, False, False, True, False, True, False, True, False, True, True, True, True, True, False, False, False, False, False, True, True, True]"
8,0.9994729427367751,"[True, True, True, True, True, True, True, True, True, True, True, True, True, True, False, False, True, False, False, False, True, False, True, True, True, False, False, False, True, False, False, False, True, True, True, False, True, False, True, True]"
8,0.999496114510381,"[True, True, True, True, True, True, True, True, True, True, True, True, True, True, False, False, True, False, True, True, False, False, True, False, False, True, True, False, True, True, False, True, True, False, True, True, True, True, False, True]"
8,0.9995265358187035,"[True, True, True, True, True, True, True, True, True, True, True, True, True, True, False, False, True, True, True, False, False, True, False, True, False, True, True, True, True, True, False, True, False, True, False, True, False, True, True, True]"
8,0.9945694287992843,"[True, True, True, True, True, True, True, True, True, True, False, True, True, True, False, False, False, True, False, True, False, False, True, False, True, False, True, False, True, False, True, True, True, True, True, False, False, True, False, True]"
8,0.0007050395100168007,"[False, True, True, True, True, False, True, True, True, True, True, False, False, True, False, True, True, False, True, False, True, False, True, True, True, False, False, False, False, True, False, False, True, False, False, False, True, True, False, True]"
8,0.9994819481176737,"[True, True, True, True, True, True, True, True, True, True, True, True, True, True, False, False, True, False, False, True, True, False, True, False, True, False, True, False, False, True, True, False, True, False, False, False, False, True, False, True]"
8,0.9995360618841862,"[True, True, True, True, True, True, True, True, True, True, True, True, True, True, False, False, True, True, True, True, False, True, False, True, False, True, True, True, True, False, True, False, False, True, True, True, True, False, True, True]"
8,0.9994967825223923,"[True, True, True, True, True, True, True, True, True, True, True, True, True, True, False, False, True, False, True, True, False, False, True, True, True, False, False, False, True, True, False, False, True, True, False, False, False, True, True, True]"
8,0.9947897700434568,"[True, True, True, True, True, True, True, True, True, True, False, True, True, True, False, True, True, True, False, False, False, True, True, False, False, False, False, True, True, True, True, True, False, False, True, True, False, False, False, True]"
8,0.9975378787925356,"[True, True, True, True, True, True, True, True, True, True, True, False, True, True, True, True, True, True, False, True, True, False, False, False, True, False, True, False, True, False, False, True, True, False, False, False, False, True, True, True]"
8,0.9996678600420014,"[True, True, True, True, True, True, True, True, True, True, True, True, True, True, False, True, True, True, False, True, False, False, True, False, True, False, True, False, True, True, False, True, True, False, True, False, False, True, False, True]"
8,0.9975268431393866,"[True, True, True, True, True, True, True, True, True, True, True, False, True, True, True, True, True, True, False, False, False, True, True, False, False, False, False, True, True, False, True, True, False, False, True, True, False, False, True, True]"
8,0.9964957728168949,"[True, True, True, True, True, True, True, True, True, True, True, False, True, False, False, False, True, True, True, True, True, True, True, True, True, False, False, True, False, True, True, True, False, True, False, False, False, True, True, True]"
8,0.9788982629303338,"[True, True, True, True, True, True, True, True, False, True, True, True, False, True, False, False, False, True, True, False, False, False, False, False, False, True, True, False, True, False, True, True, False, True, True, False, True, False, False, False]"
8,0.9933400910494028,"[True, True, True, True, True, True, True, True, True, True, False, True, False, True, False, False, False, False, True, True, True, False, False, False, True, True, True, False, False, True, True, False, False, False, False, False, False, True, False, True]"
8,0.9612255720612491,"[True, True, True, True, True, True, True, False, True, True, True, True, True, True, False, True, False, True, False, True, False, True, True, True, True, False, False, False, True, True, False, True, False, False, False, True, False, False, True, True]"
8,0.9975915386225145,"[True, True, True, True, True, True, True, True, True, True, True, True, False, False, False, False, False, False, True, True, False, False, True, False, True, True, True, False, False, False, True, False, True, True, True, False, False, False, False, True]"
8,0.9913903737661001,"[True, True, True, True, True, True, True, True, True, True, False, False, False, True, True, True, False, True, False, True, True, False, True, True, False, False, True, False, True, True, False, False, True, False, False, False, True, True, False, False]"
8,0.9940642622016402,"[True, True, True, True, True, True, True, True, True, True, False, True, True, False, False, False, True, True, True, True, True, True, True, False, True, True, False, False, True, False, False, False, True, False, True, True, False, True, True, False]"
8,0.9997858304759102,"[True, True, True, True, True, True, True, True, True, True, True, True, True, True, True, False, True, False, False, True, True, False, False, False, True, False, True, False, False, True, True, False, False, False, False, False, False, True, False, True]"
8,0.9471071516595818,"[True, True, True, True, True, True, True, False, True, False, False, True, True, True, False, False, True, True, False, True, False, False, True, False, True, True, False, False, True, False, False, False, True, False, False, False, False, False, True, False]"
8,0.9970983637742735,"[True, True, True, True, True, True, True, True, True, True, True, False, True, True, False, False, True, True, True, True, False, True, False, True, False, True, True, True, True, True, True, False, False, True, True, True, False, True, True, True]"
8,0.9994812825872562,"[True, True, True, True, True, True, True, True, True, True, True, True, True, True, False, False, True, False, False, True, True, False, False, True, True, False, False, False, True, False, False, False, True, False, False, False, True, False, True, True]"
8,0.05626072696872612,"[True, False, True, True, True, True, True, True, True, True, True, True, True, False, True, True, False, True, True, False, False, False, True, True, True, True, True, True, True, True, True, False, False, False, False, False, False, False, True, False]"
8,0.7275295616752216,"[True, True, True, True, False, True, True, True, True, True, True, True, True, True, False, False, False, False, False, True, True, False, True, False, True, False, True, False, False, True, True, False, False, False, False, False, False, True, False, True]"
8,0.9223606274230104,"[True, True, True, True, True, True, False, True, True, True, True, True, False, False, False, False, False, True, True, True, True, False, True, False, True, False, True, False, True, False, True, True, True, True, True, False, False, False, False, False]"
8,0.9995010080744882,"[True, True, True, True, True, True, True, True, True, True, True, True, True, True, False, False, True, False, True, True, True, False, True, False, True, False, True, False, False, True, False, False, False, True, True, True, False, True, False, True]"
8,0.03457916717113591,"[True, False, True, True, False, True, True, False, True, True, False, True, True, True, False, False, False, True, True, True, False, False, True, True, True, False, False, False, True, False, True, False, True, False, False, True, False, False, False, False]"
8,0.26196152335954964,"[True, True, False, True, True, True, True, True, True, True, True, False, False, True, True, True, True, False, True, False, True, False, True, True, True, False, False, False, False, True, False, False, True, False, False, False, True, False, False, True]"
8,0.9950585405627779,"[True, True, True, True, True, True, True, True, True, True, False, True, True, True, True, True, True, False, False, False, True, False, True, True, False, False, False, True, True, True, False, True, False, False, True, False, False, True, True, False]"
8,0.9946032038454249,"[True, True, True, True, True, True, True, True, True, True, False, True, True, True, False, False, True, False, False, False, True, False, True, True, True, False, False, True, True, True, False, True, False, False, True, True, False, True, True, False]"
8,0.9951215933395379,"[True, True, True, True, True, True, True, True, True, True, False, True, True, True, True, True, True, True, True, True, False, True, False, True, False, True, False, True, True, True, True, False, False, True, False, True, False, True, True, True]"
8,0.9999704009255653,"[True, True, True, True, True, True, True, True, True, True, True, True, True, True, True, True, True, True, False, False, True, True, True, False, False, True, False, True, False, True, True, True, False, False, False, True, True, True, True, True]"
8,0.9969335530042522,"[True, True, True, True, True, True, True, True, True, True, True, False, True, False, True, True, True, True, True, False, False, False, False, False, False, False, True, True, True, True, True, False, False, False, True, False, False, False, True, False]"
8,0.05603538556102543,"[True, False, True, True, True, True, True, True, True, True, True, False, False, True, True, True, True, False, True, False, True, False, True, True, True, False, False, False, False, True, False, False, True, False, False, True, True, False, True, True]"
8,0.9210406595962533,"[True, True, True, True, True, True, False, True, True, True, True, False, False, True, True, True, False, False, True, False, True, False, True, True, True, False, False, False, False, True, False, False, False, False, False, False, True, False, False, True]"
8,0.9990431595757188,"[True, True, True, True, True, True, True, True, True, True, True, True, True, False, False, True, True, False, True, True, True, False, False, True, True, True, True, True, True, True, True, True, False, False, False, True, True, False, True, True]"
8,0.9923251918740532,"[True, True, True, True, True, True, True, True, True, True, False, False, True, True, False, True, True, False, False, False, False, True, True, True, False, False, False, True, True, True, True, True, False, False, False, False, True, False, False, False]"
8,0.9946672518105185,"[True, True, True, True, True, True, True, True, True, True, False, True, True, True, False, False, True, True, True, True, False, True, True, True, True, False, False, True, False, True, True, True, False, False, False, True, True, False, True, False]"
8,0.9990336198094586,"[True, True, True, True, True, True, True, True, True, True, True, True, True, False, False, True, True, False, True, False, True, False, False, True, True, True, True, True, True, False, True, False, False, True, False, False, False, False, True, False]"
8,0.9946263661320712,"[True, True, True, True, True, True, True, True, True, True, False, True, True, True, False, False, True, False, True, True, False, False, True, False, True, False, True, False, True, False, False, True, True, True, False, False, True, True, False, True]"
8,0.9997089745589045,"[True, True, True, True, True, True, True, True, True, True, True, True, True, True, True, False, False, False, False, True, False, True, True, True, True, False, True, False, True, True, False, True, False, False, True, False, False, True, True, False]"
8,0.7268820694960719,"[True, True, True, True, False, True, True, True, True, True, True, True, False, True, True, False, False, True, True, True, False, False, True, True, True, False, True, False, True, False, True, False, True, True, True, False, False, False, False, False]"
8,0.9771141507190636,"[True, True, True, True, True, True, True, True, False, True, True, False, True, False, False, False, False, True, True, True, False, False, True, False, True, False, True, False, True, False, False, True, False, False, True, False, True, True, True, True]"
8,0.721669212598948,"[True, True, True, True, False, True, True, True, True, True, False, False, True, False, False, False, True, True, False, False, False, True, True, True, True, True, False, False, True, True, False, True, False, True, False, False, True, True, True, True]"
8,0.9983295483629919,"[True, True, True, True, True, True, True, True, True, True, True, True, False, True, False, True, False, False, False, False, True, False, True, True, False, True, False, True, False, True, True, False, True, False, False, True, True, False, False, True]"
8,0.9592524478691229,"[True, True, True, True, True, True, True, False, True, True, True, False, True, True, True, True, True, True, True, False, True, True, True, False, False, False, False, True, False, True, False, True, False, False, True, True, False, False, True, True]"
8,0.9975458812987845,"[True, True, True, True, True, True, True, True, True, True, True, False, True, True, True, True, True, True, True, False, False, True, True, False, False, False, False, True, True, True, True, False, False, False, True, True, False, False, True, True]"
8,0.9941706170141695,"[True, True, True, True, True, True, True, True, True, True, False, True, True, False, False, True, True, False, True, True, False, False, True, False, False, False, True, False, True, False, True, False, True, True, True, True, False, True, False, False]"
8,0.9994039214803374,"[True, True, True, True, True, True, True, True, True, True, True, True, True, True, False, False, False, False, False, True, False, True, True, True, True, False, True, False, True, True, False, True, True, False, False, False, False, True, True, False]"
8,0.9974513256181587,"[True, True, True, True, True, True, True, True, True, True, True, False, True, True, True, True, False, True, False, False, False, True, True, True, False, False, False, True, True, True, True, True, False, False, True, True, False, False, True, True]"
8,0.7239669826265663,"[True, True, True, True, False, True, True, True, True, True, False, True, True, True, False, False, True, True, True, True, False, False, True, False, True, True, False, False, True, False, False, False, True, True, False, True, False, True, False, False]"
8,0.994643393144861,"[True, True, True, True, True, True, True, True, True, True, False, True, True, True, False, False, True, True, False, False, True, True, True, True, False, True, False, True, True, True, True, False, False, True, False, True, False, True, True, True]"
8,0.9996518681459791,"[True, True, True, True, True, True, True, True, True, True, True, True, True, True, False, True, True, False, True, True, False, True, True, True, True, True, False, True, False, True, True, True, False, False, False, True, False, False, True, True]"
8,0.999680488873338,"[True, True, True, True, True, True, True, True, True, True, True, True, True, True, False, True, True, True, True, False, False, True, True, True, True, True, False, True, True, True, True, True, False, True, False, False, False, True, True, True]"
8,0.9998189230656305,"[True, True, True, True, True, True, True, True, True, True, True, True, True, True, True, False, True, True, False, True, False, False, False, False, False, False, True, False, True, True, False, True, True, False, True, True, False, True, False, True]"
8,0.9995354005941768,"[True, True, True, True, True, True, True, True, True, True, True, True, True, True, False, False, True, True, True, True, False, True, False, False, False, True, False, True, True, True, True, False, False, True, False, True, False, True, True, True]"
8,0.0009755509135279452,"[False, True, True, True, True, True, True, True, True, True, True, True, True, True, False, False, True, False, False, True, True, False, True, False, True, False, True, False, False, True, True, False, False, False, False, False, False, True, False, True]"
8,0.999686927990341,"[True, True, True, True, True, True, True, True, True, True, True, True, True, True, False, True, True, True, True, True, False, False, True, False, True, False, True, False, True, True, False, True, True, False, True, False, False, True, False, True]"
8,0.9991020782638063,"[True, True, True, True, True, True, True, True, True, True, True, True, True, False, True, False, False, False, False, True, True, True, False, False, True, True, True, False, True, True, False, True, True, False, True, False, False, False, False, True]"
8,0.9975062821457114,"[True, True, True, True, True, True, True, True, True, True, True, False, True, True, True, True, True, False, True, False, False, False, True, True, True, False, False, False, True, False, False, False, True, False, False, False, True, False, False, True]"
8,0.9935523259602498,"[True, True, True, True, True, True, True, True, True, True, False, True, False, True, False, True, True, False, False, True, True, True, True, True, False, False, False, True, False, True, False, True, False, True, False, False, False, False, False, True]"
8,0.9946564430729793,"[True, True, True, True, True, True, True, True, True, True, False, True, True, True, False, False, True, True, True, False, False, True, False, True, False, True, False, True, True, True, True, False, False, True, False, True, True, True, True, False]"
8,0.9989245285652217,"[True, True, True, True, True, True, True, True, True, True, True, True, True, False, False, False, True, True, True, True, False, False, True, False, True, True, False, False, True, False, False, False, True, True, False, True, False, True, False, True]"
step,fitness,genome
9,0.9971663613054709,"[True, True, True, True, True, True, True, True, True, True, True, False, True, True, False, True, False, True, True, False, False, True, True, True, True, True, False, True, True, True, True, False, True, True, False, False, False, False, True, True]"
9,0.9999448884435336,"[True, True, True, True, True, True, True, True, True, True, True, True, True, True, True, True, True, False, True, False, False, False, True, True, True, False, False, False, True, False, False, True, False, False, True, False, True, True, False, True]"
9,0.8540548337620139,"[True, True, True, True, True, False, True, True, True, True, True, True, True, True, True, False, False, False, True, True, False, True, True, True, True, False, True, False, True, True, False, True, True, True, True, False, False, True, True, False]"
9,0.05622991580206368,"[True, False, True, True, True, True, True, True, True, True, True, True, True, False, False, False, True, False, True, True, False, False, True, False, True, True, False, False, True, False, False, False, True, True, False, False, False, True, False, True]"
9,0.9990437178154753,"[True, True, True, True, True, True, True, True, True, True, True, True, True, False, False, True, True, False, True, True, True, False, True, False, True, True, True, False, True, True, True, True, False, False, False, True, False, False, True, True]"
9,0.9989233795684763,"[True, True, True, True, True, True, True, True, True, True, True, True, True, False, False, False, True, True, True, True, False, False, False, False, True, True, False, True, True, False, True, False, True, True, False, True, True, True, False, True]"
9,0.9975268408162632,"[True, True, True, True, True, True, True, True, True, True, True, False, True, True, True, True, True, True, False, False, False, True, True, False, False, False, False, True, True, False, True, False, False, False, True, True, False, False, True, True]"
9,0.9983212808215054,"[True, True, True, True, True, True, True, True, True, True, True, True, False, True, False, False, True, True, True, True, True, True, False, True, False, True, True, True, False, False, True, False, False, True, False, True, True, False, True, True]"
9,0.9996874494205206,"[True, True, True, True, True, True, True, True, True, True, True, True, True, True, False, True, True, True, True, True, False, False, True, True, True, False, False, False, True, True, False, True, True, False, True, False, True, False, False, True]"
9,0.999535477668898,"[True, True, True, True, True, True, True, True, True, True, True, True, True, True, False, False, True, True, True, True, False, True, False, False, False, True, True, True, True, True, True, True, False, True, True, True, False, True, False, True]"
9,0.9984725959819589,"[True, True, True, True, True, True, True, True, True, True, True, True, False, True, False, True, True, True, True, True, True, False, True, True, True, False, True, False, True, True, False, True, True, False, True, False, False, False, False, True]"
9,0.9996666683060986,"[True, True, True, True, True, True, True, True, True, True, True, True, True, True, False, True, True, True, False, True, False, False, False, False, True, False, True, False, True, True, False, True, True, False, True, False, False, True, False, True]"
9,0.4431428263519603,"[True, True, True, False, True, False, True, True, True, True, True, True, True, True, False, True, True, False, False, False, True, False, True, False, True, True, True, False, False, True, True, False, False, False, False, True, False, True, False, True]"
9,0.9990973102937243,"[True, True, True, True, True, True, True, True, True, True, True, True, True, False, True, False, False, False, False, True, False, True, False, False, True, True, True, False, True, True, False, False, False, False, True, False, False, True, False, False]"
9,0.0562884052816274,"[True, False, True, True, True, True, True, True, True, True, True, True, True, True, False, True, True, True, False, False, True, True, True, False, True, True, False, True, False, True, False, True, False, False, False, True, True, True, True, True]"
9,0.999592116489423,"[True, True, True, True, True, True, True, True, True, True, True, True, True, True, False, True, False, True, False, True, False, False, True, True, True, False, False, False, True, True, True, True, False, False, True, True, False, False, True, True]"
9,0.9997084159118631,"[True, True, True, True, True, True, True, True, True, True, True, True, True, True, True, False, False, False, False, True, False, True, True, False, True, False, True, True, True, True, False, True, False, False, True, False, False, True, True, False]"
9,0.05627867494825189,"[True, False, True, True, True, True, True, True, True, True, True, True, True, True, False, False, True, True, True, True, False, True, False, True, False, True, False, False, True, True, True, True, False, True, False, True, False, True, True, True]"
9,0.03481624961055995,"[True, False, True, True, False, True, True, False, True, True, True, True, True, True, False, False, False, True, True, True, False, False, True, False, True, True, False, False, True, False, False, True, True, True, False, False, False, False, True, False]"
9,0.9996518634908252,"[True, True, True, True, True, True, True, True, True, True, True, True, True, True, False, True, True, False, True, True, False, True, True, True, True, True, False, True, False, True, False, True, False, False, False, True, False, False, True, True]"
9,0.0005787105559440399,"[False, True, True, True, True, False, False, True, False, True, True, True, True, False, False, True, True, False, False, False, True, False, True, False, True, True, True, False, False, True, True, False, False, False, False, False, False, True, True, True]"
9,0.0009724186236308713,"[False, True, True, True, True, True, True, True, True, True, True, True, False, False, True, False, False, False, False, True, False, False, False, True, True, False, False, True, True, True, True, True, False, False, True, True, True, False, True, True]"
9,0.9749118486555671,"[True, True, True, True, True, True, True, True, False, True, False, True, True, False, False, True, True, False, True, True, False, False, True, False, False, False, True, False, True, True, True, False, True, True, True, True, False, True, False, False]"
9,0.0009757659987382098,"[False, True, True, True, True, True, True, True, True, True, True, True, True, True, False, True, False, True, False, True, False, False, True, True, True, False, False, False, True, True, True, True, False, False, True, True, False, False, True, True]"
9,0.9994967871768962,"[True, True, True, True, True, True, True, True, True, True, True, True, True, True, False, False, True, False, True, True, False, False, True, True, True, False, False, False, True, True, True, False, True, True, False, False, False, True, True, True]"
9,0.9994819481176737,"[True, True, True, True, True, True, True, True, True, True, True, True, True, True, False, False, True, False, False, True, True, False, True, False, True, False, True, False, False, True, True, False, True, False, False, False, False, True, False, True]"
9,0.9996518873484889,"[True, True, True, True, True, True, True, True, True, True, True, True, True, True, False, True, True, False, True, True, False, True, True, True, True, True, False, True, True, True, True, True, False, True, False, True, False, False, True, True]"
9,0.9969334787041015,"[True, True, True, True, True, True, True, True, True, True, True, False, True, False, True, True, True, True, True, False, False, False, False, False, False, False, False, True, True, True, True, False, False, False, True, False, False, False, True, False]"
9,0.9994037725486782,"[True, True, True, True, True, True, True, True, True, True, True, True, True, True, False, False, False, False, False, True, False, True, True, True, False, True, True, False, True, True, False, True, True, False, False, False, False, True, True, False]"
9,0.9995343943686353,"[True, True, True, True, True, True, True, True, True, True, True, True, True, True, False, False, True, True, True, True, False, False, True, False, True, False, True, False, True, True, False, True, True, True, True, True, True, True, False, True]"
9,0.2627421999521281,"[True, True, False, True, True, True, True, True, True, True, True, True, True, False, False, False, True, False, True, True, True, False, True, False, True, False, True, False, False, True, False, False, False, True, True, True, False, True, False, True]"
9,0.9990989504446232,"[True, True, True, True, True, True, True, True, True, True, True, True, True, False, True, False, False, False, False, True, False, True, True, True, True, False, True, False, True, True, False, True, False, False, True, False, False, True, True, True]"
9,0.0009762090845396367,"[False, True, True, True, True, True, True, True, True, True, True, True, True, True, True, False, True, True, False, True, False, False, False, False, False, True, False, True, True, True, True, False, False, True, True, True, False, True, False, True]"
9,0.9993200586554526,"[True, True, True, True, True, True, True, True, True, True, True, True, True, False, True, True, True, False, False, False, True, False, True, False, True, True, True, False, False, True, True, False, False, False, False, False, False, True, False, True]"
9,0.9242584091235166,"[True, True, True, True, True, True, False, True, True, True, True, True, True, True, False, True, True, True, False, True, False, True, True, True, True, False, True, False, True, True, False, True, False, False, True, False, False, False, True, True]"
9,0.9989815559377605,"[True, True, True, True, True, True, True, True, True, True, True, True, True, False, False, True, False, True, False, True, False, False, True, False, True, False, False, False, True, True, False, True, False, False, False, False, False, False, False, True]"
9,0.9989166130543121,"[True, True, True, True, True, True, True, True, True, True, True, True, True, False, False, False, True, True, True, False, False, True, False, True, False, True, True, True, True, True, False, True, True, True, False, True, False, True, True, True]"
9,0.9975323348351083,"[True, True, True, True, True, True, True, True, True, True, True, False, True, True, True, True, True, True, False, False, True, True, True, True, False, True, False, True, False, True, True, True, False, False, False, True, True, True, True, True]"
9,0.9791334857683057,"[True, True, True, True, True, True, True, True, False, True, True, True, False, True, False, True, True, True, True, True, False, False, True, False, True, False, True, False, True, False, False, True, True, False, True, False, False, True, False, True]"
9,0.9843934226209304,"[True, True, True, True, True, True, True, True, True, False, False, True, True, False, False, False, True, True, True, True, True, True, True, False, True, True, False, False, True, False, False, False, True, False, True, True, False, True, True, False]"
9,0.9994812825872562,"[True, True, True, True, True, True, True, True, True, True, True, True, True, True, False, False, True, False, False, True, True, False, False, True, True, False, False, False, True, False, False, False, True, False, False, False, True, False, True, True]"
9,0.9947972191961864,"[True, True, True, True, True, True, True, True, True, True, False, True, True, True, False, True, True, True, False, True, False, False, True, False, True, False, True, False, True, True, False, True, True, False, True, False, False, True, False, True]"
9,0.9996193943038549,"[True, True, True, True, True, True, True, True, True, True, True, True, True, True, False, True, True, False, False, False, False, False, False, True, False, True, False, True, False, True, True, True, False, False, False, True, False, True, True, True]"
9,0.9982295769216297,"[True, True, True, True, True, True, True, True, True, True, True, True, False, True, False, False, False, True, True, False, False, False, True, True, False, True, False, True, True, False, True, False, True, False, False, True, True, False, False, True]"
9,0.0009744629853259279,"[False, True, True, True, True, True, True, True, True, True, True, True, True, False, False, False, True, True, True, True, False, False, True, False, True, True, False, False, True, False, False, False, True, False, False, True, False, False, False, True]"
9,0.9990775747746029,"[True, True, True, True, True, True, True, True, True, True, True, True, True, False, False, True, True, True, True, True, False, False, True, True, True, True, False, False, True, False, False, False, True, True, False, True, False, True, False, True]"
9,0.9970093816721352,"[True, True, True, True, True, True, True, True, True, True, True, False, True, True, False, False, False, True, False, True, True, True, True, True, True, True, False, False, True, True, True, True, False, True, False, True, False, False, True, True]"
9,0.9999703974331987,"[True, True, True, True, True, True, True, True, True, True, True, True, True, True, True, True, True, True, False, False, True, True, True, False, False, True, False, True, False, True, False, True, True, False, False, True, True, True, True, True]"
9,0.9996197853617814,"[True, True, True, True, True, True, True, True, True, True, True, True, True, True, False, True, True, False, False, False, False, False, False, True, True, True, True, True, True, True, True, True, False, False, False, True, True, False, True, True]"
9,0.9991034171675118,"[True, True, True, True, True, True, True, True, True, True, True, True, True, False, True, False, False, False, False, True, True, True, True, True, False, False, True, False, True, True, False, True, False, False, True, False, False, True, True, False]"
9,0.9996707680859094,"[True, True, True, True, True, True, True, True, True, True, True, True, True, True, False, True, True, True, False, True, False, True, True, True, True, False, False, False, True, True, True, True, False, False, False, False, False, False, True, True]"
9,0.9215659309187129,"[True, True, True, True, True, True, False, True, True, True, True, False, True, False, True, False, True, True, True, False, False, False, False, False, False, False, True, True, True, True, True, False, False, False, True, False, False, False, True, False]"
9,0.9973796667310326,"[True, True, True, True, True, True, True, True, True, True, True, False, True, True, True, False, True, True, False, False, True, True, True, False, True, False, False, True, True, True, True, False, False, False, True, False, True, True, False, True]"
9,0.9995354005850856,"[True, True, True, True, True, True, True, True, True, True, True, True, True, True, False, False, True, True, True, True, False, True, False, False, False, True, False, True, True, True, True, False, False, True, False, True, False, True, True, False]"
9,0.7260610024147021,"[True, True, True, True, False, True, True, True, True, True, True, False, True, True, True, True, False, True, False, False, False, True, True, True, False, False, False, True, True, True, True, True, False, False, False, True, False, False, True, True]"
9,0.9996684559104323,"[True, True, True, True, True, True, True, True, True, True, True, True, True, True, False, True, True, True, False, True, False, False, True, True, True, False, True, False, True, True, False, True, True, False, True, False, False, True, False, True]"
9,0.9975458812987845,"[True, True, True, True, True, True, True, True, True, True, True, False, True, True, True, True, True, True, True, False, False, True, True, False, False, False, False, True, True, True, True, False, False, False, True, True, False, False, True, True]"
9,0.9990431598665064,"[True, True, True, True, True, True, True, True, True, True, True, True, True, False, False, True, True, False, True, True, True, False, False, True, True, True, True, True, True, True, True, True, False, False, True, True, True, False, True, True]"
9,0.26228636412757095,"[True, True, False, True, True, True, True, True, True, True, True, False, True, True, True, False, True, True, False, False, False, True, True, False, False, False, False, True, True, False, True, True, False, False, True, True, False, False, True, True]"
9,0.9964357932189771,"[True, True, True, True, True, True, True, True, True, True, True, False, True, False, False, False, True, False, False, True, True, False, True, False, True, False, True, False, False, True, False, False, False, False, False, False, False, True, False, True]"
9,0.7268382149560434,"[True, True, True, True, False, True, True, True, True, True, True, True, False, True, True, False, False, False, False, True, False, False, False, True, True, False, False, True, True, True, True, True, False, False, True, False, True, False, True, True]"
9,0.9994819492812841,"[True, True, True, True, True, True, True, True, True, True, True, True, True, True, False, False, True, False, False, True, True, False, True, False, True, False, True, False, False, True, True, True, False, False, False, False, False, True, False, True]"
9,0.2627907734274274,"[True, True, False, True, True, True, True, True, True, True, True, True, True, False, False, True, True, True, False, False, True, False, False, True, True, True, True, True, True, False, True, False, False, True, False, False, False, False, True, True]"
9,0.8542486105798126,"[True, True, True, True, True, False, True, True, True, True, True, True, True, True, True, True, True, False, True, False, True, True, True, False, False, True, False, True, False, True, True, True, False, True, True, True, True, True, True, False]"
9,0.9994812827327074,"[True, True, True, True, True, True, True, True, True, True, True, True, True, True, False, False, True, False, False, True, True, False, False, True, True, False, False, False, True, False, False, False, True, False, False, True, True, False, True, True]"
9,0.92372841555903,"[True, True, True, True, True, True, False, True, True, True, True, True, True, False, True, False, False, False, False, True, True, True, False, False, True, True, True, False, True, True, False, True, True, True, False, False, True, False, False, True]"
9,0.9995224600988667,"[True, True, True, True, True, True, True, True, True, True, True, True, True, True, False, False, True, True, False, True, True, True, True, False, True, False, True, False, False, True, True, False, False, False, False, True, False, True, False, True]"
9,0.989947863591676,"[True, True, True, True, True, True, True, True, True, False, True, True, True, True, False, True, True, True, False, True, False, False, True, False, True, False, False, False, True, False, False, True, True, False, True, False, False, False, False, True]"
9,0.0009705467198346339,"[False, True, True, True, True, True, True, True, True, True, True, False, True, False, True, True, True, True, False, False, False, False, True, False, False, False, False, True, True, False, True, False, False, True, True, True, False, False, True, True]"
9,0.0009750628370768419,"[False, True, True, True, True, True, True, True, True, True, True, True, True, False, True, False, True, True, True, True, False, True, True, False, True, True, True, False, True, False, False, False, True, False, False, False, False, True, False, True]"
9,0.960997118762074,"[True, True, True, True, True, True, True, False, True, True, True, True, True, False, True, True, True, True, False, False, True, False, True, False, False, True, False, True, False, True, True, True, False, False, False, True, True, True, True, True]"
9,0.9995353627750184,"[True, True, True, True, True, True, True, True, True, True, True, True, True, True, False, False, True, True, True, True, False, True, False, False, False, True, False, False, True, True, True, False, False, False, False, True, False, True, True, True]"
9,0.9995240729410972,"[True, True, True, True, True, True, True, True, True, True, True, True, True, True, False, False, True, True, True, False, False, False, False, True, False, True, False, True, True, False, True, True, False, False, False, True, False, True, True, True]"
9,0.9990197280804369,"[True, True, True, True, True, True, True, True, True, True, True, True, True, False, False, True, True, False, False, True, False, False, True, False, True, False, True, False, False, True, True, False, True, False, False, True, False, False, True, True]"
9,0.9995240729410972,"[True, True, True, True, True, True, True, True, True, True, True, True, True, True, False, False, True, True, True, False, False, False, False, True, False, True, False, True, True, False, True, True, False, False, False, True, False, True, True, True]"
9,0.9995138389191308,"[True, True, True, True, True, True, True, True, True, True, True, True, True, True, False, False, True, True, False, True, False, False, False, False, False, False, True, False, True, True, False, True, True, False, True, True, False, True, False, True]"
9,0.2571439585362409,"[True, True, False, True, True, True, True, True, False, True, True, True, True, True, False, True, False, True, False, True, True, True, True, True, True, True, False, True, True, False, True, True, False, False, False, True, False, True, True, True]"
9,0.056287376703383185,"[True, False, True, True, True, True, True, True, True, True, True, True, True, True, False, True, True, False, True, True, False, True, True, True, True, True, False, True, False, True, True, True, False, False, False, True, False, False, True, True]"
9,0.9995917999378525,"[True, True, True, True, True, True, True, True, True, True, True, True, True, True, False, True, False, True, False, True, False, False, True, True, False, False, False, False, False, True, True, True, False, False, True, True, False, False, False, True]"
9,0.9567805312701236,"[True, True, True, True, True, True, True, False, True, True, False, True, True, True, True, True, False, False, False, True, False, True, True, True, True, False, True, False, True, True, False, True, False, False, True, False, False, False, True, False]"
9,0.9995240729410972,"[True, True, True, True, True, True, True, True, True, True, True, True, True, True, False, False, True, True, True, False, False, False, False, True, False, True, False, True, True, False, True, True, False, False, False, True, False, True, True, True]"
9,0.9804302573677373,"[True, True, True, True, True, True, True, True, False, True, True, True, True, True, True, False, True, False, False, True, True, False, True, False, True, False, True, False, False, True, True, False, False, False, False, False, False, True, False, True]"
9,0.5231132201636431,"[True, True, True, False, True, True, True, True, True, True, True, True, False, False, False, False, False, False, True, True, False, False, True, False, True, True, True, False, False, False, True, False, True, True, True, False, False, False, False, True]"
9,0.9966651651827905,"[True, True, True, True, True, True, True, True, True, True, True, False, True, False, True, False, False, False, False, True, True, True, False, False, True, False, True, False, True, False, False, True, False, True, True, False, False, False, False, True]"
9,0.9996367830860046,"[True, True, True, True, True, True, True, True, True, True, True, True, True, True, False, True, True, False, False, True, True, True, True, False, True, False, False, False, False, True, True, False, False, False, False, False, False, True, False, False]"
9,0.9940619649387743,"[True, True, True, True, True, True, True, True, True, True, False, True, True, False, False, False, True, True, True, True, True, False, True, False, True, True, True, False, True, False, False, False, True, False, True, True, True, True, True, False]"
9,0.9994819853713892,"[True, True, True, True, True, True, True, True, True, True, True, True, True, True, False, False, True, False, False, True, True, False, True, False, True, False, True, True, False, True, True, False, True, False, False, False, False, True, True, True]"
9,0.9611316677434367,"[True, True, True, True, True, True, True, False, True, True, True, True, True, True, False, False, True, False, True, True, False, True, False, False, False, True, False, False, True, False, True, False, False, True, False, True, False, False, True, True]"
9,0.9972708876178015,"[True, True, True, True, True, True, True, True, True, True, True, False, True, True, True, False, False, False, False, True, False, True, True, True, True, False, True, False, True, True, False, True, False, False, True, False, False, True, True, False]"
9,0.9970983637742735,"[True, True, True, True, True, True, True, True, True, True, True, False, True, True, False, False, True, True, True, True, False, True, False, True, False, True, True, True, True, True, True, False, False, True, True, True, False, True, True, True]"
9,0.7276978984457341,"[True, True, True, True, False, True, True, True, True, True, True, True, True, True, False, True, True, False, False, True, False, False, True, False, True, False, True, False, False, True, True, False, False, False, False, True, False, False, True, True]"
9,0.9998195190150999,"[True, True, True, True, True, True, True, True, True, True, True, True, True, True, True, False, True, True, False, True, False, False, False, True, False, False, True, False, True, True, False, True, True, False, True, True, False, True, False, True]"
9,0.9991222159793404,"[True, True, True, True, True, True, True, True, True, True, True, True, True, False, True, False, False, False, True, True, True, True, True, False, True, False, True, True, True, True, False, True, True, False, True, False, False, False, False, True]"
9,0.9981995441987526,"[True, True, True, True, True, True, True, True, True, True, True, True, False, True, False, False, False, False, True, True, False, False, False, False, True, True, True, False, False, False, True, False, True, True, True, False, False, False, False, True]"
9,0.9994038441147739,"[True, True, True, True, True, True, True, True, True, True, True, True, True, True, False, False, False, False, False, True, False, True, True, True, True, False, False, False, True, True, False, False, False, True, False, False, False, True, True, True]"
9,0.9991906706456547,"[True, True, True, True, True, True, True, True, True, True, True, True, True, False, True, False, True, False, True, True, False, False, False, True, True, False, True, False, True, True, False, True, False, False, False, False, False, True, True, False]"
9,0.9969334740603424,"[True, True, True, True, True, True, True, True, True, True, True, False, True, False, True, True, True, True, True, False, False, False, False, False, False, False, False, True, True, True, False, False, False, False, True, False, False, False, True, False]"
9,0.999686927990341,"[True, True, True, True, True, True, True, True, True, True, True, True, True, True, False, True, True, True, True, True, False, False, True, False, True, False, True, False, True, True, False, True, True, False, True, False, False, True, False, True]"
9,0.5028342179358841,"[True, True, True, False, True, True, True, False, True, True, True, True, True, True, False, True, True, True, False, True, False, False, True, False, True, False, True, False, True, True, False, True, True, False, True, True, False, True, False, True]"
9,0.9998198170081415,"[True, True, True, True, True, True, True, True, True, True, True, True, True, True, True, False, True, True, False, True, False, False, False, True, True, False, True, False, True, True, False, True, True, False, True, True, False, True, True, True]"
step,fitness,genome
10,0.9899172179508209,"[True, True, True, True, True, True, True, True, True, False, True, True, True, True, False, True, True, False, False, True, True, True, True, False, True, False, True, False, False, True, True, True, False, False, False, False, False, True, False, False]"
10,0.8874246303402706,"[True, True, True, True, True, True, False, False, True, True, True, True, False, True, False, True, True, True, True, True, False, False, True, False, True, False, True, False, True, True, False, True, True, False, True, False, False, True, False, True]"
10,0.9993831703677291,"[True, True, True, True, True, True, True, True, True, True, True, True, True, False, True, True, True, True, True, True, False, True, False, False, True, True, False, True, True, False, False, False, False, False, False, True, True, True, True, True]"
10,0.999639776104191,"[True, True, True, True, True, True, True, True, True, True, True, True, True, True, False, True, True, False, True, False, False, False, True, True, True, False, False, False, True, False, True, True, True, True, True, False, True, True, False, True]"
10,0.7278405333711714,"[True, True, True, True, False, True, True, True, True, True, True, True, True, True, True, False, True, True, False, True, False, False, False, True, False, False, True, False, True, True, False, True, True, True, True, True, False, True, True, True]"
10,0.9590215102996055,"[True, True, True, True, True, True, True, False, True, True, True, False, True, True, True, False, False, True, False, True, True, False, True, True, True, True, False, False, True, True, True, True, False, False, False, True, False, False, False, True]"
10,0.8540031195368443,"[True, True, True, True, True, False, True, True, True, True, True, True, True, True, False, True, True, True, False, True, False, False, True, True, True, False, True, False, True, True, False, True, True, False, True, False, False, False, False, True]"
10,0.9191688083463267,"[True, True, True, True, True, True, False, True, True, True, False, True, True, False, False, True, True, True, True, True, False, False, True, False, True, False, True, False, True, True, False, True, True, False, True, False, False, True, False, True]"
10,0.9996194134876196,"[True, True, True, True, True, True, True, True, True, True, True, True, True, True, False, True, True, False, False, False, False, False, False, True, False, True, False, True, True, True, True, True, False, True, False, True, False, True, False, True]"
10,0.25414272822603917,"[True, True, False, True, True, True, True, True, False, False, True, True, True, False, True, False, False, False, True, True, True, True, True, False, True, False, True, True, True, True, False, True, True, False, True, False, False, False, False, True]"
10,0.9994849595637093,"[True, True, True, True, True, True, True, True, True, True, True, True, True, True, False, False, True, False, False, True, True, True, True, True, True, False, True, True, False, True, False, False, True, False, False, False, False, True, True, True]"
10,0.0009756253569696164,"[False, True, True, True, True, True, True, True, True, True, True, True, True, True, False, False, True, True, False, True, True, False, True, False, True, False, True, False, False, True, True, True, False, False, False, False, False, True, False, True]"
10,0.989805713753819,"[True, True, True, True, True, True, True, True, True, False, True, True, True, True, False, False, True, True, True, False, False, False, False, True, True, True, False, True, True, False, True, True, False, False, False, True, False, True, True, True]"
10,0.9989166130543121,"[True, True, True, True, True, True, True, True, True, True, True, True, True, False, False, False, True, True, True, False, False, True, False, True, False, True, True, True, True, True, False, True, True, True, False, True, False, True, True, True]"
10,0.9990061155357691,"[True, True, True, True, True, True, True, True, True, True, True, True, True, False, False, True, False, True, True, True, True, False, True, True, True, True, False, False, True, False, True, False, True, True, False, True, False, True, False, True]"
10,0.9994668691562254,"[True, True, True, True, True, True, True, True, True, True, True, True, True, True, False, False, True, False, False, False, False, False, False, True, False, True, False, True, False, True, True, True, False, False, False, True, False, True, True, True]"
10,0.9241226196655244,"[True, True, True, True, True, True, False, True, True, True, True, True, True, True, False, False, True, True, True, False, False, False, True, True, False, False, False, True, True, False, True, True, True, False, False, True, False, True, True, True]"
10,0.8534593419928754,"[True, True, True, True, True, False, True, True, True, True, True, True, True, False, False, True, True, False, True, True, False, True, True, True, True, True, False, True, False, True, False, True, False, False, False, True, False, False, True, True]"
10,0.999475709301562,"[True, True, True, True, True, True, True, True, True, True, True, True, True, True, False, False, True, False, False, True, False, False, False, False, False, False, True, False, True, True, False, True, True, False, True, True, False, True, True, False]"
10,0.9996898329381977,"[True, True, True, True, True, True, True, True, True, True, True, True, True, True, False, True, True, True, True, True, False, True, True, True, True, False, False, False, True, True, False, True, True, False, True, False, True, False, False, True]"
10,0.9995153283842404,"[True, True, True, True, True, True, True, True, True, True, True, True, True, True, False, False, True, True, False, True, False, False, True, False, True, False, True, False, True, True, False, True, True, False, True, True, False, True, False, True]"
10,0.05631129200334152,"[True, False, True, True, True, True, True, True, True, True, True, True, True, True, True, True, True, True, False, False, True, True, True, False, False, True, False, True, False, True, False, True, True, False, False, False, False, True, True, True]"
10,0.9237210608446081,"[True, True, True, True, True, True, False, True, True, True, True, True, True, False, True, False, False, False, False, False, True, True, True, True, True, False, True, False, True, True, False, True, False, False, True, False, False, True, True, False]"
10,0.9898167048876175,"[True, True, True, True, True, True, True, True, True, False, True, True, True, True, False, False, True, True, True, True, False, True, False, False, False, True, True, True, False, True, True, True, False, True, True, True, False, True, False, True]"
10,0.9999720931785642,"[True, True, True, True, True, True, True, True, True, True, True, True, True, True, True, True, True, True, False, True, False, False, False, True, False, False, True, False, True, True, False, True, True, True, True, True, False, True, False, True]"
10,0.9996684559104323,"[True, True, True, True, True, True, True, True, True, True, True, True, True, True, False, True, True, True, False, True, False, False, True, True, True, False, True, False, True, True, False, True, True, False, True, False, False, True, False, True]"
10,0.5244439565037857,"[True, True, True, False, True, True, True, True, True, True, True, True, True, True, True, True, True, True, False, False, True, True, True, False, False, True, True, True, False, True, False, True, True, False, True, True, True, True, True, True]"
10,0.9241202828915194,"[True, True, True, True, True, True, False, True, True, True, True, True, True, True, False, False, True, True, False, True, True, True, True, False, True, True, True, False, False, True, True, False, False, False, False, True, False, True, False, True]"
10,0.9992094341812396,"[True, True, True, True, True, True, True, True, True, True, True, True, True, False, True, False, True, True, False, True, False, False, False, True, False, False, True, False, True, True, False, True, True, False, True, True, False, True, False, True]"
10,0.2630227471624928,"[True, True, False, True, True, True, True, True, True, True, True, True, True, True, True, False, True, True, False, True, True, False, False, True, False, False, True, False, True, True, False, True, True, False, True, True, False, True, False, True]"
10,0.9995343198940538,"[True, True, True, True, True, True, True, True, True, True, True, True, True, True, False, False, True, True, True, True, False, False, True, False, True, False, False, False, True, True, False, True, True, True, True, True, True, True, False, True]"
10,0.9996368203358221,"[True, True, True, True, True, True, True, True, True, True, True, True, True, True, False, True, True, False, False, True, True, True, True, False, True, False, False, True, False, True, True, False, False, False, False, False, False, True, False, True]"
10,0.9997274845382319,"[True, True, True, True, True, True, True, True, True, True, True, True, True, True, True, False, False, False, True, True, False, True, True, False, True, False, True, True, True, True, False, True, False, False, True, False, False, True, False, False]"
10,0.9971971836549647,"[True, True, True, True, True, True, True, True, True, True, True, False, True, True, False, True, True, False, False, True, True, False, True, True, True, False, True, True, False, True, True, False, True, False, False, False, False, True, True, True]"
10,0.6989932067021576,"[True, True, True, True, False, True, True, False, True, True, True, True, True, True, True, False, True, False, False, True, False, True, True, False, True, False, True, True, True, True, False, True, False, False, True, False, False, True, True, False]"
10,0.7277270157767689,"[True, True, True, True, False, True, True, True, True, True, True, True, True, True, False, True, True, True, False, True, False, False, True, True, True, False, True, False, True, True, False, True, True, False, False, False, False, True, False, True]"
10,0.9983212067188768,"[True, True, True, True, True, True, True, True, True, True, True, True, False, True, False, False, True, True, True, True, True, True, False, True, False, True, False, True, False, False, True, False, False, True, True, True, True, False, True, True]"
10,0.26293249217682274,"[True, True, False, True, True, True, True, True, True, True, True, True, True, True, False, False, True, True, True, False, False, False, False, True, False, True, False, True, True, True, True, True, False, False, False, True, True, True, True, False]"
10,0.999514136811993,"[True, True, True, True, True, True, True, True, True, True, True, True, True, True, False, False, True, True, False, True, False, False, False, False, True, False, True, False, True, True, False, True, True, False, True, True, False, True, False, True]"
10,0.26297589688379425,"[True, True, False, True, True, True, True, True, True, True, True, True, True, True, False, True, True, True, False, True, False, False, True, True, True, False, True, False, True, True, False, True, True, False, False, False, False, True, False, True]"
10,0.999686919261652,"[True, True, True, True, True, True, True, True, True, True, True, True, True, True, False, True, True, True, True, True, False, False, True, False, True, False, True, False, True, False, False, True, True, True, True, False, False, True, False, True]"
10,0.9989164641880115,"[True, True, True, True, True, True, True, True, True, True, True, True, True, False, False, False, True, True, True, False, False, True, False, True, False, False, True, True, True, True, False, True, True, True, False, True, False, True, True, True]"
10,0.9997887810939525,"[True, True, True, True, True, True, True, True, True, True, True, True, True, True, True, False, True, False, False, True, True, True, False, True, True, False, False, True, True, False, False, True, True, False, False, False, True, False, True, True]"
10,0.998893536199399,"[True, True, True, True, True, True, True, True, True, True, True, True, True, False, False, False, True, False, True, True, True, True, True, False, True, False, True, True, True, True, False, False, True, False, True, False, False, False, False, True]"
10,0.9990431598665064,"[True, True, True, True, True, True, True, True, True, True, True, True, True, False, False, True, True, False, True, True, True, False, False, True, True, True, True, True, True, True, True, True, False, False, True, True, True, False, True, True]"
10,0.9983212811121039,"[True, True, True, True, True, True, True, True, True, True, True, True, False, True, False, False, True, True, True, True, True, True, False, True, False, True, True, True, False, False, True, False, False, True, True, True, True, False, True, True]"
10,0.850962148449611,"[True, True, True, True, True, False, True, True, True, True, True, False, False, True, True, False, True, True, False, True, False, False, False, True, True, False, True, False, True, True, False, False, True, False, False, True, False, True, True, True]"
10,0.05198791202559607,"[True, False, True, True, True, True, True, False, False, True, True, True, True, False, False, False, True, False, True, True, True, False, False, True, True, True, True, True, True, True, True, True, False, True, True, True, True, False, True, True]"
10,0.05624761525157321,"[True, False, True, True, True, True, True, True, True, True, True, True, True, False, True, False, False, False, True, True, True, True, True, False, True, False, True, True, True, True, False, True, True, False, True, False, False, False, False, True]"
10,0.0008292662979276499,"[False, True, True, True, True, True, False, True, True, True, True, False, True, True, False, False, True, False, False, True, True, False, True, True, True, False, False, False, True, False, False, False, True, False, False, True, True, False, True, True]"
10,0.9991751851344941,"[True, True, True, True, True, True, True, True, True, True, True, True, True, False, True, False, True, False, False, True, False, True, True, True, True, False, True, False, True, True, False, True, False, False, True, False, False, True, True, True]"
10,0.9969334787041015,"[True, True, True, True, True, True, True, True, True, True, True, False, True, False, True, True, True, True, True, False, False, False, False, False, False, False, False, True, True, True, True, False, False, False, True, False, False, False, True, False]"
10,0.0009711501920192781,"[False, True, True, True, True, True, True, True, True, True, True, False, True, True, False, True, True, True, False, False, True, False, True, True, False, False, True, True, True, False, True, False, False, False, True, False, False, False, False, True]"
10,0.9902528296332939,"[True, True, True, True, True, True, True, True, True, False, True, True, True, True, True, True, True, True, False, True, False, True, True, False, True, True, False, False, True, False, False, True, True, False, True, False, False, False, True, True]"
10,0.9995243356361452,"[True, True, True, True, True, True, True, True, True, True, True, True, True, True, False, False, True, True, True, False, False, False, False, True, True, True, False, False, True, False, True, True, True, True, True, True, False, True, True, True]"
10,0.9996675978949072,"[True, True, True, True, True, True, True, True, True, True, True, True, True, True, False, True, True, True, False, True, False, False, True, False, False, False, True, True, True, True, False, True, False, False, False, False, False, True, False, True]"
10,0.999534565391094,"[True, True, True, True, True, True, True, True, True, True, True, True, True, True, False, False, True, True, True, True, False, False, True, False, True, True, True, True, False, True, True, True, False, True, True, True, True, False, False, True]"
10,0.44216484478518336,"[True, True, True, False, True, False, True, True, True, True, True, True, False, False, False, False, False, False, True, True, False, False, True, False, False, True, False, False, True, True, True, False, True, True, True, True, False, True, False, True]"
10,0.9062240585129308,"[True, True, True, True, True, True, False, True, False, True, True, True, True, True, False, True, True, True, False, True, False, True, True, True, True, False, True, False, False, True, False, False, False, False, True, False, True, False, True, True]"
10,0.9999448860425867,"[True, True, True, True, True, True, True, True, True, True, True, True, True, True, True, True, True, False, True, False, False, False, True, True, True, False, False, False, True, False, False, False, False, False, True, False, False, True, False, True]"
10,0.9611566058404777,"[True, True, True, True, True, True, True, False, True, True, True, True, True, True, False, False, True, True, False, True, True, True, True, True, True, False, True, False, False, True, True, False, False, False, False, True, False, True, False, True]"
10,0.26293248935896757,"[True, True, False, True, True, True, True, True, True, True, True, True, True, True, False, False, True, True, True, False, False, False, False, True, False, True, False, True, True, False, True, True, False, False, False, True, False, True, True, True]"
10,0.9994819854441148,"[True, True, True, True, True, True, True, True, True, True, True, True, True, True, False, False, True, False, False, True, True, False, True, False, True, False, True, True, False, True, True, False, True, False, False, False, True, True, True, True]"
10,0.9999449629365521,"[True, True, True, True, True, True, True, True, True, True, True, True, True, True, True, True, True, False, True, False, False, False, True, True, True, False, True, False, True, False, False, True, False, False, True, False, True, True, False, False]"
10,0.8542534792170159,"[True, True, True, True, True, False, True, True, True, True, True, True, True, True, True, True, True, False, True, True, False, True, True, True, True, True, False, False, False, False, False, True, False, False, False, True, False, False, False, True]"
10,0.9994875024259156,"[True, True, True, True, True, True, True, True, True, True, True, True, True, True, False, False, True, False, True, False, False, False, True, True, True, True, True, True, True, False, False, True, False, False, True, False, True, True, True, True]"
10,0.9997084159118631,"[True, True, True, True, True, True, True, True, True, True, True, True, True, True, True, False, False, False, False, True, False, True, True, False, True, False, True, True, True, True, False, True, False, False, True, False, False, True, True, False]"
10,0.263059029164774,"[True, True, False, True, True, True, True, True, True, True, True, True, True, True, True, True, True, False, True, False, False, False, True, True, True, False, True, False, True, False, False, True, True, False, False, False, True, True, False, True]"
10,0.7274656611194671,"[True, True, True, True, False, True, True, True, True, True, True, True, True, False, True, True, True, False, False, False, True, False, True, True, True, True, True, False, False, True, True, False, False, False, False, False, False, True, False, True]"
10,0.9612232760171202,"[True, True, True, True, True, True, True, False, True, True, True, True, True, True, False, True, False, True, False, True, False, False, True, True, True, False, False, False, True, True, True, True, False, False, True, True, False, False, True, True]"
10,0.9983870377219991,"[True, True, True, True, True, True, True, True, True, True, True, True, False, True, False, True, False, True, True, False, True, False, True, True, True, True, True, False, True, True, True, False, True, False, True, False, False, False, False, True]"
10,0.9923917829325619,"[True, True, True, True, True, True, True, True, True, True, False, False, True, True, False, True, True, True, True, True, False, True, True, True, True, False, False, True, True, True, False, True, True, True, False, False, True, True, True, True]"
10,0.0009764420487402015,"[False, True, True, True, True, True, True, True, True, True, True, True, True, True, True, True, True, False, False, True, True, False, False, False, True, False, False, False, False, True, True, True, False, False, False, False, False, True, False, False]"
10,0.2627413109243201,"[True, True, False, True, True, True, True, True, True, True, True, True, True, False, False, False, True, False, True, True, False, True, False, True, True, False, True, False, True, True, False, True, False, False, False, False, False, False, True, False]"
10,0.9995353651023512,"[True, True, True, True, True, True, True, True, True, True, True, True, True, True, False, False, True, True, True, True, False, True, False, False, False, True, False, False, True, True, True, True, False, False, False, True, False, True, True, True]"
10,0.9869132802482539,"[True, True, True, True, True, True, True, True, True, False, True, False, True, False, False, True, True, False, True, True, True, False, False, True, True, False, True, True, True, True, True, True, False, False, True, True, True, False, True, True]"
10,0.9243972687600526,"[True, True, True, True, True, True, False, True, True, True, True, True, True, True, True, False, True, True, False, True, False, False, False, True, True, False, True, True, True, True, False, True, True, False, True, True, False, True, True, True]"
10,0.999479615344859,"[True, True, True, True, True, True, True, True, True, True, True, True, True, True, False, False, True, False, False, True, False, True, True, False, True, False, True, True, True, True, False, False, False, False, True, False, False, False, True, False]"
10,0.7277341801160371,"[True, True, True, True, False, True, True, True, True, True, True, True, True, True, False, True, True, True, True, False, False, False, True, True, True, False, True, False, True, True, False, True, True, False, False, False, True, False, True, True]"
10,0.9612779907397146,"[True, True, True, True, True, True, True, False, True, True, True, True, True, True, False, True, True, False, True, True, False, False, True, False, True, False, True, False, True, True, False, True, True, True, True, False, False, False, False, True]"
10,0.5212360926502523,"[True, True, True, False, True, True, True, True, True, True, False, True, True, False, True, False, False, False, False, True, True, True, True, True, False, False, True, False, True, True, False, True, False, False, True, False, False, True, True, False]"
10,0.9994972609091294,"[True, True, True, True, True, True, True, True, True, True, True, True, True, True, False, False, True, False, True, True, False, True, False, False, False, True, False, True, True, False, True, False, False, True, False, True, False, True, True, False]"
10,0.9990197280804369,"[True, True, True, True, True, True, True, True, True, True, True, True, True, False, False, True, True, False, False, True, False, False, True, False, True, False, True, False, False, True, True, False, True, False, False, True, False, False, True, True]"
10,0.9896031903895346,"[True, True, True, True, True, True, True, True, True, False, True, True, True, False, True, True, True, False, False, False, True, False, True, False, True, True, True, False, False, True, True, False, False, False, False, False, False, True, False, True]"
10,0.502709659048404,"[True, True, True, False, True, True, True, False, True, True, True, True, True, True, False, False, False, True, False, False, True, True, True, False, True, False, True, False, False, True, True, True, False, False, False, True, False, True, False, True]"
10,0.998466643800368,"[True, True, True, True, True, True, True, True, True, True, True, True, False, True, False, True, True, True, True, True, False, False, False, True, True, False, True, False, True, True, False, True, True, False, True, False, True, False, False, True]"
10,0.9986001678164069,"[True, True, True, True, True, True, True, True, True, True, True, True, False, True, True, False, True, True, False, True, False, False, False, True, True, True, True, True, True, True, False, True, True, False, False, True, False, True, True, True]"
10,0.7276184356219779,"[True, True, True, True, False, True, True, True, True, True, True, True, True, True, False, False, True, True, True, False, False, False, False, True, False, False, True, False, True, False, True, True, False, False, True, True, False, True, True, True]"
10,0.03677022759657333,"[True, False, True, True, False, True, True, True, True, True, True, True, True, True, False, False, True, True, True, True, False, False, False, False, False, True, False, False, True, True, True, False, False, False, False, True, False, True, True, True]"
10,0.9994819760625056,"[True, True, True, True, True, True, True, True, True, True, True, True, True, True, False, False, True, False, False, True, True, False, True, False, True, False, True, True, False, False, True, False, True, False, False, False, False, True, True, True]"
10,0.9996289464777054,"[True, True, True, True, True, True, True, True, True, True, True, True, True, True, False, True, True, False, False, True, False, False, False, True, False, True, False, True, True, True, True, True, False, False, False, True, True, False, True, True]"
10,0.000696218242443757,"[False, True, True, True, True, False, True, True, True, False, True, True, True, True, False, True, True, True, False, False, False, False, True, False, True, False, True, False, True, True, False, True, True, False, True, False, True, False, False, True]"
10,0.9996667404983159,"[True, True, True, True, True, True, True, True, True, True, True, True, True, True, False, True, True, True, False, True, False, False, False, False, True, True, False, False, True, True, False, False, True, False, True, False, True, False, False, True]"
10,0.9982329638271851,"[True, True, True, True, True, True, True, True, True, True, True, True, False, True, False, False, False, True, True, False, True, False, False, True, False, False, False, False, True, False, True, True, True, False, False, True, False, True, False, True]"
10,0.9998198169717676,"[True, True, True, True, True, True, True, True, True, True, True, True, True, True, True, False, True, True, False, True, False, False, False, True, True, False, True, False, True, True, False, True, True, False, True, True, False, False, True, True]"
10,0.9996518634908252,"[True, True, True, True, True, True, True, True, True, True, True, True, True, True, False, True, True, False, True, True, False, True, True, True, True, True, False, True, False, True, False, True, False, False, False, True, False, False, True, True]"
10,0.9996678577871289,"[True, True, True, True, True, True, True, True, True, True, True, True, True, True, False, True, True, True, False, True, False, False, True, False, True, False, True, False, True, True, False, False, True, False, True, False, True, True, False, True]"
10,0.7274714819739962,"[True, True, True, True, False, True, True, True, True, True, True, True, True, False, True, True, True, False, False, True, True, False, False, False, True, True, True, False, False, True, True, True, False, False, False, False, False, True, False, True]"
10,0.9996707683768614,"[True, True, True, True, True, True, True, True, True, True, True, True, True, True, False, True, True, True, False, True, False, True, True, True, True, False, False, False, True, True, True, True, False, False, True, False, False, False, True, True]"
10,0.9994038452783025,"[True, True, True, True, True, True, True, True, True, True, True, True, True, True, False, False, False, False, False, True, False, True, True, True, True, False, False, False, True, True, False, False, True, True, False, False, False, True, True, True]"
step,fitness,genome
11,0.9999472632645034,"[True, True, True, True, True, True, True, True, True, True, True, True, True, True, True, True, True, False, True, False, False, True, True, True, True, False, False, False, False, True, False, True, False, False, True, True, False, True, False, False]"
11,0.056287203698505,"[True, False, True, True, True, True, True, True, True, True, True, True, True, True, False, True, True, False, True, True, False, False, True, True, True, True, True, True, True, False, False, True, False, False, False, False, True, False, True, True]"
11,0.9970841595754868,"[True, True, True, True, True, True, True, True, True, True, True, False, True, True, False, False, True, True, False, True, True, True, False, True, True, False, False, True, True, False, False, True, True, True, False, False, True, False, True, True]"
11,0.9899697272096208,"[True, True, True, True, True, True, True, True, True, False, True, True, True, True, False, True, True, True, True, True, False, True, True, True, True, False, False, False, True, True, False, True, True, False, True, False, True, False, False, True]"
11,0.999475709301562,"[True, True, True, True, True, True, True, True, True, True, True, True, True, True, False, False, True, False, False, True, False, False, False, False, False, False, True, False, True, True, False, True, True, False, True, True, False, True, True, False]"
11,0.18258456421053387,"[True, True, False, True, False, True, True, True, True, True, True, True, False, True, True, True, False, True, True, False, True, False, True, True, True, True, True, False, True, True, True, False, False, False, True, False, True, False, False, True]"
11,0.9982947862688957,"[True, True, True, True, True, True, True, True, True, True, True, True, False, True, False, False, True, True, False, True, False, False, False, False, True, True, True, False, True, True, False, True, True, False, True, False, True, True, False, True]"
11,0.9999432476066998,"[True, True, True, True, True, True, True, True, True, True, True, True, True, True, True, True, True, False, True, False, False, False, False, False, True, True, False, False, True, False, False, False, False, True, True, False, True, False, False, False]"
11,0.9241134990068596,"[True, True, True, True, True, True, False, True, True, True, True, True, True, True, False, False, True, True, False, True, False, False, True, False, True, False, True, False, True, True, False, True, True, True, True, True, False, True, False, True]"
11,0.9996583238629907,"[True, True, True, True, True, True, True, True, True, True, True, True, True, True, False, True, True, True, False, False, False, False, True, False, True, False, True, False, True, True, False, False, True, False, True, False, False, True, False, True]"
11,0.9994724534790309,"[True, True, True, True, True, True, True, True, True, True, True, True, True, True, False, False, True, False, False, False, True, False, True, False, True, False, True, True, False, True, True, False, True, False, True, False, True, True, True, True]"
11,0.8534428036935405,"[True, True, True, True, True, False, True, True, True, True, True, True, True, False, False, True, True, False, False, True, False, True, True, True, True, True, False, True, False, True, False, True, False, False, False, True, False, False, True, True]"
11,0.9995177115325707,"[True, True, True, True, True, True, True, True, True, True, True, True, True, True, False, False, True, True, False, True, False, True, True, False, True, False, True, False, True, True, False, True, True, False, True, True, False, True, False, True]"
11,0.9995153283842404,"[True, True, True, True, True, True, True, True, True, True, True, True, True, True, False, False, True, True, False, True, False, False, True, False, True, False, True, False, True, True, False, True, True, False, True, True, False, True, False, True]"
11,0.4976106772973232,"[True, True, True, False, True, True, True, False, True, False, True, True, True, True, False, True, True, True, True, True, False, True, True, True, True, False, False, False, True, True, False, True, True, False, True, False, True, False, False, False]"
11,0.8883399162022585,"[True, True, True, True, True, True, False, False, True, True, True, True, True, True, False, False, True, False, False, True, True, True, True, True, True, False, True, True, True, True, False, False, True, False, False, False, False, True, True, True]"
11,0.999619412978477,"[True, True, True, True, True, True, True, True, True, True, True, True, True, True, False, True, True, False, False, False, False, False, False, True, False, True, False, True, True, True, True, True, False, False, False, True, True, True, False, True]"
11,0.8371748644073205,"[True, True, True, True, True, False, True, True, False, True, True, True, True, True, False, True, True, False, False, True, False, False, False, True, False, True, False, True, True, True, True, True, False, False, False, True, True, False, True, True]"
11,0.9998269217606317,"[True, True, True, True, True, True, True, True, True, True, True, True, True, True, True, False, True, True, False, True, True, True, False, True, True, False, False, True, True, False, False, True, True, False, True, False, True, False, True, True]"
11,0.9998007883895869,"[True, True, True, True, True, True, True, True, True, True, True, True, True, True, True, False, True, False, True, True, False, False, False, True, True, False, True, True, True, True, True, True, True, False, False, True, False, True, True, True]"
11,0.0008295851602204806,"[False, True, True, True, True, True, False, True, True, True, True, False, True, True, False, True, True, True, False, True, True, False, False, False, True, True, False, False, True, True, False, False, True, False, True, False, True, False, False, True]"
11,0.9964221740001757,"[True, True, True, True, True, True, True, True, True, True, True, False, True, False, False, False, True, False, False, False, False, False, True, True, True, False, True, True, False, True, True, True, True, False, True, True, True, True, True, True]"
11,0.9612588312002356,"[True, True, True, True, True, True, True, False, True, True, True, True, True, True, False, True, True, False, False, True, False, False, False, True, False, True, False, True, True, True, True, True, False, False, False, True, True, False, True, True]"
11,0.5241705336171019,"[True, True, True, False, True, True, True, True, True, True, True, True, True, True, False, False, True, False, False, True, True, False, True, False, False, False, True, True, True, True, True, False, True, True, False, False, True, True, True, True]"
11,0.0009759117727170573,"[False, True, True, True, True, True, True, True, True, True, True, True, True, True, False, True, True, True, False, True, False, False, False, False, True, True, False, True, True, True, False, False, True, False, True, False, False, False, False, True]"
11,0.8498802527218828,"[True, True, True, True, True, False, True, True, True, True, False, True, True, True, True, False, True, False, False, True, True, True, False, True, True, False, False, True, True, False, False, True, True, False, False, False, True, False, True, True]"
11,0.7240403223526103,"[True, True, True, True, False, True, True, True, True, True, False, True, True, True, False, True, True, False, False, True, False, True, True, True, False, True, False, True, False, True, False, True, False, False, False, True, True, False, True, True]"
11,0.0009758757174300941,"[False, True, True, True, True, True, True, True, True, True, True, True, True, True, False, True, True, False, True, True, False, False, False, True, True, True, False, True, True, True, True, True, False, False, False, True, True, False, False, True]"
11,0.43832517597961435,"[True, True, True, False, True, False, True, True, True, False, True, True, True, False, True, True, True, False, False, False, True, False, True, False, False, True, False, False, False, True, True, False, False, False, False, False, False, True, False, True]"
11,0.26297589697126733,"[True, True, False, True, True, True, True, True, True, True, True, True, True, True, False, True, True, True, False, True, False, False, True, True, True, False, True, False, True, True, False, True, True, False, True, False, False, True, False, True]"
11,0.9985077324163413,"[True, True, True, True, True, True, True, True, True, True, True, True, False, True, True, False, False, False, True, True, False, True, True, False, True, False, True, True, False, True, False, True, False, False, True, False, False, True, True, False]"
11,0.9989045174235618,"[True, True, True, True, True, True, True, True, True, True, True, True, True, False, False, False, True, True, False, True, False, False, False, True, False, False, True, False, True, True, False, True, True, False, True, True, False, True, False, True]"
11,0.9995353651023512,"[True, True, True, True, True, True, True, True, True, True, True, True, True, True, False, False, True, True, True, True, False, True, False, False, False, True, False, False, True, True, True, True, False, False, False, True, False, True, True, True]"
11,0.9997274472944665,"[True, True, True, True, True, True, True, True, True, True, True, True, True, True, True, False, False, False, True, True, False, True, True, False, True, False, True, False, True, True, False, True, False, False, True, False, False, True, False, False]"
11,0.0009759567872326454,"[False, True, True, True, True, True, True, True, True, True, True, True, True, True, False, True, True, True, True, True, False, True, True, True, True, False, False, False, True, True, False, True, False, False, True, False, True, False, False, True]"
11,0.2513644795646713,"[True, True, False, True, True, True, True, False, True, True, True, True, True, False, True, True, False, True, True, True, False, True, True, False, True, True, False, True, True, False, False, False, False, False, False, True, True, True, True, True]"
11,0.9971971836549647,"[True, True, True, True, True, True, True, True, True, True, True, False, True, True, False, True, True, False, False, True, True, False, True, True, True, False, True, True, False, True, True, False, True, False, False, False, False, True, True, True]"
11,0.0009361894128477599,"[False, True, True, True, True, True, True, True, False, True, True, True, False, True, False, True, True, True, True, True, False, False, False, True, False, False, True, False, True, True, False, True, True, False, False, False, True, False, False, True]"
11,0.9611491372110212,"[True, True, True, True, True, True, True, False, True, True, True, True, True, True, False, False, True, True, False, True, False, False, True, False, True, False, True, False, True, False, False, True, True, True, True, False, False, False, False, True]"
11,0.9996493096509153,"[True, True, True, True, True, True, True, True, True, True, True, True, True, True, False, True, True, False, True, True, False, False, True, True, True, False, False, False, True, False, True, True, True, True, False, True, True, True, False, True]"
11,0.9966137707803507,"[True, True, True, True, True, True, True, True, True, True, True, False, True, False, False, True, True, True, False, False, False, True, True, False, False, False, True, False, True, True, False, False, True, False, True, False, True, True, False, True]"
11,0.9984701779474776,"[True, True, True, True, True, True, True, True, True, True, True, True, False, True, False, True, True, True, True, True, False, True, True, True, True, False, False, True, True, True, False, True, True, False, True, False, True, False, False, True]"
11,0.9998198152167275,"[True, True, True, True, True, True, True, True, True, True, True, True, True, True, True, False, True, True, False, True, False, False, False, True, True, False, True, False, True, True, False, False, True, True, True, True, False, False, True, False]"
11,0.9995243356361452,"[True, True, True, True, True, True, True, True, True, True, True, True, True, True, False, False, True, True, True, False, False, False, False, True, True, True, False, False, True, False, True, True, True, True, True, True, False, True, True, True]"
11,0.989805713753819,"[True, True, True, True, True, True, True, True, True, False, True, True, True, True, False, False, True, True, True, False, False, False, False, True, True, True, False, True, True, False, True, True, False, False, False, True, False, True, True, True]"
11,0.998568980244168,"[True, True, True, True, True, True, True, True, True, True, True, True, False, True, True, False, True, False, False, True, True, True, False, True, True, False, False, True, True, False, False, True, True, False, False, False, True, False, True, True]"
11,0.9994819330089197,"[True, True, True, True, True, True, True, True, True, True, True, True, True, True, False, False, True, False, False, True, True, False, True, False, True, False, True, False, False, False, False, False, False, False, False, False, False, True, True, True]"
11,0.0008843569875448811,"[False, True, True, True, True, True, True, False, True, False, True, True, True, True, False, False, True, False, False, True, True, True, True, False, True, False, True, True, False, True, True, True, True, False, False, False, False, True, False, False]"
11,0.9994705230675237,"[True, True, True, True, True, True, True, True, True, True, True, True, True, True, False, False, True, False, False, False, False, True, True, True, False, True, True, True, True, False, False, True, False, False, True, False, True, True, True, True]"
11,0.9996580687009169,"[True, True, True, True, True, True, True, True, True, True, True, True, True, True, False, True, True, True, False, False, False, False, True, False, False, False, True, True, True, True, True, True, False, False, False, False, False, True, False, True]"
11,0.9999744773070315,"[True, True, True, True, True, True, True, True, True, True, True, True, True, True, True, True, True, True, False, True, False, True, False, True, False, False, True, False, True, True, False, True, True, True, True, True, False, True, False, True]"
11,0.9997435566398195,"[True, True, True, True, True, True, True, True, True, True, True, True, True, True, True, False, False, True, False, True, False, False, False, True, True, False, True, True, False, True, False, True, True, False, True, True, False, False, True, True]"
11,0.9995097645913485,"[True, True, True, True, True, True, True, True, True, True, True, True, True, True, False, False, True, True, False, False, True, False, False, True, False, True, False, True, False, True, True, True, False, False, False, False, False, True, True, True]"
11,0.9610215621795918,"[True, True, True, True, True, True, True, False, True, True, True, True, True, False, True, True, True, True, True, True, False, True, False, False, True, True, False, True, True, False, False, False, False, False, False, True, False, False, True, True]"
11,0.9995353651023512,"[True, True, True, True, True, True, True, True, True, True, True, True, True, True, False, False, True, True, True, True, False, True, False, False, False, True, False, False, True, True, True, True, False, False, False, True, False, True, True, True]"
11,0.9979560581071968,"[True, True, True, True, True, True, True, True, True, True, True, True, False, False, True, False, True, False, False, True, False, True, True, True, True, False, True, False, True, True, False, True, False, False, True, False, False, True, True, True]"
11,0.0009764550810701863,"[False, True, True, True, True, True, True, True, True, True, True, True, True, True, True, True, True, False, True, False, False, False, True, True, True, False, True, True, True, False, False, True, False, False, True, False, True, False, False, False]"
11,0.9999720928875332,"[True, True, True, True, True, True, True, True, True, True, True, True, True, True, True, True, True, True, False, True, False, False, False, True, False, False, True, False, True, True, False, True, True, True, False, True, False, True, False, True]"
11,0.9991405763359463,"[True, True, True, True, True, True, True, True, True, True, True, True, True, False, True, False, False, True, False, True, True, True, False, True, True, False, False, True, False, False, False, True, True, False, False, False, False, False, True, True]"
11,0.9982735959951661,"[True, True, True, True, True, True, True, True, True, True, True, True, False, True, False, False, True, False, True, False, True, True, False, True, False, True, False, True, False, False, True, False, False, True, True, True, False, False, True, False]"
11,0.9804508006236511,"[True, True, True, True, True, True, True, True, False, True, True, True, True, True, True, False, True, False, True, True, True, True, False, True, True, False, True, True, True, False, True, True, True, False, False, False, True, False, True, True]"
11,0.7277377622889781,"[True, True, True, True, False, True, True, True, True, True, True, True, True, True, False, True, True, True, True, False, True, False, True, True, True, False, True, False, True, True, False, True, True, False, False, False, True, False, True, True]"
11,0.5242005505237258,"[True, True, True, False, True, True, True, True, True, True, True, True, True, True, False, False, True, True, True, True, False, True, False, False, False, True, False, False, True, True, True, True, False, False, False, True, False, True, True, True]"
11,0.9238187396266431,"[True, True, True, True, True, True, False, True, True, True, True, True, True, False, True, False, True, False, True, True, True, True, True, True, True, False, True, False, True, True, False, True, False, False, True, False, False, True, True, True]"
11,0.9584338778167352,"[True, True, True, True, True, True, True, False, True, True, True, False, True, False, True, False, False, True, False, True, True, False, True, True, True, True, False, False, True, True, True, True, False, False, False, True, False, False, False, True]"
11,0.9997274891755172,"[True, True, True, True, True, True, True, True, True, True, True, True, True, True, True, False, False, False, True, True, False, True, True, False, True, False, True, True, True, True, True, True, False, False, True, False, False, False, True, False]"
11,0.9242923194375434,"[True, True, True, True, True, True, False, True, True, True, True, True, True, True, True, False, False, False, False, True, False, True, False, False, True, False, True, True, True, True, True, True, False, False, True, False, False, True, True, False]"
11,0.9946098003485199,"[True, True, True, True, True, True, True, True, True, True, False, True, True, True, False, False, True, False, False, True, False, True, True, False, True, False, True, True, True, True, False, False, False, False, True, True, False, True, True, False]"
11,0.9062066984562955,"[True, True, True, True, True, True, False, True, False, True, True, True, True, True, False, True, True, False, True, True, False, True, True, True, True, True, False, True, False, False, False, True, False, False, False, True, False, False, True, True]"
11,0.8538438731658027,"[True, True, True, True, True, False, True, True, True, True, True, True, True, True, False, False, True, False, False, True, True, True, True, True, True, False, True, True, False, True, False, False, True, False, False, True, False, True, True, True]"
11,0.999686919261652,"[True, True, True, True, True, True, True, True, True, True, True, True, True, True, False, True, True, True, True, True, False, False, True, False, True, False, True, False, True, False, False, True, True, True, True, False, False, True, False, True]"
11,0.9590203622639429,"[True, True, True, True, True, True, True, False, True, True, True, False, True, True, True, False, False, True, False, True, True, False, False, True, True, True, False, False, True, True, True, True, False, False, False, True, False, False, False, True]"
11,0.9997870608948479,"[True, True, True, True, True, True, True, True, True, True, True, True, True, True, True, False, True, False, False, True, True, False, True, False, True, False, True, True, False, True, True, False, True, False, False, True, False, True, False, True]"
11,0.9613352600763106,"[True, True, True, True, True, True, True, False, True, True, True, True, True, True, True, False, False, False, False, True, False, True, True, False, False, False, True, True, True, True, False, False, False, False, True, False, False, True, True, False]"
11,0.9997274845382319,"[True, True, True, True, True, True, True, True, True, True, True, True, True, True, True, False, False, False, True, True, False, True, True, False, True, False, True, True, True, True, False, True, False, False, True, False, False, True, False, False]"
11,0.9899172179508209,"[True, True, True, True, True, True, True, True, True, False, True, True, True, True, False, True, True, False, False, True, True, True, True, False, True, False, True, False, False, True, True, True, False, False, False, False, False, True, False, False]"
11,0.9996589220538975,"[True, True, True, True, True, True, True, True, True, True, True, True, True, True, False, True, True, True, False, False, False, False, True, True, True, False, True, False, True, True, False, True, True, False, True, False, False, True, False, True]"
11,0.9990235086101763,"[True, True, True, True, True, True, True, True, True, True, True, True, True, False, False, True, True, False, False, True, True, False, False, False, True, True, True, True, True, True, True, True, True, False, True, True, True, False, True, True]"
11,0.9999720928875332,"[True, True, True, True, True, True, True, True, True, True, True, True, True, True, True, True, True, True, False, True, False, False, False, True, False, False, True, False, True, True, False, True, True, True, False, True, False, True, False, True]"
11,0.9995354023396764,"[True, True, True, True, True, True, True, True, True, True, True, True, True, True, False, False, True, True, True, True, False, True, False, False, False, True, False, True, True, True, True, True, False, False, False, True, False, True, True, True]"
11,0.9995563617699021,"[True, True, True, True, True, True, True, True, True, True, True, True, True, True, False, True, False, False, False, True, False, True, True, True, True, False, False, False, True, True, False, False, True, True, False, False, False, True, True, True]"
11,0.9995152539109374,"[True, True, True, True, True, True, True, True, True, True, True, True, True, True, False, False, True, True, False, True, False, False, True, False, True, False, False, False, True, True, False, True, True, False, True, True, False, True, False, True]"
11,0.9614132056705713,"[True, True, True, True, True, True, True, False, True, True, True, True, True, True, True, False, True, False, False, True, True, True, False, True, True, False, True, True, True, False, False, True, True, False, True, False, True, False, True, True]"
11,0.9999720931785642,"[True, True, True, True, True, True, True, True, True, True, True, True, True, True, True, True, True, True, False, True, False, False, False, True, False, False, True, False, True, True, False, True, True, True, True, True, False, True, False, True]"
11,0.8536047602855471,"[True, True, True, True, True, False, True, True, True, True, True, True, True, False, True, False, True, True, False, True, False, False, False, True, False, False, True, False, True, True, False, True, True, False, True, True, False, True, False, True]"
11,0.9897952740545946,"[True, True, True, True, True, True, True, True, True, False, True, True, True, True, False, False, True, True, False, True, False, False, False, False, False, False, True, False, True, True, False, True, True, False, True, True, False, True, True, False]"
11,0.7276927384133104,"[True, True, True, True, False, True, True, True, True, True, True, True, True, True, False, True, True, False, False, False, False, True, True, True, False, False, False, True, True, True, True, True, True, True, False, True, False, True, False, True]"
11,0.9994666587183398,"[True, True, True, True, True, True, True, True, True, True, True, True, True, True, False, False, True, False, False, False, False, False, False, False, True, True, True, True, True, True, False, False, True, False, True, False, True, False, True, False]"
11,0.9999449629365521,"[True, True, True, True, True, True, True, True, True, True, True, True, True, True, True, True, True, False, True, False, False, False, True, True, True, False, True, False, True, False, False, True, False, False, True, False, True, True, False, False]"
11,0.9995243350543178,"[True, True, True, True, True, True, True, True, True, True, True, True, True, True, False, False, True, True, True, False, False, False, False, True, True, True, False, False, True, False, True, True, True, False, True, True, False, True, True, True]"
11,0.9999831086744695,"[True, True, True, True, True, True, True, True, True, True, True, True, True, True, True, True, True, True, True, False, False, False, True, True, True, False, True, False, True, False, False, True, False, False, True, False, True, True, False, False]"
11,0.6988803512066815,"[True, True, True, True, False, True, True, False, True, True, True, True, True, True, False, True, True, False, False, True, False, False, False, True, False, True, False, True, True, True, True, True, True, False, False, False, True, False, True, True]"
11,0.854107543496994,"[True, True, True, True, True, False, True, True, True, True, True, True, True, True, True, False, True, False, False, True, True, True, False, True, True, False, False, True, True, False, False, True, True, False, False, False, True, False, True, True]"
11,0.9801876729318599,"[True, True, True, True, True, True, True, True, False, True, True, True, True, True, False, False, True, True, True, True, True, True, False, False, False, True, False, False, True, True, True, True, False, False, True, False, False, True, True, True]"
11,0.923990348135197,"[True, True, True, True, True, True, False, True, True, True, True, True, True, False, True, True, True, True, True, True, False, True, False, False, True, True, False, True, True, False, False, False, False, False, False, True, True, True, True, True]"
11,0.9997262927383571,"[True, True, True, True, True, True, True, True, True, True, True, True, True, True, True, False, False, False, True, True, False, True, False, False, True, False, True, True, True, True, False, True, False, False, True, False, False, True, False, False]"
11,0.9608538402952767,"[True, True, True, True, True, True, True, False, True, True, True, True, True, False, True, False, True, True, False, True, False, False, False, True, False, False, True, False, True, True, False, True, True, True, True, False, False, True, True, True]"
11,0.9996875240144792,"[True, True, True, True, True, True, True, True, True, True, True, True, True, True, False, True, True, True, True, True, False, False, True, True, True, False, True, False, True, True, False, True, True, False, True, True, False, True, False, True]"
11,0.9999258136660559,"[True, True, True, True, True, True, True, True, True, True, True, True, True, True, True, True, True, False, False, False, False, False, True, True, True, False, False, False, True, False, False, False, False, False, True, False, False, True, False, True]"
11,0.5241999657435421,"[True, True, True, False, True, True, True, True, True, True, True, True, True, True, False, False, True, True, True, True, False, False, True, False, True, False, False, False, True, True, False, True, True, True, True, False, True, True, False, True]"
step,fitness,genome
12,0.05625154652358229,"[True, False, True, True, True, True, True, True, True, True, True, True, True, False, True, False, True, False, False, True, False, True, True, False, True, False, True, False, True, True, False, False, False, False, True, False, False, True, True, True]"
12,0.9997429607311002,"[True, True, True, True, True, True, True, True, True, True, True, True, True, True, True, False, False, True, False, True, False, False, False, False, True, False, True, True, False, True, False, True, True, False, True, True, False, False, True, True]"
12,0.9972233139219331,"[True, True, True, True, True, True, True, True, True, True, True, False, True, True, False, True, True, True, False, False, False, True, True, True, True, False, True, False, True, False, False, True, True, False, True, False, False, True, False, True]"
12,0.8542451629250113,"[True, True, True, True, True, False, True, True, True, True, True, True, True, True, True, True, True, False, True, False, False, True, True, True, True, False, True, False, True, True, False, True, False, False, True, False, True, True, True, False]"
12,0.999334734730921,"[True, True, True, True, True, True, True, True, True, True, True, True, True, False, True, True, True, False, True, False, False, False, True, True, True, False, False, False, True, False, False, True, False, False, True, False, True, False, True, False]"
12,0.9900985715084469,"[True, True, True, True, True, True, True, True, True, False, True, True, True, True, True, False, True, True, False, True, False, False, False, True, True, False, True, False, True, True, False, False, True, True, True, True, False, True, False, False]"
12,0.9951018796640427,"[True, True, True, True, True, True, True, True, True, True, False, True, True, True, True, True, True, True, False, True, False, True, False, False, False, False, True, False, False, True, False, True, True, True, True, True, False, True, False, True]"
12,0.9995097645913485,"[True, True, True, True, True, True, True, True, True, True, True, True, True, True, False, False, True, True, False, False, True, False, False, True, False, True, False, True, False, True, True, True, False, False, False, False, False, True, True, True]"
12,0.9998269217606317,"[True, True, True, True, True, True, True, True, True, True, True, True, True, True, True, False, True, True, False, True, True, True, False, True, True, False, False, True, True, False, False, True, True, False, True, False, True, False, True, True]"
12,0.9998800082306838,"[True, True, True, True, True, True, True, True, True, True, True, True, True, True, True, True, False, False, True, True, False, True, True, False, True, False, True, False, True, True, False, True, False, False, True, False, False, True, False, False]"
12,0.9995153283842404,"[True, True, True, True, True, True, True, True, True, True, True, True, True, True, False, False, True, True, False, True, False, False, True, False, True, False, True, False, True, True, False, True, True, False, True, True, False, True, False, True]"
12,0.9947969581988965,"[True, True, True, True, True, True, True, True, True, True, False, True, True, True, False, True, True, True, False, True, False, False, True, False, False, False, True, True, True, True, False, True, False, False, False, False, False, True, False, True]"
12,0.9614430934281454,"[True, True, True, True, True, True, True, False, True, True, True, True, True, True, True, False, True, True, False, True, False, False, False, True, True, False, True, False, True, True, False, False, True, True, True, True, False, False, True, False]"
12,0.0009746561283954892,"[False, True, True, True, True, True, True, True, True, True, True, True, True, False, False, True, True, False, False, True, True, False, False, False, True, True, True, True, True, True, True, True, True, False, True, True, True, False, True, True]"
12,0.9998305721279289,"[True, True, True, True, True, True, True, True, True, True, True, True, True, True, True, False, True, True, True, False, False, False, True, True, True, False, True, True, True, False, False, True, True, False, True, True, True, False, True, True]"
12,0.9757576946520569,"[True, True, True, True, True, True, True, True, False, True, False, True, True, True, True, True, False, True, False, True, True, True, False, True, True, False, False, False, True, False, False, True, False, False, True, False, True, True, False, False]"
12,0.0009717707275181249,"[False, True, True, True, True, True, True, True, True, True, True, False, True, True, True, True, True, True, True, False, False, False, True, False, True, True, False, False, True, False, False, False, False, False, True, False, True, False, False, True]"
12,0.26301386140283584,"[True, True, False, True, True, True, True, True, True, True, True, True, True, True, True, False, True, False, True, False, False, True, True, True, True, False, False, True, False, True, False, True, True, False, True, True, False, True, False, False]"
12,0.9999810954221432,"[True, True, True, True, True, True, True, True, True, True, True, True, True, True, True, True, True, True, True, False, False, False, False, False, False, True, False, False, True, False, False, False, False, True, True, True, True, False, False, True]"
12,0.9796957065588078,"[True, True, True, True, True, True, True, True, False, True, True, True, True, False, False, True, True, False, True, True, False, False, True, True, True, False, True, True, True, True, False, False, True, False, True, False, False, False, False, False]"
12,0.9998037251436417,"[True, True, True, True, True, True, True, True, True, True, True, True, True, True, True, False, True, False, True, True, False, True, True, False, True, False, True, False, True, True, False, True, False, False, True, False, False, True, False, False]"
12,0.9973645811129118,"[True, True, True, True, True, True, True, True, True, True, True, False, True, True, True, False, True, False, True, True, False, True, False, True, False, False, True, True, True, True, True, True, True, False, False, True, False, True, True, True]"
12,0.05597892252191403,"[True, False, True, True, True, True, True, True, True, True, True, False, False, False, True, False, True, False, True, True, False, True, True, True, True, False, True, False, True, True, False, True, False, False, True, False, False, False, True, True]"
12,0.9999258136660559,"[True, True, True, True, True, True, True, True, True, True, True, True, True, True, True, True, True, False, False, False, False, False, True, True, True, False, False, False, True, False, False, False, False, False, True, False, False, True, False, True]"
12,0.9996303217026372,"[True, True, True, True, True, True, True, True, True, True, True, True, True, True, False, True, True, False, False, True, False, False, True, True, True, False, True, False, True, True, False, True, True, True, True, True, False, True, False, True]"
12,0.9948942191432367,"[True, True, True, True, True, True, True, True, True, True, False, True, True, True, True, False, False, True, True, True, False, True, True, False, False, False, True, False, True, True, False, True, False, False, False, False, False, True, False, False]"
12,0.9998009373744922,"[True, True, True, True, True, True, True, True, True, True, True, True, True, True, True, False, True, False, True, True, False, False, False, True, True, True, True, True, True, True, True, True, True, False, False, True, False, True, True, True]"
12,0.9995177115507526,"[True, True, True, True, True, True, True, True, True, True, True, True, True, True, False, False, True, True, False, True, False, True, True, False, True, False, True, False, True, True, False, True, True, False, True, True, False, True, True, True]"
12,0.0008259041617906337,"[False, True, True, True, True, True, False, True, True, True, False, True, True, True, True, True, True, False, False, False, False, False, True, True, True, False, False, False, True, False, False, False, False, False, True, False, False, True, False, True]"
12,0.9998007141790345,"[True, True, True, True, True, True, True, True, True, True, True, True, True, True, True, False, True, False, True, True, False, False, False, True, True, False, False, True, True, True, True, True, True, False, True, True, False, True, True, False]"
12,0.7274780253422513,"[True, True, True, True, False, True, True, True, True, True, True, True, True, False, True, True, True, False, True, False, False, True, True, True, True, False, False, False, False, True, False, True, False, False, True, True, False, True, False, False]"
12,0.990256603748888,"[True, True, True, True, True, True, True, True, True, False, True, True, True, True, True, True, True, True, False, True, True, True, False, True, False, False, True, False, True, True, False, False, True, True, True, True, False, True, False, True]"
12,0.9610010517508091,"[True, True, True, True, True, True, True, False, True, True, True, True, True, False, True, True, True, True, False, True, False, False, False, True, False, False, True, False, True, True, False, True, True, True, True, False, False, True, True, True]"
12,0.2623374034273558,"[True, True, False, True, True, True, True, True, True, True, True, False, True, True, True, True, True, True, True, False, False, False, True, True, True, False, True, False, True, False, False, True, False, False, False, False, True, True, True, False]"
12,0.990222041985611,"[True, True, True, True, True, True, True, True, True, False, True, True, True, True, True, True, True, False, True, False, False, False, True, False, True, False, True, False, True, True, False, True, False, False, True, False, True, True, False, False]"
12,0.9999259626677287,"[True, True, True, True, True, True, True, True, True, True, True, True, True, True, True, True, True, False, False, False, False, False, True, True, True, True, False, False, True, False, False, False, False, False, True, False, False, True, False, True]"
12,0.9926626768562696,"[True, True, True, True, True, True, True, True, True, True, False, False, True, True, True, True, True, True, False, False, False, False, False, True, False, False, True, False, True, True, False, True, True, True, True, True, False, True, False, True]"
12,0.9806144428156162,"[True, True, True, True, True, True, True, True, False, True, True, True, True, True, True, True, True, True, False, True, False, True, False, True, False, False, True, False, True, True, False, True, True, True, True, True, False, True, False, True]"
12,0.9997143759737912,"[True, True, True, True, True, True, True, True, True, True, True, True, True, True, True, False, False, False, True, False, False, False, False, False, True, False, True, True, True, True, False, True, True, False, True, False, False, True, False, False]"
12,0.7278569066477433,"[True, True, True, True, False, True, True, True, True, True, True, True, True, True, True, False, True, True, True, True, False, True, False, True, True, False, True, True, True, True, False, True, True, False, False, True, False, True, True, True]"
12,0.053446273266632864,"[True, False, True, True, True, True, True, False, True, True, True, True, True, True, True, True, True, True, False, True, False, False, False, False, False, False, True, False, True, True, False, True, True, True, True, True, False, True, False, True]"
12,0.000975580831436954,"[False, True, True, True, True, True, True, True, True, True, True, True, True, True, False, False, True, False, True, True, False, True, False, False, False, True, False, True, True, True, True, True, False, False, False, True, False, True, True, False]"
12,0.9897872091117517,"[True, True, True, True, True, True, True, True, True, False, True, True, True, True, False, False, True, True, False, False, False, False, True, False, True, False, False, False, False, True, False, True, True, False, True, True, False, True, False, True]"
12,0.9241134984646927,"[True, True, True, True, True, True, False, True, True, True, True, True, True, True, False, False, True, True, False, True, False, False, True, False, True, False, True, False, True, True, False, True, True, False, True, True, False, True, False, True]"
12,0.9999721301304064,"[True, True, True, True, True, True, True, True, True, True, True, True, True, True, True, True, True, True, False, True, False, False, False, True, False, False, True, True, True, True, False, True, True, True, False, True, False, True, False, False]"
12,0.8542666305526453,"[True, True, True, True, True, False, True, True, True, True, True, True, True, True, True, True, True, True, False, True, False, False, False, True, False, False, True, False, True, True, False, True, True, True, False, True, False, True, False, True]"
12,0.9995243309815258,"[True, True, True, True, True, True, True, True, True, True, True, True, True, True, False, False, True, True, True, False, False, False, False, True, True, True, False, False, True, False, False, True, True, True, True, True, False, True, True, True]"
12,0.6988802100755912,"[True, True, True, True, False, True, True, False, True, True, True, True, True, True, False, True, True, False, False, True, False, False, False, True, False, False, False, False, True, False, True, True, True, True, False, True, True, True, False, True]"
12,0.999467850221465,"[True, True, True, True, True, True, True, True, True, True, True, True, True, True, False, False, True, False, False, False, False, False, True, False, True, True, True, True, True, True, False, False, True, False, True, False, True, False, False, False]"
12,0.9997858689946804,"[True, True, True, True, True, True, True, True, True, True, True, True, True, True, True, False, True, False, False, True, True, False, False, False, True, False, True, True, False, True, True, False, True, False, False, True, False, False, False, True]"
12,0.9987520163191802,"[True, True, True, True, True, True, True, True, True, True, True, True, False, True, True, True, True, True, False, True, False, False, False, True, False, False, False, False, True, True, False, True, True, True, False, True, False, True, False, True]"
12,0.9988187653719462,"[True, True, True, True, True, True, True, True, True, True, True, True, True, False, False, False, False, True, False, False, False, False, False, True, False, False, True, False, True, False, False, True, True, False, True, True, False, True, False, True]"
12,0.9997274239989282,"[True, True, True, True, True, True, True, True, True, True, True, True, True, True, True, False, False, False, True, True, False, True, True, False, True, False, True, False, False, False, True, True, False, False, True, False, False, False, True, False]"
12,0.9997912533881141,"[True, True, True, True, True, True, True, True, True, True, True, True, True, True, True, False, True, False, True, False, False, False, False, True, True, False, True, True, True, True, True, True, True, False, False, True, False, True, True, False]"
12,0.524200613341885,"[True, True, True, False, True, True, True, True, True, True, True, True, True, True, False, False, True, True, True, True, False, True, False, False, False, True, True, True, True, True, True, True, False, True, False, True, False, True, True, True]"
12,0.9995353662660176,"[True, True, True, True, True, True, True, True, True, True, True, True, True, True, False, False, True, True, True, True, False, True, False, False, False, True, False, False, True, True, True, True, True, False, False, True, False, True, True, True]"
12,0.5243436979772572,"[True, True, True, False, True, True, True, True, True, True, True, True, True, True, True, False, True, False, True, False, False, False, False, True, True, False, True, True, True, True, True, True, True, False, True, True, False, True, True, True]"
12,0.9999258136660559,"[True, True, True, True, True, True, True, True, True, True, True, True, True, True, True, True, True, False, False, False, False, False, True, True, True, False, False, False, True, False, False, False, False, False, True, False, False, True, False, True]"
12,0.999677391647624,"[True, True, True, True, True, True, True, True, True, True, True, True, True, True, False, True, True, True, True, False, False, False, True, False, True, False, True, False, True, True, False, False, True, False, True, False, False, True, False, True]"
12,0.9998269217606317,"[True, True, True, True, True, True, True, True, True, True, True, True, True, True, True, False, True, True, False, True, True, True, False, True, True, False, False, True, True, False, False, True, True, False, True, False, True, False, True, True]"
12,0.8542024959894572,"[True, True, True, True, True, False, True, True, True, True, True, True, True, True, True, True, False, True, False, True, False, True, False, True, False, False, True, False, True, True, True, True, True, True, True, True, False, True, False, True]"
12,0.9899674373470776,"[True, True, True, True, True, True, True, True, True, False, True, True, True, True, False, True, True, True, True, True, False, False, True, True, True, False, True, False, True, True, False, True, False, False, True, True, False, True, False, True]"
12,0.9995057933602421,"[True, True, True, True, True, True, True, True, True, True, True, True, True, True, False, False, True, True, False, False, False, False, True, False, True, False, True, False, True, True, False, False, True, False, True, False, False, True, False, False]"
12,0.9873789601946849,"[True, True, True, True, True, True, True, True, True, False, True, False, True, True, False, False, True, True, False, True, False, False, False, False, False, False, True, False, True, True, False, True, True, False, True, False, False, True, True, False]"
12,0.9611113630416863,"[True, True, True, True, True, True, True, False, True, True, True, True, True, True, False, False, True, False, False, True, False, False, False, False, True, True, True, True, True, True, False, False, True, False, True, False, True, False, True, False]"
12,0.00046951297765819924,"[False, True, True, True, False, True, True, False, True, True, True, True, False, True, True, False, False, False, False, False, False, True, True, False, False, False, True, True, True, True, False, False, False, False, True, False, False, False, True, False]"
12,0.9995141365210819,"[True, True, True, True, True, True, True, True, True, True, True, True, True, True, False, False, True, True, False, True, False, False, False, False, True, False, True, False, True, True, False, True, True, False, False, True, False, True, False, True]"
12,0.8458304351851882,"[True, True, True, True, True, False, True, True, True, False, True, True, True, True, True, True, True, True, False, True, False, False, True, True, False, False, False, False, True, True, False, True, True, True, True, True, False, True, False, True]"
12,0.9997274845382319,"[True, True, True, True, True, True, True, True, True, True, True, True, True, True, True, False, False, False, True, True, False, True, True, False, True, False, True, True, True, True, False, True, False, False, True, False, False, True, False, False]"
12,0.20987157702214296,"[True, True, False, True, True, False, True, False, True, True, True, True, True, True, True, False, True, True, False, True, True, True, False, True, True, False, False, True, True, True, False, True, True, False, True, False, True, False, True, True]"
12,0.050713837056798626,"[True, False, True, True, True, True, False, True, True, True, True, True, True, True, True, True, True, True, True, False, False, False, True, True, True, False, True, False, True, False, False, False, False, False, True, False, True, True, False, False]"
12,0.9997906779863291,"[True, True, True, True, True, True, True, True, True, True, True, True, True, True, True, False, True, False, True, False, False, False, False, False, True, True, False, False, True, False, False, False, False, True, True, False, True, False, False, False]"
12,0.7261226805998124,"[True, True, True, True, False, True, True, True, True, True, True, False, True, True, True, True, True, True, False, True, False, False, False, True, False, False, True, False, False, True, False, True, True, False, False, True, False, True, False, True]"
12,0.8500387597068138,"[True, True, True, True, True, False, True, True, True, True, False, True, True, True, True, True, True, True, False, True, False, False, False, True, False, True, True, False, True, True, False, True, True, True, False, True, False, True, False, True]"
12,0.9999254854786652,"[True, True, True, True, True, True, True, True, True, True, True, True, True, True, True, True, True, False, False, False, False, False, True, False, True, True, True, True, True, False, True, True, False, False, True, False, True, True, True, False]"
12,0.9221250393846241,"[True, True, True, True, True, True, False, True, True, True, True, False, True, True, True, False, True, True, False, True, False, False, False, True, True, False, False, False, True, True, False, False, True, True, True, True, False, False, True, False]"
12,0.9894572250197807,"[True, True, True, True, True, True, True, True, True, False, True, True, True, False, True, False, True, False, False, True, False, False, True, True, True, False, True, False, True, True, False, True, True, False, True, True, False, True, False, False]"
12,0.9569596077722056,"[True, True, True, True, True, True, True, False, True, True, True, False, False, False, False, False, False, True, False, True, False, False, False, False, False, True, False, False, False, True, True, True, False, False, False, True, False, False, True, True]"
12,0.9997662187302613,"[True, True, True, True, True, True, True, True, True, True, True, True, True, True, True, False, False, True, True, True, False, True, True, True, True, False, True, True, True, True, False, True, False, False, True, False, False, True, False, False]"
12,0.9964221600753287,"[True, True, True, True, True, True, True, True, True, True, True, False, True, False, False, False, True, False, False, False, False, False, True, True, True, False, True, True, False, False, False, True, True, False, True, True, True, True, True, True]"
12,0.9999738812380561,"[True, True, True, True, True, True, True, True, True, True, True, True, True, True, True, True, True, True, False, True, False, True, False, False, False, False, True, False, True, True, False, True, True, True, True, True, False, False, False, True]"
12,0.9998198146347452,"[True, True, True, True, True, True, True, True, True, True, True, True, True, True, True, False, True, True, False, True, False, False, False, True, True, False, True, False, True, True, False, False, True, False, True, True, False, False, True, False]"
12,0.9995174136387497,"[True, True, True, True, True, True, True, True, True, True, True, True, True, True, False, False, True, True, False, True, False, True, True, False, False, False, True, False, True, True, False, True, True, False, True, True, False, True, False, True]"
12,0.9059163941938159,"[True, True, True, True, True, True, False, True, False, True, True, True, True, False, True, True, True, False, True, False, False, False, True, True, True, False, False, False, True, True, False, False, False, False, True, False, False, True, False, True]"
12,9.526350039217176e-07,"[False, False, True, True, True, True, True, True, True, True, True, True, True, True, True, False, False, False, True, True, False, True, True, False, True, False, True, False, True, True, True, False, False, True, True, False, False, True, False, False]"
12,0.9997274100507023,"[True, True, True, True, True, True, True, True, True, True, True, True, True, True, True, False, False, False, True, True, False, True, True, False, True, False, False, True, True, True, False, True, False, False, True, False, False, True, False, False]"
12,0.9997435566398195,"[True, True, True, True, True, True, True, True, True, True, True, True, True, True, True, False, False, True, False, True, False, False, False, True, True, False, True, True, False, True, False, True, True, False, True, True, False, False, True, True]"
12,0.9999720931785642,"[True, True, True, True, True, True, True, True, True, True, True, True, True, True, True, True, True, True, False, True, False, False, False, True, False, False, True, False, True, True, False, True, True, True, True, True, False, True, False, True]"
12,0.7279551856223693,"[True, True, True, True, False, True, True, True, True, True, True, True, True, True, True, True, True, True, False, True, False, False, False, True, False, False, True, False, True, True, False, True, True, True, False, True, False, True, False, True]"
12,0.9998709755595256,"[True, True, True, True, True, True, True, True, True, True, True, True, True, True, True, True, False, False, True, False, False, True, True, True, True, False, False, False, False, True, False, True, False, False, True, True, False, True, False, False]"
12,0.999040884246371,"[True, True, True, True, True, True, True, True, True, True, True, True, True, False, False, True, True, False, True, True, False, True, True, False, False, False, True, False, True, True, False, True, False, False, False, False, False, True, False, False]"
12,0.999734635100643,"[True, True, True, True, True, True, True, True, True, True, True, True, True, True, True, False, False, True, False, False, False, False, True, False, True, False, True, True, True, True, False, True, False, False, False, False, False, True, True, True]"
12,0.9995353651023512,"[True, True, True, True, True, True, True, True, True, True, True, True, True, True, False, False, True, True, True, True, False, True, False, False, False, True, False, False, True, True, True, True, False, False, False, True, False, True, True, True]"
12,0.9996868447404731,"[True, True, True, True, True, True, True, True, True, True, True, True, True, True, False, True, True, True, True, True, False, False, True, False, True, False, False, False, True, False, False, True, True, True, True, False, False, False, False, True]"
12,0.853167234843571,"[True, True, True, True, True, False, True, True, True, True, True, True, False, True, True, True, True, False, False, False, False, False, True, False, True, False, False, False, True, True, False, True, False, False, True, False, False, False, False, False]"
12,0.043236756439557184,"[True, False, True, True, True, False, True, False, True, True, True, True, True, True, True, False, False, False, True, True, False, False, True, True, False, False, True, False, True, True, True, False, False, False, True, False, True, True, True, False]"
12,0.9994796478258852,"[True, True, True, True, True, True, True, True, True, True, True, True, True, True, False, False, True, False, False, True, False, True, True, False, True, True, False, False, True, False, True, False, False, False, False, True, False, True, True, True]"
12,0.727045542743578,"[True, True, True, True, False, True, True, True, True, True, True, True, False, True, True, True, True, True, True, False, False, False, False, True, False, False, False, True, True, False, False, True, False, False, True, False, False, True, False, True]"
12,0.48211230795625076,"[True, True, True, False, True, True, False, True, True, True, True, True, True, True, False, False, True, True, True, False, False, False, True, True, True, True, False, False, True, False, True, True, True, False, True, True, False, True, True, True]"
12,0.0009759511003267276,"[False, True, True, True, True, True, True, True, True, True, True, True, True, True, False, True, True, True, True, True, False, False, True, False, True, False, True, False, True, False, False, True, True, True, True, False, False, True, False, True]"
step,fitness,genome
13,0.9991561684032918,"[True, True, True, True, True, True, True, True, True, True, True, True, True, False, True, False, False, True, True, True, False, True, True, True, True, False, True, True, True, True, True, True, False, True, True, False, False, True, False, False]"
13,0.7278569066477433,"[True, True, True, True, False, True, True, True, True, True, True, True, True, True, True, False, True, True, True, True, False, True, False, True, True, False, True, True, True, True, False, True, True, False, False, True, False, True, True, True]"
13,0.9937447214784764,"[True, True, True, True, True, True, True, True, True, True, False, True, False, True, True, False, True, True, True, False, False, False, True, True, True, False, True, True, True, False, False, True, True, False, True, True, True, False, True, False]"
13,0.9996321747285974,"[True, True, True, True, True, True, True, True, True, True, True, True, True, True, False, True, True, False, False, True, False, True, True, False, True, True, False, False, True, False, True, False, False, False, False, True, False, True, True, True]"
13,0.8541210298548685,"[True, True, True, True, True, False, True, True, True, True, True, True, True, True, True, False, True, False, True, True, False, True, True, True, True, False, True, False, True, True, False, True, False, False, True, False, False, True, False, False]"
13,0.9985535174109258,"[True, True, True, True, True, True, True, True, True, True, True, True, False, True, True, False, True, False, False, False, False, False, True, True, True, False, False, True, True, True, True, True, True, False, True, True, False, False, True, False]"
13,0.056295961931593835,"[True, False, True, True, True, True, True, True, True, True, True, True, True, True, True, False, False, True, True, True, False, True, True, True, True, False, True, True, True, True, False, True, False, False, True, False, False, True, False, False]"
13,0.9614714605661168,"[True, True, True, True, True, True, True, False, True, True, True, True, True, True, True, True, False, False, False, False, False, False, True, False, True, True, True, True, True, False, True, True, False, False, True, True, True, True, True, False]"
13,0.9995141353574377,"[True, True, True, True, True, True, True, True, True, True, True, True, True, True, False, False, True, True, False, True, False, False, False, False, True, False, True, False, True, True, False, True, False, False, False, True, False, True, False, True]"
13,0.9975440157548836,"[True, True, True, True, True, True, True, True, True, True, True, False, True, True, True, True, True, True, True, False, False, False, True, False, True, True, True, True, True, False, True, True, False, False, True, False, True, True, True, False]"
13,0.9999913526398798,"[True, True, True, True, True, True, True, True, True, True, True, True, True, True, True, True, True, True, True, True, False, False, False, True, False, True, True, True, True, True, False, True, True, True, True, True, True, False, False, False]"
13,0.0009760435952001661,"[False, True, True, True, True, True, True, True, True, True, True, True, True, True, True, False, False, True, False, False, False, False, True, False, False, False, True, False, True, False, False, False, False, True, False, True, False, True, False, True]"
13,0.2630235842131355,"[True, True, False, True, True, True, True, True, True, True, True, True, True, True, True, False, True, True, False, True, True, True, False, True, True, True, False, True, True, False, False, True, True, False, True, False, True, False, True, True]"
13,0.37353003706774074,"[True, True, True, False, False, True, True, True, True, True, True, True, True, True, False, True, True, True, True, False, False, False, True, False, True, False, False, False, True, False, False, True, True, True, True, False, False, False, False, True]"
13,0.9997274100507023,"[True, True, True, True, True, True, True, True, True, True, True, True, True, True, True, False, False, False, True, True, False, True, True, False, True, False, False, True, True, True, False, True, False, False, True, False, False, True, False, False]"
13,0.2596441128954978,"[True, True, False, True, True, True, True, True, True, False, True, True, False, True, False, False, True, True, False, False, False, False, True, False, True, False, False, False, False, True, False, True, True, False, True, False, False, True, False, True]"
13,0.9995353661205593,"[True, True, True, True, True, True, True, True, True, True, True, True, True, True, False, False, True, True, True, True, False, True, False, False, False, True, False, False, True, True, True, True, True, False, False, False, False, True, True, True]"
13,0.99977291800644,"[True, True, True, True, True, True, True, True, True, True, True, True, True, True, True, False, True, False, False, False, False, False, True, False, True, True, True, True, True, False, True, True, False, False, False, False, True, True, True, False]"
13,0.054854620780987955,"[True, False, True, True, True, True, True, True, False, True, True, True, True, True, True, True, False, False, True, False, False, True, True, True, True, False, False, False, False, True, False, True, False, False, True, True, False, True, False, False]"
13,0.9998709761688164,"[True, True, True, True, True, True, True, True, True, True, True, True, True, True, True, True, False, False, True, False, False, True, True, True, True, False, False, False, False, True, False, True, False, True, True, True, False, True, True, True]"
13,0.999734635100643,"[True, True, True, True, True, True, True, True, True, True, True, True, True, True, True, False, False, True, False, False, False, False, True, False, True, False, True, True, True, True, False, True, False, False, False, False, False, True, True, True]"
13,0.05629497771579903,"[True, False, True, True, True, True, True, True, True, True, True, True, True, True, True, False, False, True, True, False, False, False, False, True, True, False, True, True, True, True, False, True, True, False, True, False, False, True, False, False]"
13,0.9997274241444117,"[True, True, True, True, True, True, True, True, True, True, True, True, True, True, True, False, False, False, True, True, False, True, True, False, True, False, True, False, False, False, True, True, False, False, True, True, False, False, True, False]"
13,0.9949202196598383,"[True, True, True, True, True, True, True, True, True, True, False, True, True, True, True, False, True, False, True, False, False, False, False, True, True, True, True, True, True, True, True, True, True, False, False, True, False, True, True, False]"
13,0.2630413033737369,"[True, True, False, True, True, True, True, True, True, True, True, True, True, True, True, True, False, True, False, False, False, False, False, False, True, False, True, True, True, True, False, True, True, False, True, False, False, True, False, False]"
13,0.9997292548096766,"[True, True, True, True, True, True, True, True, True, True, True, True, True, True, True, False, False, False, True, True, True, False, False, True, True, False, True, True, False, True, False, True, True, False, True, False, False, True, True, True]"
13,0.9985232101976744,"[True, True, True, True, True, True, True, True, True, True, True, True, False, True, True, False, False, True, False, True, False, False, False, False, True, False, True, True, False, True, False, True, True, False, True, True, False, False, True, True]"
13,0.11378051126530261,"[True, True, False, False, True, True, False, True, True, True, True, True, True, True, False, True, True, False, False, False, False, False, True, True, True, True, False, False, True, False, False, False, False, False, True, False, False, True, False, False]"
13,0.9805666825569607,"[True, True, True, True, True, True, True, True, False, True, True, True, True, True, True, True, True, False, False, False, False, False, True, True, True, False, True, False, False, False, False, False, False, False, False, False, False, True, False, True]"
13,0.9999720742615497,"[True, True, True, True, True, True, True, True, True, True, True, True, True, True, True, True, True, True, False, True, False, False, False, True, False, False, True, False, False, True, False, True, True, True, False, True, False, True, False, True]"
13,0.0009761734502630865,"[False, True, True, True, True, True, True, True, True, True, True, True, True, True, True, False, True, False, True, True, False, False, False, True, True, False, True, True, True, True, True, True, True, False, True, True, False, True, True, True]"
13,0.7133766756425742,"[True, True, True, True, False, True, True, True, False, True, True, True, True, True, True, True, True, False, False, False, False, False, True, False, True, True, True, True, True, False, True, True, False, False, True, False, True, False, True, False]"
13,0.9999741792543143,"[True, True, True, True, True, True, True, True, True, True, True, True, True, True, True, True, True, True, False, True, False, True, False, False, True, False, True, False, True, True, False, True, True, True, True, True, False, False, False, True]"
13,0.9997429607311002,"[True, True, True, True, True, True, True, True, True, True, True, True, True, True, True, False, False, True, False, True, False, False, False, False, True, False, True, True, False, True, False, True, True, False, True, True, False, False, True, True]"
13,0.9897991126272392,"[True, True, True, True, True, True, True, True, True, False, True, True, True, True, False, False, True, True, False, True, False, True, True, False, True, False, True, False, True, True, False, True, True, False, True, False, False, True, True, True]"
13,0.03678018339531247,"[True, False, True, True, False, True, True, True, True, True, True, True, True, True, True, False, False, False, True, True, False, True, True, False, True, False, True, True, True, True, False, True, False, True, True, False, False, True, False, False]"
13,0.9615012030862992,"[True, True, True, True, True, True, True, False, True, True, True, True, True, True, True, True, False, False, True, True, False, True, True, False, True, False, True, False, True, True, False, True, False, False, True, False, True, True, False, False]"
13,0.961188257541109,"[True, True, True, True, True, True, True, False, True, True, True, True, True, True, False, True, False, False, False, True, False, True, True, False, True, False, True, False, True, True, False, True, True, False, True, False, False, True, False, False]"
13,0.9999738626484216,"[True, True, True, True, True, True, True, True, True, True, True, True, True, True, True, True, True, True, False, True, False, True, False, False, False, False, True, False, False, True, False, True, True, True, True, True, False, True, False, True]"
13,0.9995097599367903,"[True, True, True, True, True, True, True, True, True, True, True, True, True, True, False, False, True, True, False, False, True, False, False, True, False, True, False, True, False, True, False, True, False, False, False, False, False, True, True, True]"
13,0.9996206815442923,"[True, True, True, True, True, True, True, True, True, True, True, True, True, True, False, True, True, False, False, False, False, False, True, True, True, False, False, False, False, False, False, False, False, False, True, False, False, True, False, True]"
13,0.7240665785676157,"[True, True, True, True, False, True, True, True, True, True, False, True, True, True, False, True, True, True, False, True, False, False, True, False, False, False, True, True, True, True, False, True, False, False, False, False, False, False, False, True]"
13,0.999973918490084,"[True, True, True, True, True, True, True, True, True, True, True, True, True, True, True, True, True, True, False, True, False, True, False, False, False, False, True, True, True, True, False, True, True, True, True, True, False, False, False, True]"
13,0.0009749882398290005,"[False, True, True, True, True, True, True, True, True, True, True, True, True, False, True, False, True, False, True, True, False, True, True, False, True, False, True, True, True, True, False, True, False, False, True, False, False, True, False, False]"
13,0.9999720931785642,"[True, True, True, True, True, True, True, True, True, True, True, True, True, True, True, True, True, True, False, True, False, False, False, True, False, False, True, False, True, True, False, True, True, True, True, True, False, True, False, True]"
13,0.05630441584989649,"[True, False, True, True, True, True, True, True, True, True, True, True, True, True, True, True, False, False, True, True, False, True, False, False, True, False, True, False, True, True, False, True, False, False, True, True, True, True, True, False]"
13,0.9986273287588435,"[True, True, True, True, True, True, True, True, True, True, True, True, False, True, True, False, True, True, True, True, True, True, True, True, True, False, False, True, True, True, False, True, True, False, True, True, False, False, True, True]"
13,0.9974956172713111,"[True, True, True, True, True, True, True, True, True, True, True, False, True, True, True, True, True, False, False, True, False, False, False, True, True, False, False, True, True, False, False, True, True, False, True, False, True, True, True, False]"
13,0.9999721301304064,"[True, True, True, True, True, True, True, True, True, True, True, True, True, True, True, True, True, True, False, True, False, False, False, True, False, False, True, True, True, True, False, True, True, True, False, True, False, True, False, False]"
13,0.9244961452836341,"[True, True, True, True, True, True, False, True, True, True, True, True, True, True, True, True, True, False, False, False, False, False, True, True, True, True, False, False, True, False, False, False, False, False, True, False, False, True, False, True]"
13,0.9998031721140961,"[True, True, True, True, True, True, True, True, True, True, True, True, True, True, True, False, True, False, True, True, False, True, False, True, True, False, True, True, True, True, True, True, True, False, False, True, False, False, True, True]"
13,0.4431813119484511,"[True, True, True, False, True, False, True, True, True, True, True, True, True, True, True, False, False, False, False, True, False, False, False, True, False, False, True, True, False, True, False, True, True, False, True, True, False, True, True, True]"
13,0.9999259623767097,"[True, True, True, True, True, True, True, True, True, True, True, True, True, True, True, True, True, False, False, False, False, False, True, True, True, True, False, False, True, False, False, False, False, False, False, False, False, True, False, True]"
13,0.9999350216231886,"[True, True, True, True, True, True, True, True, True, True, True, True, True, True, True, True, True, False, False, True, False, False, True, False, True, True, True, True, True, False, True, True, False, False, True, False, True, True, True, False]"
13,0.05622483777619125,"[True, False, True, True, True, True, True, True, True, True, True, True, True, False, False, False, False, True, False, False, False, False, False, True, False, False, True, False, True, False, False, True, True, False, False, True, False, True, False, True]"
13,0.8541091897120361,"[True, True, True, True, True, False, True, True, True, True, True, True, True, True, True, False, True, False, True, False, False, False, False, False, True, True, False, False, True, False, False, False, False, True, True, False, True, False, False, False]"
13,0.05623070708932455,"[True, False, True, True, True, True, True, True, True, True, True, True, True, False, False, False, True, True, False, False, False, True, False, False, False, True, True, True, True, True, False, True, False, False, False, True, False, True, True, True]"
13,0.9973053148143757,"[True, True, True, True, True, True, True, True, True, True, True, False, True, True, True, False, False, True, False, True, False, False, False, True, True, False, False, True, False, False, True, True, True, False, True, True, False, False, True, True]"
13,0.524418976092343,"[True, True, True, False, True, True, True, True, True, True, True, True, True, True, True, True, True, False, False, False, False, False, True, True, True, False, False, False, True, False, True, False, False, False, True, False, False, True, False, True]"
13,0.7279204087244551,"[True, True, True, True, False, True, True, True, True, True, True, True, True, True, True, True, True, False, False, False, False, False, True, True, True, False, False, False, True, False, False, False, False, False, True, False, False, True, False, True]"
13,0.0009670141066962036,"[False, True, True, True, True, True, True, True, True, True, False, True, True, True, True, True, True, True, False, True, False, False, False, True, True, False, True, False, True, True, False, True, True, True, True, True, False, True, False, True]"
13,0.9987570771073481,"[True, True, True, True, True, True, True, True, True, True, True, True, False, True, True, True, True, True, False, True, True, False, False, True, True, False, False, False, True, True, False, True, True, True, False, True, True, True, False, True]"
13,0.9995244054554374,"[True, True, True, True, True, True, True, True, True, True, True, True, True, True, False, False, True, True, True, False, False, False, False, True, True, True, True, False, True, False, False, True, True, True, True, True, False, True, True, True]"
13,0.999479945564125,"[True, True, True, True, True, True, True, True, True, True, True, True, True, True, False, False, True, False, False, True, False, True, True, True, False, True, False, False, True, False, True, False, False, False, False, False, False, True, True, True]"
13,0.9988860474618153,"[True, True, True, True, True, True, True, True, True, True, True, True, True, False, False, False, True, False, True, True, False, False, True, False, False, False, True, False, True, False, False, True, False, False, False, False, False, True, True, False]"
13,0.9607044417757605,"[True, True, True, True, True, True, True, False, True, True, True, True, True, False, False, True, True, True, False, False, True, True, False, True, False, True, False, True, False, True, True, True, False, False, False, False, False, True, False, True]"
13,0.9997143666629595,"[True, True, True, True, True, True, True, True, True, True, True, True, True, True, True, False, False, False, True, False, False, False, False, False, True, False, True, True, True, False, False, True, True, False, True, False, False, True, False, False]"
13,0.9999721301304064,"[True, True, True, True, True, True, True, True, True, True, True, True, True, True, True, True, True, True, False, True, False, False, False, True, False, False, True, True, True, True, False, True, True, True, False, True, False, True, False, False]"
13,0.9997656212090118,"[True, True, True, True, True, True, True, True, True, True, True, True, True, True, True, False, False, True, True, True, False, True, True, False, True, False, True, True, True, True, False, False, False, True, True, True, False, True, False, False]"
13,0.9998800454886583,"[True, True, True, True, True, True, True, True, True, True, True, True, True, True, True, True, False, False, True, True, False, True, True, False, True, False, True, True, True, True, False, True, False, False, True, False, False, True, False, True]"
13,0.9999738856035281,"[True, True, True, True, True, True, True, True, True, True, True, True, True, True, True, True, True, True, False, True, False, True, False, False, False, False, True, False, True, True, True, True, True, True, False, True, False, False, False, True]"
13,0.056277036461482854,"[True, False, True, True, True, True, True, True, True, True, True, True, True, True, False, False, True, True, False, True, False, False, False, False, True, False, True, False, True, True, False, True, True, False, False, True, False, True, False, True]"
13,0.2630532715698107,"[True, True, False, True, True, True, True, True, True, True, True, True, True, True, True, True, True, False, False, False, False, False, True, True, True, False, False, False, True, False, False, False, False, False, True, False, False, True, False, True]"
13,0.999467850221465,"[True, True, True, True, True, True, True, True, True, True, True, True, True, True, False, False, True, False, False, False, False, False, True, False, True, True, True, True, True, True, False, False, True, False, True, False, True, False, False, False]"
13,0.9947960947139899,"[True, True, True, True, True, True, True, True, True, True, False, True, True, True, False, True, True, True, False, True, False, False, False, False, True, True, False, False, True, False, False, False, False, True, True, False, True, False, False, True]"
13,0.9999433775213895,"[True, True, True, True, True, True, True, True, True, True, True, True, True, True, True, True, True, False, True, False, False, False, False, True, False, False, False, False, False, False, False, False, False, False, True, True, False, True, False, True]"
13,0.9998009376654783,"[True, True, True, True, True, True, True, True, True, True, True, True, True, True, True, False, True, False, True, True, False, False, False, True, True, True, True, True, True, True, True, True, True, False, True, True, False, True, True, True]"
13,0.9999744772706525,"[True, True, True, True, True, True, True, True, True, True, True, True, True, True, True, True, True, True, False, True, False, True, False, True, False, False, True, False, True, True, False, True, True, True, True, True, False, False, False, True]"
13,0.9996759234593455,"[True, True, True, True, True, True, True, True, True, True, True, True, True, True, False, True, True, True, True, False, False, False, False, False, False, False, True, True, False, True, False, True, True, True, True, False, False, False, False, True]"
13,0.9995196055347715,"[True, True, True, True, True, True, True, True, True, True, True, True, True, True, False, False, True, True, False, True, True, False, False, True, True, True, False, True, True, False, True, True, True, False, False, False, False, True, True, True]"
13,0.9998037438395497,"[True, True, True, True, True, True, True, True, True, True, True, True, True, True, True, False, True, False, True, True, False, True, True, False, True, False, True, True, False, True, False, True, False, False, True, False, True, True, False, False]"
13,0.7114182579498209,"[True, True, True, True, False, True, True, True, False, True, True, False, True, True, True, False, False, False, False, True, True, False, False, False, True, False, False, True, True, True, True, False, True, False, False, False, False, False, False, True]"
13,0.9998285206044635,"[True, True, True, True, True, True, True, True, True, True, True, True, True, True, True, False, True, True, True, False, False, False, False, False, False, True, False, False, True, False, False, False, False, True, True, True, True, False, False, True]"
13,0.9995057933602421,"[True, True, True, True, True, True, True, True, True, True, True, True, True, True, False, False, True, True, False, False, False, False, True, False, True, False, True, False, True, True, False, False, True, False, True, False, False, True, False, False]"
13,0.9996488581748608,"[True, True, True, True, True, True, True, True, True, True, True, True, True, True, False, True, True, False, True, True, False, False, True, False, True, True, False, False, True, False, False, True, True, True, True, False, False, True, False, True]"
13,0.2629354255733353,"[True, True, False, True, True, True, True, True, True, True, True, True, True, True, False, False, True, True, True, True, False, False, False, True, True, False, True, True, True, True, True, True, True, False, False, True, False, False, True, True]"
13,0.9997729182974188,"[True, True, True, True, True, True, True, True, True, True, True, True, True, True, True, False, True, False, False, False, False, False, True, False, True, True, True, True, True, False, True, True, False, False, True, False, True, True, True, False]"
13,0.9901139736513517,"[True, True, True, True, True, True, True, True, True, False, True, True, True, True, True, False, True, True, True, False, True, False, True, True, True, False, True, True, True, True, True, True, True, False, False, True, False, True, True, False]"
13,0.999824691010771,"[True, True, True, True, True, True, True, True, True, True, True, True, True, True, True, False, True, True, False, True, True, False, False, True, True, True, False, True, True, False, True, True, False, True, True, False, True, False, True, True]"
13,0.4823197417691586,"[True, True, True, False, True, True, False, True, True, True, True, True, True, True, True, True, True, False, False, False, False, False, True, False, True, False, True, True, True, False, True, True, True, False, True, False, True, True, True, False]"
13,0.9590537651662865,"[True, True, True, True, True, True, True, False, True, True, True, False, True, True, True, False, True, False, False, True, False, False, True, True, True, True, True, True, True, True, True, True, True, True, False, True, False, True, True, True]"
13,0.9992168328612427,"[True, True, True, True, True, True, True, True, True, True, True, True, True, False, True, False, True, True, False, True, True, True, False, True, True, False, False, True, True, False, False, True, True, False, True, False, True, False, True, True]"
13,0.9996208491251379,"[True, True, True, True, True, True, True, True, True, True, True, True, True, True, False, True, True, False, False, False, False, False, True, True, True, True, False, False, True, False, False, False, False, False, True, False, False, True, False, True]"
13,0.0009762244831680223,"[False, True, True, True, True, True, True, True, True, True, True, True, True, True, True, False, True, True, False, True, True, True, False, True, True, False, False, True, True, False, False, True, True, False, True, True, True, False, True, True]"
13,0.8542264671122793,"[True, True, True, True, True, False, True, True, True, True, True, True, True, True, True, True, True, False, False, False, False, False, True, True, True, False, False, False, True, False, False, False, False, False, True, False, False, True, False, True]"
13,0.9950541921077504,"[True, True, True, True, True, True, True, True, True, True, False, True, True, True, True, True, True, False, False, False, False, False, True, True, True, True, False, False, True, False, False, True, False, False, True, False, False, True, True, True]"
13,0.9997729182428602,"[True, True, True, True, True, True, True, True, True, True, True, True, True, True, True, False, True, False, False, False, False, False, True, False, True, True, True, True, True, False, True, True, False, False, True, False, True, False, False, False]"
13,0.9245001437108765,"[True, True, True, True, True, True, False, True, True, True, True, True, True, True, True, True, True, False, False, False, True, False, True, False, True, True, True, True, True, False, True, True, False, False, True, False, True, True, True, False]"
13,0.0009575366007653544,"[False, True, True, True, True, True, True, True, True, False, True, True, True, True, True, True, True, False, False, True, False, True, True, True, True, True, False, False, True, True, False, True, False, False, True, False, False, True, False, False]"
13,0.9991632627768589,"[True, True, True, True, True, True, True, True, True, True, True, True, True, False, True, False, True, False, False, False, False, False, True, True, True, False, True, False, True, False, False, False, True, False, True, True, False, True, False, True]"
step,fitness,genome
14,0.8540675198023436,"[True, True, True, True, True, False, True, True, True, True, True, True, True, True, True, False, False, True, False, True, False, False, False, False, False, False, True, True, False, True, False, True, True, False, True, True, False, False, True, True]"
14,0.9997274112145699,"[True, True, True, True, True, True, True, True, True, True, True, True, True, True, True, False, False, False, True, True, False, True, True, False, True, False, False, True, True, True, False, True, True, False, True, False, False, True, False, False]"
14,0.9962972803434583,"[True, True, True, True, True, True, True, True, True, True, True, False, False, True, True, True, True, False, True, True, False, False, False, True, False, True, True, True, True, True, False, True, True, True, True, True, True, False, True, False]"
14,0.9975249843064976,"[True, True, True, True, True, True, True, True, True, True, True, False, True, True, True, True, True, True, False, False, False, False, True, False, True, True, True, True, True, False, True, True, False, False, False, False, True, True, True, False]"
14,0.9997727759542248,"[True, True, True, True, True, True, True, True, True, True, True, True, True, True, True, False, True, False, False, False, False, False, True, False, True, False, True, True, True, True, True, False, False, False, False, False, True, False, False, False]"
14,0.9999259437514996,"[True, True, True, True, True, True, True, True, True, True, True, True, True, True, True, True, True, False, False, False, False, False, True, True, True, True, False, False, False, False, False, False, False, False, False, False, False, True, False, True]"
14,0.9604149142379053,"[True, True, True, True, True, True, True, False, True, True, True, True, False, True, True, True, True, True, False, True, False, True, False, True, True, False, True, False, True, True, False, True, True, True, True, True, False, False, False, True]"
14,0.9999739231465876,"[True, True, True, True, True, True, True, True, True, True, True, True, True, True, True, True, True, True, False, True, False, True, False, False, False, False, True, True, True, True, True, True, True, True, True, True, False, False, False, True]"
14,0.05557901770212182,"[True, False, True, True, True, True, True, True, True, False, True, True, True, True, True, True, True, False, False, False, False, False, True, False, True, True, True, True, True, False, True, True, False, False, True, False, True, True, False, False]"
14,0.9999535086949163,"[True, True, True, True, True, True, True, True, True, True, True, True, True, True, True, True, True, False, True, True, False, False, False, True, True, True, True, True, True, True, True, True, True, False, True, True, False, True, True, True]"
14,0.999216833442909,"[True, True, True, True, True, True, True, True, True, True, True, True, True, False, True, False, True, True, False, True, True, True, False, True, True, False, False, True, True, False, False, True, True, True, True, False, True, False, True, True]"
14,0.9994862755387187,"[True, True, True, True, True, True, True, True, True, True, True, True, True, True, False, False, True, False, True, False, False, False, False, True, True, True, True, False, True, False, False, True, True, True, True, True, True, True, True, True]"
14,0.9998401080034097,"[True, True, True, True, True, True, True, True, True, True, True, True, True, True, True, False, True, True, True, True, False, False, True, True, True, False, True, True, True, False, False, True, True, True, True, True, False, True, True, True]"
14,0.9994094229301981,"[True, True, True, True, True, True, True, True, True, True, True, True, True, True, False, False, False, False, True, False, False, False, False, False, True, True, True, False, True, False, False, True, True, False, True, False, False, True, False, False]"
14,0.999734635100643,"[True, True, True, True, True, True, True, True, True, True, True, True, True, True, True, False, False, True, False, False, False, False, True, False, True, False, True, True, True, True, False, True, False, False, False, False, False, True, True, True]"
14,0.9988860474618153,"[True, True, True, True, True, True, True, True, True, True, True, True, True, False, False, False, True, False, True, True, False, False, True, False, False, False, True, False, True, False, False, True, False, False, False, False, False, True, True, False]"
14,0.9997729182974188,"[True, True, True, True, True, True, True, True, True, True, True, True, True, True, True, False, True, False, False, False, False, False, True, False, True, True, True, True, True, False, True, True, False, False, True, False, True, True, True, False]"
14,0.5189513982143208,"[True, True, True, False, True, True, True, True, True, False, True, True, True, True, True, True, False, False, True, False, False, True, True, True, True, False, False, True, False, True, False, True, False, True, True, True, False, True, True, True]"
14,0.9998003417259768,"[True, True, True, True, True, True, True, True, True, True, True, True, True, True, True, False, True, False, True, True, False, False, False, False, True, True, True, True, True, True, True, True, True, False, True, True, False, True, True, True]"
14,0.9950541897898103,"[True, True, True, True, True, True, True, True, True, True, False, True, True, True, True, True, True, False, False, False, False, False, True, True, True, True, False, False, True, False, False, False, False, False, True, False, False, True, True, True]"
14,0.4723061267444693,"[True, True, True, False, True, True, False, True, False, True, True, True, True, True, True, True, True, True, False, True, False, False, False, True, True, False, True, True, True, True, False, True, True, True, False, True, False, True, False, False]"
14,0.9889646386671059,"[True, True, True, True, True, True, True, True, True, False, True, True, False, True, True, True, False, True, False, True, False, False, False, True, False, False, True, False, False, True, False, True, True, True, False, True, True, True, True, True]"
14,0.9615456387892352,"[True, True, True, True, True, True, True, False, True, True, True, True, True, True, True, True, True, False, False, False, False, False, True, True, True, True, True, False, True, False, False, False, False, False, True, False, False, True, False, True]"
14,0.9999738856035281,"[True, True, True, True, True, True, True, True, True, True, True, True, True, True, True, True, True, True, False, True, False, True, False, False, False, False, True, False, True, True, True, True, True, True, False, True, False, False, False, True]"
14,0.99997864950778,"[True, True, True, True, True, True, True, True, True, True, True, True, True, True, True, True, True, True, False, True, True, True, False, False, False, False, True, False, True, True, False, True, True, True, True, True, False, False, False, True]"
14,0.6990737472037725,"[True, True, True, True, False, True, True, False, True, True, True, True, True, True, True, True, False, True, False, True, False, False, False, True, False, False, True, True, True, True, False, True, True, True, True, True, False, False, False, True]"
14,0.0009758304953199773,"[False, True, True, True, True, True, True, True, True, True, True, True, True, True, False, True, True, False, False, False, True, False, True, True, False, False, False, False, False, False, False, False, False, False, True, False, False, True, False, True]"
14,0.0009756244323939371,"[False, True, True, True, True, True, True, True, True, True, True, True, True, True, False, False, True, True, False, True, True, False, False, True, True, True, False, True, True, False, True, True, True, False, False, False, False, True, True, True]"
14,0.2600993956260896,"[True, True, False, True, True, True, True, True, True, False, True, True, True, True, True, False, True, True, False, False, True, False, True, True, False, False, True, True, True, True, True, True, True, True, False, True, False, True, False, False]"
14,0.9996672454802791,"[True, True, True, True, True, True, True, True, True, True, True, True, True, True, False, True, True, True, False, True, False, False, False, True, True, False, True, False, False, True, False, True, True, False, False, True, True, True, False, True]"
14,0.9996206815442923,"[True, True, True, True, True, True, True, True, True, True, True, True, True, True, False, True, True, False, False, False, False, False, True, True, True, False, False, False, False, False, False, False, False, False, True, False, False, True, False, True]"
14,0.056300818543144046,"[True, False, True, True, True, True, True, True, True, True, True, True, True, True, True, False, True, True, True, False, False, True, False, False, False, True, False, False, True, False, False, False, False, True, True, True, True, False, False, True]"
14,0.9998800454886583,"[True, True, True, True, True, True, True, True, True, True, True, True, True, True, True, True, False, False, True, True, False, True, True, False, True, False, True, True, True, True, False, True, False, False, True, False, False, True, False, True]"
14,0.9997735145131879,"[True, True, True, True, True, True, True, True, True, True, True, True, True, True, True, False, True, False, False, False, False, False, True, True, True, True, True, True, True, False, True, True, False, True, False, False, True, True, True, False]"
14,0.05629206894012106,"[True, False, True, True, True, True, True, True, True, True, True, True, True, True, True, False, False, False, True, False, False, False, False, False, True, False, True, True, True, False, False, True, True, False, True, False, False, True, True, False]"
14,0.9568890862687636,"[True, True, True, True, True, True, True, False, True, True, False, True, True, True, True, True, True, True, False, True, False, True, False, True, False, False, True, False, True, True, False, True, True, True, True, True, False, False, False, True]"
14,0.9991628590563699,"[True, True, True, True, True, True, True, True, True, True, True, True, True, False, True, False, True, False, False, False, False, False, True, False, True, True, True, True, True, False, True, True, False, False, True, False, True, True, True, False]"
14,0.9997632395655406,"[True, True, True, True, True, True, True, True, True, True, True, True, True, True, True, False, False, True, True, True, False, False, True, False, True, False, True, True, True, True, False, True, False, True, False, True, False, True, False, False]"
14,0.2630671857749642,"[True, True, False, True, True, True, True, True, True, True, True, True, True, True, True, True, True, True, False, True, False, False, False, True, False, False, True, False, True, True, False, True, True, True, True, True, False, True, False, True]"
14,0.999973918490084,"[True, True, True, True, True, True, True, True, True, True, True, True, True, True, True, True, True, True, False, True, False, True, False, False, False, False, True, True, True, True, False, True, True, True, True, True, False, False, False, True]"
14,0.8201973719561323,"[True, True, True, True, True, False, True, False, True, True, True, True, True, False, False, True, True, True, False, False, True, True, False, False, False, True, False, True, False, True, True, True, False, False, False, False, False, True, False, True]"
14,0.9996394879969841,"[True, True, True, True, True, True, True, True, True, True, True, True, True, True, False, True, True, False, True, False, False, False, True, True, False, False, False, True, False, False, False, False, False, False, True, False, False, True, False, True]"
14,0.056309555065136484,"[True, False, True, True, True, True, True, True, True, True, True, True, True, True, True, True, True, False, True, False, False, True, True, True, True, False, False, False, False, True, False, True, False, True, True, True, False, True, True, True]"
14,0.0009025835714281427,"[False, True, True, True, True, True, True, False, True, True, True, True, True, True, True, False, True, True, True, False, False, False, False, False, False, True, False, False, True, False, False, False, False, True, True, True, True, False, False, True]"
14,0.056303829977554766,"[True, False, True, True, True, True, True, True, True, True, True, True, True, True, True, True, False, False, True, False, False, True, True, True, True, False, False, True, False, True, False, True, False, True, True, True, False, True, False, False]"
14,0.9995091641353121,"[True, True, True, True, True, True, True, True, True, True, True, True, True, True, False, False, True, True, False, False, True, False, False, False, False, True, False, True, False, True, False, True, False, False, False, False, False, True, False, True]"
14,0.5239071501390378,"[True, True, True, False, True, True, True, True, True, True, True, True, True, False, False, True, True, False, False, False, False, False, True, True, True, True, False, False, True, False, False, False, False, True, True, False, False, True, False, True]"
14,0.9998219033617842,"[True, True, True, True, True, True, True, True, True, True, True, True, True, True, True, False, True, True, False, True, False, True, False, True, False, False, True, False, True, True, False, True, True, True, True, True, False, False, False, True]"
14,0.9936877598289242,"[True, True, True, True, True, True, True, True, True, True, False, True, False, True, True, False, True, False, False, False, False, False, True, True, True, False, False, True, True, True, False, True, True, False, True, True, False, False, True, False]"
14,0.999429499634663,"[True, True, True, True, True, True, True, True, True, True, True, True, True, True, False, False, False, True, False, False, False, False, True, False, True, False, False, True, True, True, False, True, False, False, False, False, False, True, True, True]"
14,0.9998192489936439,"[True, True, True, True, True, True, True, True, True, True, True, True, True, True, True, False, True, True, False, True, False, False, False, False, True, False, True, True, True, False, False, True, True, False, True, True, False, True, True, True]"
14,0.9995725816862457,"[True, True, True, True, True, True, True, True, True, True, True, True, True, True, False, True, False, False, True, True, False, False, True, False, True, True, False, False, False, True, False, True, True, True, True, False, True, False, False, True]"
14,0.9997729182974188,"[True, True, True, True, True, True, True, True, True, True, True, True, True, True, True, False, True, False, False, False, False, False, True, False, True, True, True, True, True, False, True, True, False, False, True, False, True, True, True, False]"
14,0.9999714782302423,"[True, True, True, True, True, True, True, True, True, True, True, True, True, True, True, True, True, True, False, True, False, False, False, False, False, False, True, False, False, True, False, True, True, True, False, True, False, True, False, True]"
14,0.4432955995514294,"[True, True, True, False, True, False, True, True, True, True, True, True, True, True, True, True, True, False, True, False, False, False, False, False, False, False, False, False, False, False, False, False, False, False, True, True, False, True, False, True]"
14,0.9999283604478832,"[True, True, True, True, True, True, True, True, True, True, True, True, True, True, True, True, True, False, False, False, False, True, True, True, True, True, False, False, True, True, True, False, False, False, False, False, True, True, False, True]"
14,0.16654862903360867,"[True, True, False, True, False, True, False, True, True, True, True, True, True, True, False, True, True, False, False, False, False, False, True, True, True, True, False, False, True, False, False, False, False, False, True, False, False, True, False, True]"
14,0.9997522224304418,"[True, True, True, True, True, True, True, True, True, True, True, True, True, True, True, False, False, True, True, False, False, False, False, False, False, True, False, False, False, False, False, False, False, True, True, True, True, False, False, True]"
14,0.9996206861993154,"[True, True, True, True, True, True, True, True, True, True, True, True, True, True, False, True, True, False, False, False, False, False, True, True, True, False, False, False, False, False, True, False, False, False, True, False, False, True, False, True]"
14,0.9894407350740572,"[True, True, True, True, True, True, True, True, True, False, True, True, True, False, True, False, False, True, True, True, False, True, True, True, True, False, True, True, True, True, True, True, False, True, True, False, False, True, False, False]"
14,0.9999349842997095,"[True, True, True, True, True, True, True, True, True, True, True, True, True, True, True, True, True, False, False, True, False, False, True, False, True, True, True, False, True, False, True, True, False, False, True, False, False, True, True, False]"
14,0.9998031721140961,"[True, True, True, True, True, True, True, True, True, True, True, True, True, True, True, False, True, False, True, True, False, True, False, True, True, False, True, True, True, True, True, True, True, False, False, True, False, False, True, True]"
14,0.999819498645728,"[True, True, True, True, True, True, True, True, True, True, True, True, True, True, True, False, True, True, False, True, False, False, False, True, False, False, True, False, False, True, False, False, True, True, True, True, False, True, False, True]"
14,0.9996583305457211,"[True, True, True, True, True, True, True, True, True, True, True, True, True, True, False, True, True, True, False, False, False, False, True, False, True, False, True, False, True, True, True, True, True, False, False, False, False, True, False, False]"
14,0.37356945720920787,"[True, True, True, False, False, True, True, True, True, True, True, True, True, True, True, False, True, False, False, False, False, False, True, False, True, True, True, True, True, False, True, True, True, False, True, False, False, False, True, True]"
14,0.7277114217577247,"[True, True, True, True, False, True, True, True, True, True, True, True, True, True, False, True, True, False, True, True, False, False, False, False, True, True, False, True, True, False, False, True, True, True, True, False, True, True, False, False]"
14,0.000938574357871748,"[False, True, True, True, True, True, True, True, False, True, True, True, True, True, True, False, False, False, True, True, True, True, True, False, True, False, True, True, True, True, False, True, False, False, True, False, False, True, False, True]"
14,0.9992168330066593,"[True, True, True, True, True, True, True, True, True, True, True, True, True, False, True, False, True, True, False, True, True, True, False, True, True, False, False, True, True, False, False, True, True, False, True, True, True, False, True, True]"
14,0.9998252869542411,"[True, True, True, True, True, True, True, True, True, True, True, True, True, True, True, False, True, True, False, True, True, False, True, False, True, True, False, True, True, False, True, True, False, True, True, False, True, False, True, False]"
14,0.9999368096684934,"[True, True, True, True, True, True, True, True, True, True, True, True, True, True, True, True, True, False, False, True, False, True, False, True, True, True, True, True, True, False, True, True, False, False, True, False, True, True, True, True]"
14,0.9902512610931619,"[True, True, True, True, True, True, True, True, True, False, True, True, True, True, True, True, True, True, False, True, False, True, False, False, False, False, True, False, False, False, False, True, True, True, True, True, True, True, False, True]"
14,0.9902149892871979,"[True, True, True, True, True, True, True, True, True, False, True, True, True, True, True, True, True, False, False, True, False, True, True, False, True, False, True, True, True, True, False, True, False, False, True, False, False, True, False, True]"
14,0.9243560304065244,"[True, True, True, True, True, True, False, True, True, True, True, True, True, True, True, False, True, False, False, False, False, True, True, True, False, True, True, True, True, False, True, True, False, False, False, False, True, True, True, True]"
14,0.054660906048910884,"[True, False, True, True, True, True, True, True, False, True, True, False, True, True, False, True, True, True, False, True, False, False, False, False, True, False, False, False, True, True, False, True, True, True, True, True, False, False, True, True]"
14,0.056298773534988425,"[True, False, True, True, True, True, True, True, True, True, True, True, True, True, True, False, True, False, True, True, False, True, True, False, True, False, False, True, False, True, False, False, False, False, True, False, False, False, False, False]"
14,0.9999434543515892,"[True, True, True, True, True, True, True, True, True, True, True, True, True, True, True, True, True, False, True, False, False, False, False, True, False, False, True, False, False, False, False, True, False, False, True, True, False, True, False, True]"
14,0.9991570434909681,"[True, True, True, True, True, True, True, True, True, True, True, True, True, False, True, False, False, True, True, True, True, False, False, True, False, False, True, True, False, True, True, True, True, False, False, False, False, True, True, False]"
14,0.9987714757293694,"[True, True, True, True, True, True, True, True, True, True, True, True, False, True, True, True, True, True, True, True, False, False, False, True, True, False, True, True, True, True, False, False, True, True, True, False, True, False, False, True]"
14,0.9999357402731996,"[True, True, True, True, True, True, True, True, True, True, True, True, True, True, True, True, True, False, False, True, False, True, False, False, False, False, True, False, True, True, True, True, True, True, False, True, True, False, True, True]"
14,0.9998971862173686,"[True, True, True, True, True, True, True, True, True, True, True, True, True, True, True, True, False, True, False, True, False, False, True, True, False, True, True, True, True, True, True, True, True, True, False, False, False, True, False, True]"
14,0.26303950838768997,"[True, True, False, True, True, True, True, True, True, True, True, True, True, True, True, True, False, False, True, True, False, True, True, False, True, False, True, True, True, False, False, True, False, False, True, False, False, True, True, True]"
14,0.9999159470696728,"[True, True, True, True, True, True, True, True, True, True, True, True, True, True, True, True, False, True, True, True, False, False, True, False, True, True, True, True, True, False, True, False, False, False, True, False, True, True, False, False]"
14,0.9245385803873801,"[True, True, True, True, True, True, False, True, True, True, True, True, True, True, True, True, True, True, False, True, False, False, False, False, False, False, True, False, True, True, True, True, True, True, False, True, False, False, False, True]"
14,0.9611138396750653,"[True, True, True, True, True, True, True, False, True, True, True, True, True, True, False, False, True, False, False, True, False, True, False, True, False, True, False, False, True, False, True, True, False, False, False, False, False, True, True, True]"
14,0.9997824158140689,"[True, True, True, True, True, True, True, True, True, True, True, True, True, True, True, False, True, False, False, True, False, False, True, False, True, True, True, False, True, False, True, True, False, False, True, False, False, True, True, False]"
14,0.9606877017973999,"[True, True, True, True, True, True, True, False, True, True, True, True, True, False, False, True, True, False, True, True, False, False, False, False, False, False, True, True, True, False, False, True, False, False, False, False, True, True, True, False]"
14,0.9998285252603577,"[True, True, True, True, True, True, True, True, True, True, True, True, True, True, True, False, True, True, True, False, False, False, False, False, False, True, False, False, True, False, True, False, False, True, True, True, True, False, False, True]"
14,0.05629430650169382,"[True, False, True, True, True, True, True, True, True, True, True, True, True, True, True, False, False, True, False, True, False, False, True, False, True, False, True, True, True, True, False, True, False, False, False, False, False, True, True, True]"
14,0.6988736194891113,"[True, True, True, True, False, True, True, False, True, True, True, True, True, True, False, True, True, False, False, False, False, False, False, True, True, True, False, False, True, False, False, False, False, False, True, False, False, True, False, True]"
14,0.0009765126515539423,"[False, True, True, True, True, True, True, True, True, True, True, True, True, True, True, True, True, True, False, True, False, True, False, True, False, False, True, False, True, True, False, True, True, True, True, True, False, True, False, True]"
14,0.9999745145136056,"[True, True, True, True, True, True, True, True, True, True, True, True, True, True, True, True, True, True, False, True, False, True, False, True, False, False, True, True, True, True, False, True, True, True, True, True, False, False, False, False]"
14,0.9999714596042691,"[True, True, True, True, True, True, True, True, True, True, True, True, True, True, True, True, True, True, False, True, False, False, False, False, False, False, False, True, True, True, False, True, True, True, False, True, False, True, False, True]"
14,0.502866301071335,"[True, True, True, False, True, True, True, False, True, True, True, True, True, True, True, False, False, False, True, True, False, True, True, False, True, False, False, True, True, True, False, False, False, False, True, False, False, True, False, False]"
14,0.9999350213321673,"[True, True, True, True, True, True, True, True, True, True, True, True, True, True, True, True, True, False, False, True, False, False, True, False, True, True, True, True, True, False, True, True, False, False, False, False, True, True, True, False]"
14,0.9979745386467261,"[True, True, True, True, True, True, True, True, True, True, True, True, False, False, True, False, True, False, True, True, False, True, True, False, True, False, True, True, True, True, False, True, False, False, False, False, True, True, False, False]"
14,0.2586961822578556,"[True, True, False, True, True, True, True, True, True, False, False, True, True, True, True, True, True, True, False, True, False, False, False, True, False, False, True, True, False, True, True, True, True, True, True, True, False, True, False, False]"
14,0.998753881488714,"[True, True, True, True, True, True, True, True, True, True, True, True, False, True, True, True, True, True, False, True, False, True, False, False, False, False, True, False, True, True, True, True, True, True, False, True, False, False, False, True]"
14,0.26292854454142905,"[True, True, False, True, True, True, True, True, True, True, True, True, True, True, False, False, True, True, False, False, True, False, True, True, False, True, False, True, False, True, False, True, False, False, False, False, False, True, True, True]"
14,0.05631001975313942,"[True, False, True, True, True, True, True, True, True, True, True, True, True, True, True, True, True, False, True, True, False, False, False, True, True, True, True, False, False, True, True, True, True, False, True, True, False, True, True, True]"
14,0.3732999392279488,"[True, True, True, False, False, True, True, True, True, True, True, True, True, False, True, False, False, False, True, True, True, False, False, True, True, False, True, True, False, True, False, True, True, True, True, False, False, True, True, True]"
step,fitness,genome
15,0.9950716093279521,"[True, True, True, True, True, True, True, True, True, True, False, True, True, True, True, True, True, False, True, False, False, False, False, True, False, False, True, False, False, False, True, True, False, False, True, True, False, False, False, False]"
15,0.999935580466045,"[True, True, True, True, True, True, True, True, True, True, True, True, True, True, True, True, True, False, False, True, False, False, True, True, True, True, True, False, True, False, True, True, False, False, True, True, False, True, True, True]"
15,0.7278473007051407,"[True, True, True, True, False, True, True, True, True, True, True, True, True, True, True, False, True, True, True, False, False, False, False, False, False, True, False, False, True, False, True, False, False, True, True, True, True, False, False, False]"
15,0.9998219033617842,"[True, True, True, True, True, True, True, True, True, True, True, True, True, True, True, False, True, True, False, True, False, True, False, True, False, False, True, False, True, True, False, True, True, True, True, True, False, False, False, True]"
15,0.9999554416284704,"[True, True, True, True, True, True, True, True, True, True, True, True, True, True, True, True, True, False, True, True, False, True, False, True, False, False, True, True, True, True, False, True, True, True, True, True, False, False, False, False]"
15,0.9806185422470903,"[True, True, True, True, True, True, True, True, False, True, True, True, True, True, True, True, True, True, False, True, True, True, False, False, False, False, True, False, True, True, False, True, True, True, True, True, False, False, False, True]"
15,0.9991932395809947,"[True, True, True, True, True, True, True, True, True, True, True, True, True, False, True, False, True, False, True, True, False, True, False, True, True, True, True, True, True, True, False, True, False, False, True, False, True, True, False, True]"
15,0.9985625107124189,"[True, True, True, True, True, True, True, True, True, True, True, True, False, True, True, False, True, False, False, True, False, False, True, False, True, False, True, True, True, False, True, True, False, True, False, False, True, True, True, True]"
15,0.9998800361764381,"[True, True, True, True, True, True, True, True, True, True, True, True, True, True, True, True, False, False, True, True, False, True, True, False, True, False, True, True, True, False, False, True, False, False, True, False, False, True, False, True]"
15,0.9999354845562989,"[True, True, True, True, True, True, True, True, True, True, True, True, True, True, True, True, True, False, False, True, False, False, True, True, True, True, False, False, False, False, True, False, False, False, False, False, False, True, False, True]"
15,0.9998219033617842,"[True, True, True, True, True, True, True, True, True, True, True, True, True, True, True, False, True, True, False, True, False, True, False, True, False, False, True, False, True, True, False, True, True, True, True, True, False, False, False, True]"
15,0.9997903845749991,"[True, True, True, True, True, True, True, True, True, True, True, True, True, True, True, False, True, False, True, False, False, False, False, False, False, True, False, False, True, False, True, False, False, True, False, True, True, True, False, True]"
15,0.9064659106899459,"[True, True, True, True, True, True, False, True, False, True, True, True, True, True, True, True, True, False, False, True, False, False, True, False, True, True, True, True, False, False, True, True, False, False, False, False, True, True, True, False]"
15,0.9607646817012817,"[True, True, True, True, True, True, True, False, True, True, True, True, True, False, True, False, False, False, True, True, False, True, True, False, False, False, False, True, True, True, False, True, True, False, True, False, False, True, False, False]"
15,0.9997829858375106,"[True, True, True, True, True, True, True, True, True, True, True, True, True, True, True, False, True, False, False, True, False, False, True, True, True, True, True, False, False, False, False, False, False, False, False, False, False, True, False, True]"
15,0.9999738858945595,"[True, True, True, True, True, True, True, True, True, True, True, True, True, True, True, True, True, True, False, True, False, True, False, False, False, False, True, False, True, True, True, True, True, True, True, True, False, False, False, True]"
15,0.9999357402731996,"[True, True, True, True, True, True, True, True, True, True, True, True, True, True, True, True, True, False, False, True, False, True, False, False, False, False, True, False, True, True, True, True, True, True, False, True, True, False, True, True]"
15,0.2630670008866245,"[True, True, False, True, True, True, True, True, True, True, True, True, True, True, True, True, True, True, False, True, False, False, False, False, False, False, True, False, False, True, False, True, True, True, False, True, False, True, False, True]"
15,0.9615918650862055,"[True, True, True, True, True, True, True, False, True, True, True, True, True, True, True, True, True, True, False, True, False, True, False, False, False, False, True, True, True, True, True, False, True, True, True, True, False, False, False, True]"
15,0.9998880977874517,"[True, True, True, True, True, True, True, True, True, True, True, True, True, True, True, True, False, True, False, False, False, True, False, False, False, False, True, True, True, True, True, True, True, True, True, True, False, False, False, True]"
15,0.9992294162290305,"[True, True, True, True, True, True, True, True, True, True, True, True, True, False, True, False, True, True, True, True, False, False, True, False, True, False, True, True, True, False, False, True, True, True, True, True, False, True, True, True]"
15,0.6713018014359279,"[True, True, True, True, False, True, False, True, True, True, True, True, True, True, True, True, True, False, False, False, False, False, True, True, False, True, False, False, False, False, False, False, False, True, False, False, False, True, False, True]"
15,0.054859449118556405,"[True, False, True, True, True, True, True, True, False, True, True, True, True, True, True, True, True, False, False, True, False, True, False, True, True, True, True, True, True, False, True, True, False, False, True, False, True, True, True, True]"
15,0.99918191833522,"[True, True, True, True, True, True, True, True, True, True, True, True, True, False, True, False, True, False, True, False, False, False, True, False, True, True, True, True, True, False, True, True, False, False, True, False, True, True, True, False]"
15,0.998620260092339,"[True, True, True, True, True, True, True, True, True, True, True, True, False, True, True, False, True, True, True, True, False, False, True, True, True, False, True, True, True, True, False, True, True, True, True, True, False, True, True, True]"
15,0.9950259849571333,"[True, True, True, True, True, True, True, True, True, True, False, True, True, True, True, True, False, True, False, True, False, True, False, False, False, False, True, True, True, True, True, True, True, True, True, True, False, False, False, False]"
15,0.9950994871505149,"[True, True, True, True, True, True, True, True, True, True, False, True, True, True, True, True, True, True, False, True, False, False, False, False, False, False, False, True, True, True, False, True, True, True, False, True, False, True, False, False]"
15,0.5029994390493411,"[True, True, True, False, True, True, True, False, True, True, True, True, True, True, True, True, True, True, False, True, False, True, False, True, False, False, True, True, True, True, False, True, True, True, True, True, False, False, False, False]"
15,0.05630859077643338,"[True, False, True, True, True, True, True, True, True, True, True, True, True, True, True, True, True, False, False, True, False, False, False, True, True, True, True, True, True, False, False, True, False, False, True, False, True, True, True, True]"
15,0.994750252263338,"[True, True, True, True, True, True, True, True, True, True, False, True, True, True, False, True, True, False, False, False, False, False, True, True, True, False, False, False, False, False, True, False, False, False, True, False, False, True, False, True]"
15,0.9615918673250918,"[True, True, True, True, True, True, True, False, True, True, True, True, True, True, True, True, True, True, False, True, False, True, False, False, False, False, True, True, True, True, True, True, True, True, True, True, False, False, False, False]"
15,0.000976116408092548,"[False, True, True, True, True, True, True, True, True, True, True, True, True, True, True, False, True, False, False, False, False, False, False, False, True, False, True, True, True, False, True, True, False, False, True, False, True, True, True, False]"
15,0.9949001804187275,"[True, True, True, True, True, True, True, True, True, True, False, True, True, True, True, False, True, False, False, False, False, False, False, False, False, False, True, True, True, False, False, True, False, False, True, False, True, True, True, False]"
15,0.2601440546584433,"[True, True, False, True, True, True, True, True, True, False, True, True, True, True, True, True, True, True, False, False, False, True, True, False, True, True, True, True, True, True, True, True, True, True, True, True, False, False, False, True]"
15,0.1818073099650155,"[True, True, False, True, False, True, True, True, True, True, False, True, True, True, True, True, True, True, False, True, False, True, True, True, False, False, True, True, True, True, False, True, True, True, True, True, True, True, False, True]"
15,0.5244445921983067,"[True, True, True, False, True, True, True, True, True, True, True, True, True, True, True, True, True, True, False, True, False, False, False, False, False, True, False, True, True, True, False, True, True, True, False, True, False, False, False, False]"
15,0.7278987846715979,"[True, True, True, True, False, True, True, True, True, True, True, True, True, True, True, True, False, True, False, True, False, False, True, True, False, False, True, True, True, True, True, True, True, True, True, False, False, True, False, True]"
15,0.9950640728421889,"[True, True, True, True, True, True, True, True, True, True, False, True, True, True, True, True, True, False, False, True, False, True, False, False, False, True, True, False, True, True, True, True, True, True, False, True, True, False, True, True]"
15,0.5244204502696251,"[True, True, True, False, True, True, True, True, True, True, True, True, True, True, True, True, True, False, False, False, False, True, True, True, True, True, True, True, False, True, True, False, False, False, False, False, False, True, False, True]"
15,0.9998970745417594,"[True, True, True, True, True, True, True, True, True, True, True, True, True, True, True, True, False, True, False, True, False, False, True, True, False, True, False, False, True, True, True, True, True, True, False, False, True, True, False, True]"
15,0.9999745191792064,"[True, True, True, True, True, True, True, True, True, True, True, True, True, True, True, True, True, True, False, True, False, True, False, True, False, False, True, True, True, True, True, True, True, True, True, True, False, False, False, True]"
15,0.9997824163960316,"[True, True, True, True, True, True, True, True, True, True, True, True, True, True, True, False, True, False, False, True, False, False, True, False, True, True, True, False, True, False, True, True, False, True, True, False, False, True, True, False]"
15,0.9804162593934402,"[True, True, True, True, True, True, True, True, False, True, True, True, True, True, True, False, True, False, False, False, False, False, True, False, True, False, True, True, True, True, True, False, False, False, False, False, False, False, False, False]"
15,0.05629789668459258,"[True, False, True, True, True, True, True, True, True, True, True, True, True, True, True, False, True, False, True, False, False, False, True, False, True, True, True, True, True, False, True, True, False, False, True, False, True, True, True, False]"
15,0.05630007492475485,"[True, False, True, True, True, True, True, True, True, True, True, True, True, True, True, False, True, True, False, True, False, False, True, True, True, False, True, False, True, False, False, True, True, True, True, True, False, True, True, True]"
15,0.9902749030407856,"[True, True, True, True, True, True, True, True, True, False, True, True, True, True, True, True, True, True, True, True, True, True, False, False, False, False, True, False, False, True, False, True, True, True, True, True, False, False, False, True]"
15,0.9993637488618871,"[True, True, True, True, True, True, True, True, True, True, True, True, True, False, True, True, True, True, False, True, False, True, False, False, False, False, True, True, True, True, False, True, True, True, True, True, False, False, False, True]"
15,0.9997729182974188,"[True, True, True, True, True, True, True, True, True, True, True, True, True, True, True, False, True, False, False, False, False, False, True, False, True, True, True, True, True, False, True, True, False, False, True, False, True, True, True, False]"
15,0.7241882980203413,"[True, True, True, True, False, True, True, True, True, True, False, True, True, True, True, False, True, True, True, False, False, False, True, True, False, True, False, False, True, False, True, False, False, True, True, True, True, False, True, True]"
15,0.9999241746489748,"[True, True, True, True, True, True, True, True, True, True, True, True, True, True, True, True, True, False, False, False, False, False, False, False, True, True, False, False, True, False, False, False, False, False, True, False, False, True, False, True]"
15,0.9985434679260745,"[True, True, True, True, True, True, True, True, True, True, True, True, False, True, True, False, False, True, True, True, False, False, True, False, True, False, True, True, True, True, False, True, True, True, False, True, False, True, False, False]"
15,0.8499117928811425,"[True, True, True, True, True, False, True, True, True, True, False, True, True, True, True, False, True, True, False, True, True, False, True, False, True, True, False, True, True, False, True, True, False, True, False, False, True, False, True, True]"
15,0.0009764006776554549,"[False, True, True, True, True, True, True, True, True, True, True, True, True, True, True, True, False, True, True, True, False, True, False, False, True, True, True, True, True, True, False, False, False, False, True, True, True, True, False, False]"
15,0.050713451367509675,"[True, False, True, True, True, True, False, True, True, True, True, True, True, True, True, True, True, True, False, True, True, False, True, False, False, False, True, False, True, True, True, True, True, True, True, False, False, False, False, True]"
15,0.9994706556177582,"[True, True, True, True, True, True, True, True, True, True, True, True, True, True, False, False, True, False, False, False, False, True, True, True, True, False, True, True, False, False, True, False, False, False, True, False, False, True, False, False]"
15,0.9998401119318614,"[True, True, True, True, True, True, True, True, True, True, True, True, True, True, True, False, True, True, True, True, False, False, True, True, True, False, True, True, True, False, True, True, True, False, True, False, False, True, True, True]"
15,0.9999643305359572,"[True, True, True, True, True, True, True, True, True, True, True, True, True, True, True, True, True, True, False, False, False, True, False, False, False, False, True, False, False, True, True, True, True, True, False, True, False, True, False, True]"
15,0.0009576010561805794,"[False, True, True, True, True, True, True, True, True, False, True, True, True, True, True, True, True, True, False, True, False, False, False, False, False, False, True, False, False, True, True, True, True, True, False, True, False, False, False, True]"
15,0.9999750359332704,"[True, True, True, True, True, True, True, True, True, True, True, True, True, True, True, True, True, True, False, True, False, True, True, False, False, False, False, True, True, True, False, True, True, True, True, False, False, True, False, False]"
15,0.9899025033403644,"[True, True, True, True, True, True, True, True, True, False, True, True, True, True, False, True, True, False, False, False, False, True, False, True, True, False, True, True, True, True, False, True, False, False, True, True, False, False, False, True]"
15,0.9997734400225715,"[True, True, True, True, True, True, True, True, True, True, True, True, True, True, True, False, True, False, False, False, False, False, True, True, True, True, False, True, True, False, True, True, False, True, False, False, True, True, True, False]"
15,0.9949687115218662,"[True, True, True, True, True, True, True, True, True, True, False, True, True, True, True, False, True, True, True, True, False, False, True, True, True, False, True, True, True, False, False, True, True, True, True, False, False, True, True, True]"
15,0.9999716822064967,"[True, True, True, True, True, True, True, True, True, True, True, True, True, True, True, True, True, True, False, True, False, False, False, False, False, True, True, True, True, True, False, True, False, True, True, True, False, False, False, True]"
15,0.99997386235739,"[True, True, True, True, True, True, True, True, True, True, True, True, True, True, True, True, True, True, False, True, False, True, False, False, False, False, True, False, False, True, False, True, True, True, False, True, False, True, False, True]"
15,0.0005119099281654317,"[False, True, True, True, False, True, True, True, True, True, True, True, True, True, True, False, False, True, True, True, False, False, True, False, True, True, True, True, True, False, True, False, False, False, True, True, True, True, False, False]"
15,0.999726220087634,"[True, True, True, True, True, True, True, True, True, True, True, True, True, True, True, False, False, False, True, True, False, True, False, False, True, False, False, True, True, True, False, True, True, True, True, False, True, True, True, False]"
15,0.9999349819715393,"[True, True, True, True, True, True, True, True, True, True, True, True, True, True, True, True, True, False, False, True, False, False, True, False, True, True, True, False, True, False, True, False, False, False, True, False, False, True, True, False]"
15,0.9805655845540076,"[True, True, True, True, True, True, True, True, False, True, True, True, True, True, True, True, True, False, False, False, False, False, False, True, True, True, False, False, False, False, False, False, False, False, False, False, False, True, True, True]"
15,0.999971403580836,"[True, True, True, True, True, True, True, True, True, True, True, True, True, True, True, True, True, True, False, True, False, False, False, False, False, False, False, False, False, True, False, True, True, True, False, False, False, True, False, True]"
15,0.999973918490084,"[True, True, True, True, True, True, True, True, True, True, True, True, True, True, True, True, True, True, False, True, False, True, False, False, False, False, True, True, True, True, False, True, True, True, True, True, False, False, False, True]"
15,0.9999748032352087,"[True, True, True, True, True, True, True, True, True, True, True, True, True, True, True, True, True, True, False, True, False, True, False, True, True, False, True, True, True, False, False, True, True, True, True, True, False, False, True, False]"
15,0.9992201932435217,"[True, True, True, True, True, True, True, True, True, True, True, True, True, False, True, False, True, True, True, False, False, False, True, True, False, False, True, True, True, True, False, True, True, True, True, True, False, True, False, True]"
15,0.9999815124457316,"[True, True, True, True, True, True, True, True, True, True, True, True, True, True, True, True, True, True, True, False, False, False, False, False, True, True, True, True, True, False, True, True, True, False, False, True, False, True, True, False]"
15,0.9778897778851986,"[True, True, True, True, True, True, True, True, False, True, True, False, True, True, False, True, True, False, True, False, False, False, True, False, True, True, False, True, True, True, True, True, False, False, True, False, True, True, True, True]"
15,0.9998192489936439,"[True, True, True, True, True, True, True, True, True, True, True, True, True, True, True, False, True, True, False, True, False, False, False, False, True, False, True, True, True, False, False, True, True, False, True, True, False, True, True, True]"
15,0.9987276512289199,"[True, True, True, True, True, True, True, True, True, True, True, True, False, True, True, True, True, False, True, False, True, False, False, False, False, False, True, False, False, False, False, True, False, False, True, True, True, False, False, True]"
15,0.9996418714117435,"[True, True, True, True, True, True, True, True, True, True, True, True, True, True, False, True, True, False, True, False, False, True, True, True, False, False, False, True, False, False, False, False, False, False, True, False, False, True, False, True]"
15,0.7278560046227748,"[True, True, True, True, False, True, True, True, True, True, True, True, True, True, True, False, True, True, True, True, False, False, True, True, True, False, True, True, True, False, False, True, True, True, True, True, False, True, True, False]"
15,0.9802902362898344,"[True, True, True, True, True, True, True, True, False, True, True, True, True, True, False, True, True, False, True, False, True, False, True, True, True, False, False, False, False, False, False, False, False, False, True, True, False, True, True, False]"
15,0.2615239479487301,"[True, True, False, True, True, True, True, True, True, True, False, True, True, True, True, False, False, False, False, True, False, True, True, False, True, False, False, True, False, True, False, True, True, False, True, False, False, True, False, False]"
15,0.8542682149346452,"[True, True, True, True, True, False, True, True, True, True, True, True, True, True, True, True, True, True, False, True, False, True, False, False, False, False, True, True, True, True, False, True, True, True, True, True, False, True, False, True]"
15,0.9999243788348088,"[True, True, True, True, True, True, True, True, True, True, True, True, True, True, True, True, True, False, False, False, False, False, False, True, False, False, False, True, True, True, True, True, True, True, False, True, True, False, False, True]"
15,0.03458719649519873,"[True, False, True, True, False, True, True, False, True, True, False, True, True, True, False, True, True, False, False, False, True, False, False, True, True, True, False, False, True, False, False, False, False, False, True, False, False, True, False, True]"
15,0.9999714596042691,"[True, True, True, True, True, True, True, True, True, True, True, True, True, True, True, True, True, True, False, True, False, False, False, False, False, False, False, True, True, True, False, True, True, True, False, True, False, True, False, True]"
15,0.9996282406547943,"[True, True, True, True, True, True, True, True, True, True, True, True, True, True, False, True, True, False, False, True, False, False, False, False, False, False, True, False, True, True, True, True, True, True, False, True, True, False, True, True]"
15,0.9900727203798404,"[True, True, True, True, True, True, True, True, True, False, True, True, True, True, True, False, True, False, True, False, False, True, False, True, True, True, True, False, True, False, False, True, True, True, True, True, False, True, True, True]"
15,0.9999302162173768,"[True, True, True, True, True, True, True, True, True, True, True, True, True, True, True, True, True, False, False, False, True, False, True, False, True, True, True, False, True, False, True, True, False, False, True, False, False, True, True, False]"
15,0.2611785236265646,"[True, True, False, True, True, True, True, True, True, True, False, True, False, True, True, False, True, False, False, False, False, False, True, True, True, False, False, True, True, True, False, True, True, False, True, True, False, False, True, False]"
15,0.9987354528885649,"[True, True, True, True, True, True, True, True, True, True, True, True, False, True, True, True, True, False, True, True, False, True, False, True, False, False, True, True, True, False, True, True, True, True, False, True, False, True, True, True]"
15,0.2630215827002825,"[True, True, False, True, True, True, True, True, True, True, True, True, True, True, True, False, True, True, False, True, False, False, True, False, True, False, True, False, True, True, False, True, True, True, True, True, False, False, False, True]"
15,0.5243609273032827,"[True, True, True, False, True, True, True, True, True, True, True, True, True, True, True, False, True, True, False, True, False, True, False, True, False, True, True, False, True, True, False, True, True, True, True, True, False, False, False, True]"
15,0.9998230951187445,"[True, True, True, True, True, True, True, True, True, True, True, True, True, True, True, False, True, True, False, True, False, True, True, True, False, False, True, False, True, True, False, True, True, True, True, False, False, False, False, True]"
15,0.9998285206044635,"[True, True, True, True, True, True, True, True, True, True, True, True, True, True, True, False, True, True, True, False, False, False, False, False, False, True, False, False, True, False, False, False, False, True, True, True, True, False, False, True]"
15,0.9996583305457211,"[True, True, True, True, True, True, True, True, True, True, True, True, True, True, False, True, True, True, False, False, False, False, True, False, True, False, True, False, True, True, True, True, True, False, False, False, False, True, False, False]"
15,0.9999738998640699,"[True, True, True, True, True, True, True, True, True, True, True, True, True, True, True, True, True, True, False, True, False, True, False, False, False, False, True, True, False, True, False, True, True, True, True, True, False, False, False, True]"
15,0.9987421170589378,"[True, True, True, True, True, True, True, True, True, True, True, True, False, True, True, True, True, True, False, False, False, False, False, False, False, True, True, False, True, True, False, True, False, True, False, True, False, True, False, True]"
15,0.7204448804043805,"[True, True, True, True, False, True, True, True, True, False, True, True, True, True, True, False, False, False, False, False, False, False, True, False, True, False, True, True, True, True, False, True, False, True, False, True, False, True, True, True]"
15,0.999897185053323,"[True, True, True, True, True, True, True, True, True, True, True, True, True, True, True, True, False, True, False, True, False, False, True, True, False, True, True, True, True, True, True, True, False, True, False, False, False, True, False, True]"
15,0.980314092543668,"[True, True, True, True, True, True, True, True, False, True, True, True, True, True, False, True, True, True, False, True, False, True, False, False, False, False, True, True, True, True, True, True, True, False, False, False, False, False, False, True]"
15,0.999963380899767,"[True, True, True, True, True, True, True, True, True, True, True, True, True, True, True, True, True, True, False, False, False, False, True, False, True, False, False, False, True, True, True, True, True, True, True, True, False, True, False, False]"
step,fitness,genome
16,0.9999714598953,"[True, True, True, True, True, True, True, True, True, True, True, True, True, True, True, True, True, True, False, True, False, False, False, False, False, False, False, True, True, True, False, True, True, True, True, True, False, True, False, True]"
16,0.5217106588212467,"[True, True, True, False, True, True, True, True, True, True, False, True, True, True, True, True, True, False, True, True, False, True, False, True, True, False, True, True, True, True, False, True, True, True, True, True, False, False, False, False]"
16,0.9614331613926899,"[True, True, True, True, True, True, True, False, True, True, True, True, True, True, True, False, True, True, False, False, False, False, False, False, False, True, True, False, True, False, False, True, False, True, True, True, True, True, False, True]"
16,0.9950444095929062,"[True, True, True, True, True, True, True, True, True, True, False, True, True, True, True, True, False, True, True, True, False, False, True, True, False, True, False, False, True, True, False, False, True, True, False, False, True, False, False, True]"
16,0.9999738998822594,"[True, True, True, True, True, True, True, True, True, True, True, True, True, True, True, True, True, True, False, True, False, True, False, False, False, False, True, True, False, True, False, True, True, True, True, True, False, False, True, True]"
16,0.26288427892807315,"[True, True, False, True, True, True, True, True, True, True, True, True, True, False, True, True, True, True, False, True, False, True, False, False, False, False, True, False, True, True, False, True, True, True, True, True, False, False, False, True]"
16,0.9999745191792064,"[True, True, True, True, True, True, True, True, True, True, True, True, True, True, True, True, True, True, False, True, False, True, False, True, False, False, True, True, True, True, True, True, True, True, True, True, False, False, False, True]"
16,0.9999977600350417,"[True, True, True, True, True, True, True, True, True, True, True, True, True, True, True, True, True, True, True, True, True, True, False, False, False, False, True, True, True, True, False, True, True, True, True, True, False, False, False, False]"
16,0.9987366436253016,"[True, True, True, True, True, True, True, True, True, True, True, True, False, True, True, True, True, False, True, True, False, True, True, True, False, False, True, True, True, False, True, True, True, True, False, True, False, True, True, True]"
16,0.9996734842722422,"[True, True, True, True, True, True, True, True, True, True, True, True, True, True, False, True, True, True, False, True, True, True, False, False, False, False, False, True, True, True, False, True, True, True, True, True, False, False, True, True]"
16,0.8541425485760787,"[True, True, True, True, True, False, True, True, True, True, True, True, True, True, True, False, True, True, True, False, False, False, False, True, False, True, False, False, True, False, False, False, False, True, True, True, True, False, False, True]"
16,0.9999355758097022,"[True, True, True, True, True, True, True, True, True, True, True, True, True, True, True, True, True, False, False, True, False, False, True, True, True, True, True, False, True, False, False, True, False, False, True, True, False, True, True, True]"
16,0.9999744813450951,"[True, True, True, True, True, True, True, True, True, True, True, True, True, True, True, True, True, True, False, True, False, True, False, True, False, False, True, False, True, True, True, True, True, False, True, True, False, False, False, True]"
16,0.24041031344867403,"[True, True, False, True, True, True, False, True, True, True, True, True, True, True, False, True, True, False, True, False, True, True, True, True, False, False, False, True, False, False, False, True, False, True, True, False, False, True, False, True]"
16,0.502999100403769,"[True, True, True, False, True, True, True, False, True, True, True, True, True, True, True, True, True, True, False, True, False, True, False, False, False, False, True, False, True, True, True, True, True, True, True, True, True, False, True, True]"
16,0.99979515205723,"[True, True, True, True, True, True, True, True, True, True, True, True, True, True, True, False, True, False, True, False, True, False, False, False, False, True, False, False, True, False, True, False, False, True, False, True, True, True, False, True]"
16,0.9950583506358345,"[True, True, True, True, True, True, True, True, True, True, False, True, True, True, True, True, True, False, False, False, True, False, True, False, True, True, False, False, True, False, True, True, False, False, True, True, False, True, True, False]"
16,0.9997919880492669,"[True, True, True, True, True, True, True, True, True, True, True, True, True, True, True, False, True, False, True, False, False, False, True, False, True, True, True, True, True, False, True, True, False, False, True, False, True, True, True, False]"
16,0.9999716822064967,"[True, True, True, True, True, True, True, True, True, True, True, True, True, True, True, True, True, True, False, True, False, False, False, False, False, True, True, True, True, True, False, True, False, True, True, True, False, False, False, True]"
16,0.999974727566968,"[True, True, True, True, True, True, True, True, True, True, True, True, True, True, True, True, True, True, False, True, False, True, False, True, True, False, False, True, True, False, False, True, False, True, True, True, False, False, True, False]"
16,0.9973340031548635,"[True, True, True, True, True, True, True, True, True, True, True, False, True, True, True, False, True, False, False, False, False, False, False, True, True, True, False, True, False, False, True, True, False, False, False, False, True, True, False, False]"
16,0.5026652334442445,"[True, True, True, False, True, True, True, False, True, True, True, True, True, False, True, True, True, True, False, False, False, True, False, False, False, False, True, True, True, True, False, False, True, False, True, True, False, False, False, True]"
16,0.9999714596042691,"[True, True, True, True, True, True, True, True, True, True, True, True, True, True, True, True, True, True, False, True, False, False, False, False, False, False, False, True, True, True, False, True, True, True, False, True, False, True, False, True]"
16,0.9580182690493233,"[True, True, True, True, True, True, True, False, True, True, True, False, False, True, True, True, True, False, False, False, False, True, True, True, False, False, True, True, True, False, True, True, True, True, False, True, False, True, True, False]"
16,0.9999928986334922,"[True, True, True, True, True, True, True, True, True, True, True, True, True, True, True, True, True, True, True, True, False, True, False, False, False, False, False, True, False, True, False, True, True, True, True, True, True, False, False, True]"
16,0.8542662751531166,"[True, True, True, True, True, False, True, True, True, True, True, True, True, True, True, True, True, True, False, True, False, False, False, False, False, True, True, True, True, True, False, True, True, True, True, True, False, False, False, True]"
16,0.9999714596042691,"[True, True, True, True, True, True, True, True, True, True, True, True, True, True, True, True, True, True, False, True, False, False, False, False, False, False, False, True, True, True, False, True, True, True, False, True, False, True, False, True]"
16,0.9999827136869955,"[True, True, True, True, True, True, True, True, True, True, True, True, True, True, True, True, True, True, True, False, False, False, True, False, True, True, True, True, True, True, True, True, True, False, False, False, False, True, True, False]"
16,0.9999739173623371,"[True, True, True, True, True, True, True, True, True, True, True, True, True, True, True, True, True, True, False, True, False, True, False, False, False, False, True, True, True, True, False, True, False, True, True, True, False, True, False, True]"
16,0.9999301416798752,"[True, True, True, True, True, True, True, True, True, True, True, True, True, True, True, True, True, False, False, False, True, False, True, False, True, True, False, False, True, False, True, True, False, False, True, False, False, False, True, False]"
16,0.9999716822064967,"[True, True, True, True, True, True, True, True, True, True, True, True, True, True, True, True, True, True, False, True, False, False, False, False, False, True, True, True, True, True, False, True, False, True, True, True, False, False, False, True]"
16,0.9950631695893865,"[True, True, True, True, True, True, True, True, True, True, False, True, True, True, True, True, True, False, False, True, False, False, True, False, True, True, True, False, True, False, True, False, False, False, True, False, True, True, True, False]"
16,0.9999792874516682,"[True, True, True, True, True, True, True, True, True, True, True, True, True, True, True, True, True, True, False, True, True, True, False, True, False, False, True, True, True, True, True, True, True, True, True, True, False, False, False, True]"
16,0.8542598939909564,"[True, True, True, True, True, False, True, True, True, True, True, True, True, True, True, True, True, True, False, False, False, True, False, False, False, False, True, False, False, True, True, True, True, True, False, True, False, True, False, True]"
16,0.6186810471723481,"[True, True, True, True, False, False, True, True, True, True, True, True, True, True, True, True, True, False, False, False, True, False, True, False, True, True, True, False, True, False, True, True, False, False, True, False, False, True, False, False]"
16,0.9949479256035173,"[True, True, True, True, True, True, True, True, True, True, False, True, True, True, True, False, True, True, False, True, False, False, False, False, True, False, True, True, False, False, False, True, True, False, True, True, False, True, True, True]"
16,0.9997829160019622,"[True, True, True, True, True, True, True, True, True, True, True, True, True, True, True, False, True, False, False, True, False, False, True, True, True, True, False, False, False, False, True, False, False, False, False, False, False, True, False, True]"
16,0.9245385414369085,"[True, True, True, True, True, True, False, True, True, True, True, True, True, True, True, True, True, True, False, True, False, False, False, False, False, False, False, True, True, True, False, True, True, True, False, True, True, True, False, True]"
16,0.9993637488618871,"[True, True, True, True, True, True, True, True, True, True, True, True, True, False, True, True, True, True, False, True, False, True, False, False, False, False, True, True, True, True, False, True, True, True, True, True, False, False, False, True]"
16,0.999285042693734,"[True, True, True, True, True, True, True, True, True, True, True, True, True, False, True, True, False, True, False, True, False, False, False, False, False, False, False, True, True, True, False, True, False, True, False, True, False, True, False, True]"
16,0.9997876307933682,"[True, True, True, True, True, True, True, True, True, True, True, True, True, True, True, False, True, False, False, True, True, False, True, True, True, False, True, False, True, False, True, True, False, True, True, False, False, True, True, False]"
16,0.9758167382422142,"[True, True, True, True, True, True, True, True, False, True, False, True, True, True, True, True, True, True, False, False, False, False, True, False, True, True, False, False, True, True, False, True, True, True, False, True, False, True, False, False]"
16,0.9805764044769683,"[True, True, True, True, True, True, True, True, False, True, True, True, True, True, True, True, True, False, False, True, False, True, False, False, False, False, True, True, True, False, False, True, True, True, True, True, False, False, False, False]"
16,0.9998413091918251,"[True, True, True, True, True, True, True, True, True, True, True, True, True, True, True, False, True, True, True, True, False, True, False, True, True, False, True, True, True, True, False, True, True, True, True, True, False, False, True, False]"
16,0.7279312590199745,"[True, True, True, True, False, True, True, True, True, True, True, True, True, True, True, True, True, False, False, True, True, False, True, True, True, True, False, False, False, False, True, False, False, False, False, False, False, True, False, True]"
16,0.9998219033617842,"[True, True, True, True, True, True, True, True, True, True, True, True, True, True, True, False, True, True, False, True, False, True, False, True, False, False, True, False, True, True, False, True, True, True, True, True, False, False, False, True]"
16,0.9987150282895424,"[True, True, True, True, True, True, True, True, True, True, True, True, False, True, True, True, True, False, False, True, False, False, True, False, True, True, True, False, True, True, False, True, False, True, True, True, False, True, True, True]"
16,0.9999628433971486,"[True, True, True, True, True, True, True, True, True, True, True, True, True, True, True, True, True, True, False, False, False, False, False, True, True, False, True, False, True, False, False, True, False, False, False, True, False, True, True, True]"
16,0.05631066026716266,"[True, False, True, True, True, True, True, True, True, True, True, True, True, True, True, True, True, True, False, False, False, False, False, False, False, False, True, True, False, True, True, True, True, False, True, True, True, True, True, True]"
16,0.9997848326529094,"[True, True, True, True, True, True, True, True, True, True, True, True, True, True, True, False, True, False, False, True, False, True, True, False, True, True, True, True, True, False, False, True, False, True, True, False, False, False, False, False]"
16,0.9999745098661944,"[True, True, True, True, True, True, True, True, True, True, True, True, True, True, True, True, True, True, False, True, False, True, False, True, False, False, True, True, True, False, True, True, True, True, True, True, False, False, False, True]"
16,0.9998200781454112,"[True, True, True, True, True, True, True, True, True, True, True, True, True, True, True, False, True, True, False, True, False, False, True, False, False, False, False, True, True, True, False, True, True, True, True, False, False, True, False, False]"
16,0.9999749890771571,"[True, True, True, True, True, True, True, True, True, True, True, True, True, True, True, True, True, True, False, True, False, True, True, False, False, False, False, False, True, False, False, True, True, True, False, False, False, True, False, False]"
16,0.5244405390947828,"[True, True, True, False, True, True, True, True, True, True, True, True, True, True, True, True, True, True, False, False, False, True, False, False, False, False, True, True, False, True, False, True, True, True, True, True, False, True, False, True]"
16,0.9806141774220418,"[True, True, True, True, True, True, True, True, False, True, True, True, True, True, True, True, True, True, False, True, False, True, False, False, True, False, True, True, True, False, False, True, True, True, True, True, False, False, True, False]"
16,0.9998880602472922,"[True, True, True, True, True, True, True, True, True, True, True, True, True, True, True, True, False, True, False, False, False, True, False, False, False, False, True, False, True, True, True, True, True, True, False, True, False, False, False, True]"
16,0.7278416774159576,"[True, True, True, True, False, True, True, True, True, True, True, True, True, True, True, False, True, True, False, True, False, False, True, True, True, False, True, True, True, False, True, True, True, True, True, True, False, True, False, False]"
16,0.9999715993718334,"[True, True, True, True, True, True, True, True, True, True, True, True, True, True, True, True, True, True, False, True, False, False, False, False, False, True, False, True, True, False, False, True, True, True, False, True, True, True, False, True]"
16,0.5237204932058008,"[True, True, True, False, True, True, True, True, True, True, True, True, False, True, True, True, False, True, False, True, False, False, True, True, False, True, False, True, True, True, True, True, True, True, False, False, True, True, False, True]"
16,0.999781107717448,"[True, True, True, True, True, True, True, True, True, True, True, True, True, True, True, False, True, False, False, True, False, False, False, False, True, False, True, True, True, False, False, True, False, False, True, True, False, True, True, True]"
16,0.9987354523071508,"[True, True, True, True, True, True, True, True, True, True, True, True, False, True, True, True, True, False, True, True, False, True, False, True, False, False, True, True, True, False, True, True, True, False, False, True, False, True, True, True]"
16,0.9999241560237946,"[True, True, True, True, True, True, True, True, True, True, True, True, True, True, True, True, True, False, False, False, False, False, False, False, True, True, False, False, False, False, False, False, False, False, True, False, False, True, False, True]"
16,0.9974853297206432,"[True, True, True, True, True, True, True, True, True, True, True, False, True, True, True, True, True, False, False, False, False, False, False, False, False, True, False, False, True, True, False, True, False, False, True, True, False, True, False, True]"
16,0.9901666854099156,"[True, True, True, True, True, True, True, True, True, False, True, True, True, True, True, True, False, True, False, False, False, True, False, False, True, True, True, True, True, False, False, True, True, True, True, False, True, False, False, True]"
16,0.9992201930981047,"[True, True, True, True, True, True, True, True, True, True, True, True, True, False, True, False, True, True, True, False, False, False, True, True, False, False, True, True, True, True, False, True, True, True, True, False, False, True, False, True]"
16,0.990194552932096,"[True, True, True, True, True, True, True, True, True, False, True, True, True, True, True, True, False, True, True, True, False, True, False, False, False, False, True, False, False, True, False, True, True, False, True, True, False, False, False, True]"
16,0.05630150846443194,"[True, False, True, True, True, True, True, True, True, True, True, True, True, True, True, False, True, True, True, True, False, False, True, True, True, False, True, True, False, False, True, True, True, False, True, True, False, True, True, True]"
16,0.99992530932137,"[True, True, True, True, True, True, True, True, True, True, True, True, True, True, True, True, True, False, False, False, False, False, True, False, True, False, True, False, True, True, True, True, True, False, False, False, False, True, False, False]"
16,0.036785361273907545,"[True, False, True, True, False, True, True, True, True, True, True, True, True, True, True, False, True, True, True, False, False, False, False, False, False, True, True, True, True, False, True, True, True, False, False, True, False, True, True, False]"
16,0.9615496709445724,"[True, True, True, True, True, True, True, False, True, True, True, True, True, True, True, True, True, False, False, False, True, False, True, False, True, True, True, False, True, False, True, False, False, False, True, False, False, True, True, False]"
16,0.5213813748797517,"[True, True, True, False, True, True, True, True, True, True, False, True, True, False, True, True, True, True, False, True, False, True, False, True, False, False, True, True, True, True, True, True, True, True, True, True, False, False, False, True]"
16,0.442722847654749,"[True, True, True, False, True, False, True, True, True, True, True, True, False, True, True, True, True, True, False, True, False, False, False, False, True, False, False, False, False, True, True, True, True, True, False, False, False, True, False, True]"
16,0.9999357402731996,"[True, True, True, True, True, True, True, True, True, True, True, True, True, True, True, True, True, False, False, True, False, True, False, False, False, False, True, False, True, True, True, True, True, True, False, True, True, False, True, True]"
16,0.9999756226534647,"[True, True, True, True, True, True, True, True, True, True, True, True, True, True, True, True, True, True, False, True, False, True, True, True, False, False, False, True, True, False, False, True, True, True, True, False, False, True, False, False]"
16,0.9950544304572051,"[True, True, True, True, True, True, True, True, True, True, False, True, True, True, True, True, True, False, False, False, False, True, False, False, False, False, True, False, True, True, True, True, True, True, True, True, True, False, True, True]"
16,0.05631155499645618,"[True, False, True, True, True, True, True, True, True, True, True, True, True, True, True, True, True, True, False, True, False, True, False, False, False, False, True, True, False, True, False, True, True, True, True, True, False, False, False, True]"
16,0.05630867622814264,"[True, False, True, True, True, True, True, True, True, True, True, True, True, True, True, True, True, False, False, True, False, False, True, True, True, True, True, False, False, False, True, False, False, False, False, False, False, True, False, True]"
16,0.9999548499987664,"[True, True, True, True, True, True, True, True, True, True, True, True, True, True, True, True, True, False, True, True, False, True, False, False, False, False, True, True, True, True, True, True, True, True, False, True, False, False, True, True]"
16,0.8541362886110383,"[True, True, True, True, True, False, True, True, True, True, True, True, True, True, True, False, True, True, False, True, False, True, False, True, False, False, True, False, True, True, False, True, True, True, True, True, False, False, False, True]"
16,0.05631083649311434,"[True, False, True, True, True, True, True, True, True, True, True, True, True, True, True, True, True, True, False, False, False, True, False, False, False, False, True, False, False, True, True, True, True, True, False, True, False, True, False, True]"
16,0.0009390400095273051,"[False, True, True, True, True, True, True, True, False, True, True, True, True, True, True, True, True, True, False, True, True, True, False, True, False, False, True, False, True, True, False, True, True, True, True, True, False, False, False, False]"
16,0.05631212658093912,"[True, False, True, True, True, True, True, True, True, True, True, True, True, True, True, True, True, True, True, False, False, False, False, False, True, True, True, True, True, False, True, True, True, False, False, True, False, True, True, False]"
16,0.9998599343304282,"[True, True, True, True, True, True, True, True, True, True, True, True, True, True, True, True, False, False, False, True, False, True, False, False, True, True, True, True, True, True, True, False, False, True, True, True, False, True, False, True]"
16,0.999773007509711,"[True, True, True, True, True, True, True, True, True, True, True, True, True, True, True, False, True, False, False, False, False, False, True, True, False, False, True, False, False, False, False, True, True, False, False, False, False, False, False, True]"
16,0.5244444775244486,"[True, True, True, False, True, True, True, True, True, True, True, True, True, True, True, True, True, True, False, True, False, False, False, False, False, False, False, False, False, True, False, True, True, True, False, False, False, True, False, True]"
16,0.9998212885329624,"[True, True, True, True, True, True, True, True, True, True, True, True, True, True, True, False, True, True, False, True, False, True, False, False, False, False, True, False, False, True, False, True, True, True, False, True, False, True, False, True]"
16,0.9999748032352087,"[True, True, True, True, True, True, True, True, True, True, True, True, True, True, True, True, True, True, False, True, False, True, False, True, True, False, True, True, True, False, False, True, True, True, True, True, False, False, True, False]"
16,0.7279565153058327,"[True, True, True, True, False, True, True, True, True, True, True, True, True, True, True, True, True, True, False, True, False, True, False, False, False, False, True, False, False, True, False, True, True, True, False, True, False, True, False, True]"
16,0.9998231230539736,"[True, True, True, True, True, True, True, True, True, True, True, True, True, True, True, False, True, True, False, True, False, True, True, True, False, False, True, True, True, False, False, True, True, True, True, False, False, False, False, True]"
16,0.0009753014999165552,"[False, True, True, True, True, True, True, True, True, True, True, True, True, False, True, True, True, True, False, False, False, True, False, False, False, False, True, False, True, True, False, True, True, True, True, False, False, False, True, True]"
16,0.999981321527797,"[True, True, True, True, True, True, True, True, True, True, True, True, True, True, True, True, True, True, True, False, False, False, False, False, True, False, True, False, True, False, False, True, True, False, False, True, False, True, True, False]"
16,0.9999241746489748,"[True, True, True, True, True, True, True, True, True, True, True, True, True, True, True, True, True, False, False, False, False, False, False, False, True, True, False, False, True, False, False, False, False, False, True, False, False, True, False, True]"
16,0.9999716831159682,"[True, True, True, True, True, True, True, True, True, True, True, True, True, True, True, True, True, True, False, True, False, False, False, False, False, True, True, True, True, True, False, True, True, True, False, True, False, True, False, True]"
16,0.2630127336674172,"[True, True, False, True, True, True, True, True, True, True, True, True, True, True, True, False, True, False, True, False, False, False, False, True, False, True, False, False, True, False, True, False, False, True, False, True, True, True, False, True]"
16,0.2630220306329058,"[True, True, False, True, True, True, True, True, True, True, True, True, True, True, True, False, True, True, False, True, False, True, False, True, False, False, True, False, True, True, False, True, True, True, True, True, False, False, False, True]"
16,0.9800193418763656,"[True, True, True, True, True, True, True, True, False, True, True, True, True, False, True, True, True, True, False, True, True, True, False, False, True, False, True, True, True, True, False, True, True, True, True, True, False, False, False, True]"
16,0.9987354156780625,"[True, True, True, True, True, True, True, True, True, True, True, True, False, True, True, True, True, False, True, True, False, True, False, True, False, False, True, False, True, False, True, True, True, True, False, True, False, True, True, True]"
16,0.9998230951187445,"[True, True, True, True, True, True, True, True, True, True, True, True, True, True, True, False, True, True, False, True, False, True, True, True, False, False, True, False, True, True, False, True, True, True, True, False, False, False, False, True]"
16,0.9999753981041722,"[True, True, True, True, True, True, True, True, True, True, True, True, True, True, True, True, True, True, False, True, False, True, True, False, True, False, True, True, True, False, False, True, False, True, True, True, False, False, True, False]"
16,0.9999750544137876,"[True, True, True, True, True, True, True, True, True, True, True, True, True, True, True, True, True, True, False, True, False, True, True, False, False, False, True, False, False, True, False, True, True, True, False, True, False, True, False, False]"
step,fitness,genome
17,0.9806202534400015,"[True, True, True, True, True, True, True, True, False, True, True, True, True, True, True, True, True, True, False, True, True, True, True, True, False, False, False, True, True, False, False, True, True, True, True, True, False, True, False, False]"
17,0.26306791342940467,"[True, True, False, True, True, True, True, True, True, True, True, True, True, True, True, True, True, True, False, True, False, True, False, True, False, False, True, True, True, True, False, True, False, True, True, True, False, True, False, True]"
17,0.0008635618873468915,"[False, True, True, True, True, True, True, False, False, True, True, False, True, True, True, True, True, False, False, False, False, False, True, False, False, True, False, False, True, True, False, True, False, False, True, True, False, True, False, True]"
17,0.23915055161853763,"[True, True, False, True, True, True, False, True, True, True, False, True, True, True, True, True, True, True, False, True, False, True, False, True, True, False, False, True, True, False, False, True, False, True, True, True, False, False, True, False]"
17,0.9998879857489948,"[True, True, True, True, True, True, True, True, True, True, True, True, True, True, True, True, False, True, False, False, False, True, False, False, False, False, False, False, True, True, True, True, True, True, False, True, False, False, False, True]"
17,0.9999301416798752,"[True, True, True, True, True, True, True, True, True, True, True, True, True, True, True, True, True, False, False, False, True, False, True, False, True, True, False, False, True, False, True, True, False, False, True, False, False, False, True, False]"
17,0.9997916854079505,"[True, True, True, True, True, True, True, True, True, True, True, True, True, True, True, False, True, False, True, False, False, False, True, False, False, True, True, True, True, False, False, True, False, False, True, False, True, True, False, False]"
17,0.9999759440709819,"[True, True, True, True, True, True, True, True, True, True, True, True, True, True, True, True, True, True, False, True, False, True, True, True, True, False, True, False, False, False, True, True, True, True, True, True, False, False, False, True]"
17,0.7240087474095575,"[True, True, True, True, False, True, True, True, True, True, False, True, True, True, False, True, False, True, False, True, False, False, False, False, False, True, True, True, True, True, False, True, True, True, False, True, False, False, False, True]"
17,0.9999980621322339,"[True, True, True, True, True, True, True, True, True, True, True, True, True, True, True, True, True, True, True, True, True, True, False, False, True, False, True, True, True, True, True, True, True, False, True, True, False, False, False, False]"
17,0.9998575501567443,"[True, True, True, True, True, True, True, True, True, True, True, True, True, True, True, True, False, False, False, True, False, False, False, False, True, True, True, True, True, True, True, False, False, True, False, True, False, True, False, True]"
17,0.9998233930945583,"[True, True, True, True, True, True, True, True, True, True, True, True, True, True, True, False, True, True, False, True, False, True, True, True, True, False, True, False, True, True, False, True, True, True, True, False, False, False, False, True]"
17,0.9996687731748606,"[True, True, True, True, True, True, True, True, True, True, True, True, True, True, False, True, True, True, False, True, False, True, False, False, False, False, True, True, False, True, False, True, True, True, True, True, False, False, True, True]"
17,0.2627011270292045,"[True, True, False, True, True, True, True, True, True, True, True, True, False, True, True, True, True, True, False, True, False, True, False, True, False, False, True, False, True, False, True, True, True, False, True, True, False, False, False, True]"
17,0.9999756226534647,"[True, True, True, True, True, True, True, True, True, True, True, True, True, True, True, True, True, True, False, True, False, True, True, True, False, False, False, True, True, False, False, True, True, True, True, False, False, True, False, False]"
17,0.9900666688410275,"[True, True, True, True, True, True, True, True, True, False, True, True, True, True, True, False, True, False, False, True, True, False, True, True, True, False, True, False, True, False, True, True, False, True, True, False, False, True, True, False]"
17,0.9998219356618583,"[True, True, True, True, True, True, True, True, True, True, True, True, True, True, True, False, True, True, False, True, False, True, False, True, False, False, True, True, True, False, True, True, True, True, False, True, False, False, False, True]"
17,0.02358773658520371,"[True, False, True, False, True, True, True, True, True, True, True, True, True, True, True, True, True, False, False, True, False, False, True, True, True, True, False, False, False, False, True, False, False, False, False, False, False, True, False, True]"
17,0.0009717643055809723,"[False, True, True, True, True, True, True, True, True, True, True, False, True, True, True, True, True, True, False, True, True, True, False, True, False, False, True, True, True, True, False, True, True, False, True, True, False, False, False, True]"
17,0.9997876307933682,"[True, True, True, True, True, True, True, True, True, True, True, True, True, True, True, False, True, False, False, True, True, False, True, True, True, False, True, False, True, False, True, True, False, True, True, False, False, True, True, False]"
17,0.9999928983424557,"[True, True, True, True, True, True, True, True, True, True, True, True, True, True, True, True, True, True, True, True, False, True, False, False, False, False, False, True, False, True, False, True, True, True, False, True, True, False, False, True]"
17,0.9999716738211692,"[True, True, True, True, True, True, True, True, True, True, True, True, True, True, True, True, True, True, False, True, False, False, False, False, False, True, True, True, True, False, False, True, True, True, False, True, False, True, True, True]"
17,0.9993829599275242,"[True, True, True, True, True, True, True, True, True, True, True, True, True, False, True, True, True, True, True, True, False, True, False, False, False, True, True, True, True, True, False, True, True, False, True, True, False, False, False, False]"
17,0.9999050314842868,"[True, True, True, True, True, True, True, True, True, True, True, True, True, True, True, True, False, True, True, False, False, False, False, False, True, False, True, False, True, False, False, True, True, False, False, True, False, True, True, False]"
17,0.9998982296027634,"[True, True, True, True, True, True, True, True, True, True, True, True, True, True, True, True, False, True, False, True, False, True, False, True, False, False, True, True, True, True, True, True, True, True, True, True, False, False, False, True]"
17,0.999822043110535,"[True, True, True, True, True, True, True, True, True, True, True, True, True, True, True, False, True, True, False, True, False, True, False, True, False, True, True, False, True, False, False, True, True, True, True, True, True, False, False, True]"
17,0.9999813261843316,"[True, True, True, True, True, True, True, True, True, True, True, True, True, True, True, True, True, True, True, False, False, False, False, False, True, False, True, False, True, False, True, True, True, False, False, True, False, True, True, False]"
17,0.7267968093622581,"[True, True, True, True, False, True, True, True, True, True, True, True, False, True, False, True, True, False, True, True, False, True, False, True, False, False, False, False, True, False, True, True, True, True, False, True, False, True, True, True]"
17,0.9999621740225401,"[True, True, True, True, True, True, True, True, True, True, True, True, True, True, True, True, True, True, False, False, False, False, False, False, True, False, False, False, True, False, False, True, True, False, False, True, False, True, True, False]"
17,0.023589626043405393,"[True, False, True, False, True, True, True, True, True, True, True, True, True, True, True, True, True, True, True, True, False, False, False, False, False, False, True, False, False, True, False, True, True, True, False, False, True, True, False, True]"
17,0.9999905143563586,"[True, True, True, True, True, True, True, True, True, True, True, True, True, True, True, True, True, True, True, True, False, False, False, False, False, False, False, True, False, True, False, True, True, True, True, False, True, True, False, True]"
17,0.9975554147487607,"[True, True, True, True, True, True, True, True, True, True, True, False, True, True, True, True, True, True, True, True, False, True, True, False, False, False, True, False, False, True, False, True, True, True, False, True, False, True, False, True]"
17,0.99992530932137,"[True, True, True, True, True, True, True, True, True, True, True, True, True, True, True, True, True, False, False, False, False, False, True, False, True, False, True, False, True, True, True, True, True, False, False, False, False, True, False, False]"
17,0.9999827136869955,"[True, True, True, True, True, True, True, True, True, True, True, True, True, True, True, True, True, True, True, False, False, False, True, False, True, True, True, True, True, True, True, True, True, False, False, False, False, True, True, False]"
17,0.9245321795548467,"[True, True, True, True, True, True, False, True, True, True, True, True, True, True, True, True, True, True, False, False, False, True, False, False, True, False, True, False, True, False, False, True, True, False, False, False, False, True, True, False]"
17,0.999982415813965,"[True, True, True, True, True, True, True, True, True, True, True, True, True, True, True, True, True, True, True, False, False, False, True, False, False, True, True, True, True, True, True, True, True, False, False, True, False, True, True, False]"
17,0.924545835167287,"[True, True, True, True, True, True, False, True, True, True, True, True, True, True, True, True, True, True, False, True, True, True, False, True, False, False, True, True, True, True, True, True, True, False, True, True, False, False, False, True]"
17,0.26232314830454617,"[True, True, False, True, True, True, True, True, True, True, True, False, True, True, True, True, True, False, False, True, False, False, True, True, True, True, True, False, True, False, False, True, False, False, True, True, False, True, True, True]"
17,0.5241151382841935,"[True, True, True, False, True, True, True, True, True, True, True, True, True, False, True, True, True, True, True, True, False, True, False, False, False, False, False, False, False, True, False, True, True, True, True, True, True, True, False, True]"
17,0.9999750543774086,"[True, True, True, True, True, True, True, True, True, True, True, True, True, True, True, True, True, True, False, True, False, True, True, False, False, False, True, False, False, True, False, True, True, True, False, True, False, False, False, False]"
17,0.0005121458018498088,"[False, True, True, True, False, True, True, True, True, True, True, True, True, True, True, True, True, True, False, True, True, True, False, True, False, False, True, True, True, True, True, True, True, True, True, True, False, False, True, True]"
17,0.9614859623342212,"[True, True, True, True, True, True, True, False, True, True, True, True, True, True, True, True, False, False, False, True, True, True, False, False, False, False, True, False, True, True, True, True, True, True, False, True, True, False, False, True]"
17,0.9999752406741363,"[True, True, True, True, True, True, True, True, True, True, True, True, True, True, True, True, True, True, False, True, False, True, True, False, False, True, True, True, False, True, False, True, True, True, False, True, False, True, False, False]"
17,0.8531934206734536,"[True, True, True, True, True, False, True, True, True, True, True, True, False, True, True, True, True, False, True, True, False, True, False, True, False, False, True, True, True, False, True, True, True, False, False, True, False, True, True, True]"
17,0.9975329451391399,"[True, True, True, True, True, True, True, True, True, True, True, False, True, True, True, True, True, True, False, True, False, False, False, False, False, True, False, True, True, True, False, True, True, True, False, True, False, True, False, False]"
17,0.9999977600441367,"[True, True, True, True, True, True, True, True, True, True, True, True, True, True, True, True, True, True, True, True, True, True, False, False, False, False, True, True, True, True, False, True, True, True, True, True, False, False, False, True]"
17,0.8209885449159845,"[True, True, True, True, True, False, True, False, True, True, True, True, True, True, True, True, True, True, True, True, True, True, True, False, False, False, True, True, True, True, False, True, True, True, True, True, False, False, False, False]"
17,0.9999738998822594,"[True, True, True, True, True, True, True, True, True, True, True, True, True, True, True, True, True, True, False, True, False, True, False, False, False, False, True, True, False, True, False, True, True, True, True, True, False, False, True, True]"
17,0.7279004816428085,"[True, True, True, True, False, True, True, True, True, True, True, True, True, True, True, True, False, True, False, True, False, True, True, True, False, False, False, False, True, False, False, True, True, True, True, False, False, True, False, False]"
17,0.524345878752676,"[True, True, True, False, True, True, True, True, True, True, True, True, True, True, True, False, True, False, True, False, True, False, False, False, False, True, False, False, True, False, True, False, False, True, False, True, False, True, False, True]"
17,0.0009764719792370449,"[False, True, True, True, True, True, True, True, True, True, True, True, True, True, True, True, True, False, True, True, False, False, True, False, False, False, True, True, True, True, False, True, False, True, True, True, False, False, False, True]"
17,0.9947982025532743,"[True, True, True, True, True, True, True, True, True, True, False, True, True, True, False, True, True, True, False, True, False, True, False, False, False, True, False, True, False, True, False, True, True, True, True, True, True, False, True, True]"
17,0.9987556166311974,"[True, True, True, True, True, True, True, True, True, True, True, True, False, True, True, True, True, True, False, True, False, True, True, True, False, False, False, True, True, False, False, True, True, True, True, False, False, True, False, False]"
17,0.9998219452645832,"[True, True, True, True, True, True, True, True, True, True, True, True, True, True, True, False, True, True, False, True, False, True, False, True, False, False, True, True, True, True, True, True, True, True, True, True, False, False, False, True]"
17,0.9999159553090714,"[True, True, True, True, True, True, True, True, True, True, True, True, True, True, True, True, False, True, True, True, False, False, True, False, True, True, True, True, True, True, False, True, True, False, True, True, False, True, True, False]"
17,0.26197343666798,"[True, True, False, True, True, True, True, True, True, True, True, False, False, True, True, True, True, True, True, False, True, True, True, False, False, False, True, True, True, True, True, True, True, True, False, False, False, False, False, False]"
17,0.9245324928686431,"[True, True, True, True, True, True, False, True, True, True, True, True, True, True, True, True, True, True, False, False, False, True, False, True, False, False, True, True, True, False, False, True, True, True, True, True, False, False, False, False]"
17,0.999773007618828,"[True, True, True, True, True, True, True, True, True, True, True, True, True, True, True, False, True, False, False, False, False, False, True, True, False, False, True, False, False, False, False, True, True, False, False, False, True, True, False, True]"
17,0.9999744673755775,"[True, True, True, True, True, True, True, True, True, True, True, True, True, True, True, True, True, True, False, True, False, True, False, True, False, False, True, False, True, False, False, True, True, False, True, True, False, False, False, True]"
17,0.055560098619282135,"[True, False, True, True, True, True, True, True, True, False, True, True, True, True, False, True, True, True, False, True, False, True, True, True, False, False, True, False, False, True, True, True, True, True, False, True, False, True, False, False]"
17,0.9232805483207046,"[True, True, True, True, True, True, False, True, True, True, True, True, False, True, True, False, True, True, True, True, False, True, False, True, True, False, True, True, True, True, False, True, True, True, True, True, False, False, True, False]"
17,0.9999716629984583,"[True, True, True, True, True, True, True, True, True, True, True, True, True, True, True, True, True, True, False, True, False, False, False, False, False, True, True, True, False, True, False, True, False, False, True, True, False, False, False, True]"
17,0.5242687685105757,"[True, True, True, False, True, True, True, True, True, True, True, True, True, True, False, True, True, True, False, False, False, False, False, False, True, True, True, True, True, False, False, True, True, False, False, True, False, True, False, False]"
17,0.8542826651705124,"[True, True, True, True, True, False, True, True, True, True, True, True, True, True, True, True, True, True, True, True, False, False, False, False, False, False, True, False, True, True, False, True, False, True, True, True, False, False, True, True]"
17,0.9781934763519633,"[True, True, True, True, True, True, True, True, False, True, True, False, True, True, True, True, True, False, True, False, True, False, True, False, True, False, True, False, True, True, False, True, False, True, True, False, False, True, True, False]"
17,0.9997877029207016,"[True, True, True, True, True, True, True, True, True, True, True, True, True, True, True, False, True, False, False, True, True, False, True, True, True, True, False, False, True, False, True, False, False, True, True, False, False, False, True, False]"
17,0.9993140427739079,"[True, True, True, True, True, True, True, True, True, True, True, True, True, False, True, True, True, False, False, False, False, False, False, False, True, True, False, False, True, True, False, False, True, False, True, False, False, False, False, True]"
17,0.990251315255945,"[True, True, True, True, True, True, True, True, True, False, True, True, True, True, True, True, True, True, False, True, False, True, False, False, False, False, True, True, True, False, False, True, False, True, True, True, False, True, False, True]"
17,0.9998200778544201,"[True, True, True, True, True, True, True, True, True, True, True, True, True, True, True, False, True, True, False, True, False, False, True, False, False, False, False, True, True, True, False, True, True, True, False, False, False, True, False, False]"
17,0.2629668026688593,"[True, True, False, True, True, True, True, True, True, True, True, True, True, True, False, True, True, False, True, False, False, False, False, False, True, True, True, False, True, False, False, True, True, False, False, True, False, True, True, False]"
17,0.9999749890771571,"[True, True, True, True, True, True, True, True, True, True, True, True, True, True, True, True, True, True, False, True, False, True, True, False, False, False, False, False, True, False, False, True, True, True, False, False, False, True, False, False]"
17,0.05327176456221849,"[True, False, True, True, True, True, True, False, True, True, True, False, True, True, True, True, True, True, False, True, False, False, True, True, False, False, False, True, True, False, False, True, False, True, True, False, False, True, False, False]"
17,0.9963162808020916,"[True, True, True, True, True, True, True, True, True, True, True, False, False, True, True, True, True, True, False, True, False, False, False, True, False, True, True, True, True, False, False, True, True, True, False, True, False, True, False, True]"
17,0.24047463288173127,"[True, True, False, True, True, True, False, True, True, True, True, True, True, True, True, True, False, False, True, True, False, True, False, False, False, False, True, True, True, True, True, True, True, True, False, True, False, False, True, True]"
17,0.999974727566968,"[True, True, True, True, True, True, True, True, True, True, True, True, True, True, True, True, True, True, False, True, False, True, False, True, True, False, False, True, True, False, False, True, False, True, True, True, False, False, True, False]"
17,0.8541425091090584,"[True, True, True, True, True, False, True, True, True, True, True, True, True, True, True, False, True, True, True, False, False, False, False, True, False, False, True, True, False, True, False, False, True, True, True, True, False, False, False, False]"
17,0.9999720957614643,"[True, True, True, True, True, True, True, True, True, True, True, True, True, True, True, True, True, True, False, True, False, False, False, True, False, False, True, False, True, True, True, True, False, False, False, True, False, False, False, True]"
17,0.9998228240506671,"[True, True, True, True, True, True, True, True, True, True, True, True, True, True, True, False, True, True, False, True, False, True, True, False, True, False, True, True, True, False, False, True, False, True, True, True, False, False, False, False]"
17,0.999355654697097,"[True, True, True, True, True, True, True, True, True, True, True, True, True, False, True, True, True, True, False, False, False, True, True, False, True, False, True, False, False, True, True, True, True, False, False, False, False, True, False, True]"
17,0.9998212885329624,"[True, True, True, True, True, True, True, True, True, True, True, True, True, True, True, False, True, True, False, True, False, True, False, False, False, False, True, False, False, True, False, True, True, True, False, True, False, True, False, True]"
17,0.9794204384861902,"[True, True, True, True, True, True, True, True, False, True, True, True, False, True, True, True, True, True, False, True, True, True, False, True, False, False, True, True, True, True, True, True, True, False, True, True, False, False, False, True]"
17,0.7277276916631128,"[True, True, True, True, False, True, True, True, True, True, True, True, True, True, False, True, True, True, False, True, False, True, False, True, False, False, True, False, True, True, True, True, True, True, True, True, False, False, False, True]"
17,0.9992201926618537,"[True, True, True, True, True, True, True, True, True, True, True, True, True, False, True, False, True, True, True, False, False, False, True, True, False, False, True, True, True, True, False, True, True, False, True, True, False, True, False, True]"
17,0.0009759188844338749,"[False, True, True, True, True, True, True, True, True, True, True, True, True, True, False, True, True, True, False, True, False, True, True, False, True, True, True, True, True, False, False, True, False, True, True, True, False, False, True, False]"
17,0.05344627058238223,"[True, False, True, True, True, True, True, False, True, True, True, True, True, True, True, True, True, True, False, True, False, False, False, False, False, False, False, True, True, True, False, True, True, True, False, True, True, True, False, True]"
17,0.9997846836701639,"[True, True, True, True, True, True, True, True, True, True, True, True, True, True, True, False, True, False, False, True, False, True, True, False, True, False, True, True, True, False, False, True, False, True, True, False, False, False, False, False]"
17,0.9999750919296024,"[True, True, True, True, True, True, True, True, True, True, True, True, True, True, True, True, True, True, False, True, False, True, True, False, False, False, True, True, False, True, False, True, True, True, True, True, False, False, False, True]"
17,0.9999738623664848,"[True, True, True, True, True, True, True, True, True, True, True, True, True, True, True, True, True, True, False, True, False, True, False, False, False, False, True, False, False, True, False, True, True, True, False, True, False, True, True, False]"
17,0.5136222482570901,"[True, True, True, False, True, True, True, True, False, True, True, True, True, True, True, True, True, True, False, True, False, True, False, True, True, False, True, True, True, False, False, True, True, True, True, True, False, False, True, False]"
17,0.9951256768737614,"[True, True, True, True, True, True, True, True, True, True, False, True, True, True, True, True, True, True, True, True, True, True, False, False, False, False, True, True, True, True, True, True, True, True, True, True, False, False, False, False]"
17,0.9999792874425734,"[True, True, True, True, True, True, True, True, True, True, True, True, True, True, True, True, True, True, False, True, True, True, False, True, False, False, True, True, True, True, True, True, True, True, True, True, False, False, False, False]"
17,0.7279631649656226,"[True, True, True, True, False, True, True, True, True, True, True, True, True, True, True, True, True, True, True, False, False, False, True, False, True, True, True, True, True, True, True, False, True, False, False, False, False, True, True, False]"
17,0.9999716740576319,"[True, True, True, True, True, True, True, True, True, True, True, True, True, True, True, True, True, True, False, True, False, False, False, False, False, True, True, True, True, False, False, True, True, True, True, True, False, False, False, True]"
17,0.9987354156689778,"[True, True, True, True, True, True, True, True, True, True, True, True, False, True, True, True, True, False, True, True, False, True, False, True, False, False, True, False, True, False, True, True, True, True, False, True, False, True, True, False]"
17,0.9804260195334549,"[True, True, True, True, True, True, True, True, False, True, True, True, True, True, True, False, True, False, False, True, False, False, True, True, False, True, True, False, True, False, False, True, False, False, True, True, False, True, True, True]"
17,0.0009669439925789901,"[False, True, True, True, True, True, True, True, True, True, False, True, True, True, True, True, True, False, False, True, False, True, False, False, True, True, True, False, True, False, True, False, False, False, True, True, True, True, True, False]"
17,0.99992530932137,"[True, True, True, True, True, True, True, True, True, True, True, True, True, True, True, True, True, False, False, False, False, False, True, False, True, False, True, False, True, True, True, True, True, False, False, False, False, True, False, False]"
17,0.9999356983115419,"[True, True, True, True, True, True, True, True, True, True, True, True, True, True, True, True, True, False, False, True, False, True, False, False, False, False, False, True, True, True, False, True, True, True, False, True, False, True, False, True]"
17,0.9999357402731996,"[True, True, True, True, True, True, True, True, True, True, True, True, True, True, True, True, True, False, False, True, False, True, False, False, False, False, True, False, True, True, True, True, True, True, False, True, True, False, True, True]"
17,0.9902572384519676,"[True, True, True, True, True, True, True, True, True, False, True, True, True, True, True, True, True, True, False, True, True, True, True, False, False, False, True, True, True, True, True, True, True, True, True, True, True, False, False, True]"
step,fitness,genome
18,0.9986035542367194,"[True, True, True, True, True, True, True, True, True, True, True, True, False, True, True, False, True, True, False, True, False, True, True, True, True, False, True, False, True, True, False, True, True, True, True, False, False, False, False, True]"
18,0.9975329451391399,"[True, True, True, True, True, True, True, True, True, True, True, False, True, True, True, True, True, True, False, True, False, False, False, False, False, True, False, True, True, True, False, True, True, True, False, True, False, True, False, False]"
18,0.05631164450163788,"[True, False, True, True, True, True, True, True, True, True, True, True, True, True, True, True, True, True, False, True, False, True, True, False, False, False, True, True, False, True, False, True, True, True, True, True, False, False, False, True]"
18,0.9608575958917203,"[True, True, True, True, True, True, True, False, True, True, True, True, True, False, True, False, True, True, False, True, False, True, True, True, True, False, True, True, False, True, False, True, True, True, True, True, False, False, False, True]"
18,0.055583440067238796,"[True, False, True, True, True, True, True, True, True, False, True, True, True, True, True, True, True, True, True, False, False, True, True, False, True, True, True, True, False, True, True, True, True, False, False, True, False, True, True, False]"
18,0.9999928983424557,"[True, True, True, True, True, True, True, True, True, True, True, True, True, True, True, True, True, True, True, True, False, True, False, False, False, False, False, True, False, True, False, True, True, True, False, True, True, False, False, True]"
18,0.9902701761738683,"[True, True, True, True, True, True, True, True, True, False, True, True, True, True, True, True, True, True, True, True, False, True, False, False, False, False, True, False, False, True, False, True, True, True, False, True, False, True, False, False]"
18,0.7279571654614267,"[True, True, True, True, False, True, True, True, True, True, True, True, True, True, True, True, True, True, False, True, False, True, False, True, True, False, False, True, True, False, False, True, False, True, True, True, False, False, False, False]"
18,0.9999938007831721,"[True, True, True, True, True, True, True, True, True, True, True, True, True, True, True, True, True, True, True, True, False, True, False, True, True, False, False, True, True, False, False, True, False, True, True, True, False, False, True, False]"
18,0.5244501377917669,"[True, True, True, False, True, True, True, True, True, True, True, True, True, True, True, True, True, True, True, False, False, False, False, False, True, True, True, True, True, True, True, True, True, False, False, False, False, True, True, False]"
18,0.5136205301319121,"[True, True, True, False, True, True, True, True, False, True, True, True, True, True, True, True, True, True, False, True, False, False, False, False, False, True, True, True, True, False, False, True, True, True, False, True, False, True, False, True]"
18,0.9999930473531253,"[True, True, True, True, True, True, True, True, True, True, True, True, True, True, True, True, True, True, True, True, False, True, False, False, False, True, False, True, False, True, False, True, True, True, False, True, True, False, False, True]"
18,0.975248569963846,"[True, True, True, True, True, True, True, True, False, True, False, True, True, False, True, True, True, True, True, True, False, True, False, False, False, False, False, True, False, True, False, True, True, True, False, True, True, True, False, True]"
18,0.98966554093744,"[True, True, True, True, True, True, True, True, True, False, True, True, True, False, True, True, True, True, True, True, False, True, False, False, False, True, True, True, True, True, False, True, True, False, True, True, False, False, False, False]"
18,0.26307292103565294,"[True, True, False, True, True, True, True, True, True, True, True, True, True, True, True, True, True, True, True, True, False, False, False, True, False, False, True, False, True, True, True, True, False, False, False, True, False, False, False, True]"
18,0.9902513152739751,"[True, True, True, True, True, True, True, True, True, False, True, True, True, True, True, True, True, True, False, True, False, True, False, False, False, False, True, True, True, False, False, True, False, True, True, True, False, True, True, True]"
18,0.26307499352849734,"[True, True, False, True, True, True, True, True, True, True, True, True, True, True, True, True, True, True, True, True, True, True, False, False, True, False, True, True, True, True, True, True, True, False, True, True, False, False, False, False]"
18,0.9999716833706203,"[True, True, True, True, True, True, True, True, True, True, True, True, True, True, True, True, True, True, False, True, False, False, False, False, False, True, True, True, True, True, False, True, True, True, True, True, False, False, False, True]"
18,0.9615528706657662,"[True, True, True, True, True, True, True, False, True, True, True, True, True, True, True, True, True, False, False, True, False, False, False, False, False, True, True, True, True, False, False, True, True, True, False, False, False, True, True, True]"
18,0.9999252348205749,"[True, True, True, True, True, True, True, True, True, True, True, True, True, True, True, True, True, False, False, False, False, False, True, False, True, False, False, False, True, True, True, True, True, False, False, False, False, True, False, False]"
18,0.999994336818298,"[True, True, True, True, True, True, True, True, True, True, True, True, True, True, True, True, True, True, True, True, False, True, True, False, False, True, True, True, True, True, True, True, True, False, True, False, True, True, False, False]"
18,0.9999673473189836,"[True, True, True, True, True, True, True, True, True, True, True, True, True, True, True, True, True, True, False, False, True, False, False, True, False, False, True, True, False, True, True, True, True, False, False, True, False, False, True, False]"
18,0.0009765141424715833,"[False, True, True, True, True, True, True, True, True, True, True, True, True, True, True, True, True, True, False, True, False, True, True, False, False, True, True, True, False, True, False, True, True, True, False, True, False, True, False, False]"
18,0.9604145993500212,"[True, True, True, True, True, True, True, False, True, True, True, True, False, True, True, True, True, True, False, True, False, True, False, True, False, False, True, False, False, False, False, True, True, False, True, True, False, False, False, True]"
18,0.9854455351256746,"[True, True, True, True, True, True, True, True, True, False, False, True, True, True, True, True, True, True, True, True, True, True, False, False, False, False, True, True, True, True, False, True, True, True, True, False, True, False, False, False]"
18,0.997383707746691,"[True, True, True, True, True, True, True, True, True, True, True, False, True, True, True, False, True, True, False, True, False, True, False, True, False, True, True, False, True, False, False, True, True, True, True, False, False, False, False, True]"
18,0.9710788087757063,"[True, True, True, True, True, True, True, True, False, False, True, True, True, True, True, True, True, True, True, True, False, False, True, False, True, True, True, True, True, True, False, True, True, False, False, False, False, True, True, False]"
18,0.9999882274265236,"[True, True, True, True, True, True, True, True, True, True, True, True, True, True, True, True, True, True, True, False, True, True, False, False, False, False, True, True, True, True, True, True, True, False, True, True, False, False, False, False]"
18,0.9614451452549585,"[True, True, True, True, True, True, True, False, True, True, True, True, True, True, True, False, True, True, False, True, False, True, False, True, False, False, True, True, True, True, False, True, True, True, True, True, False, False, False, True]"
18,0.7278423561519856,"[True, True, True, True, False, True, True, True, True, True, True, True, True, True, True, False, True, True, False, True, False, True, False, True, False, False, True, True, True, True, True, True, True, True, True, True, False, False, True, True]"
18,0.9999922503227167,"[True, True, True, True, True, True, True, True, True, True, True, True, True, True, True, True, True, True, True, True, False, False, True, False, True, True, True, True, True, True, True, True, True, False, False, False, False, True, True, False]"
18,0.9999752405286204,"[True, True, True, True, True, True, True, True, True, True, True, True, True, True, True, True, True, True, False, True, False, True, True, False, False, True, True, True, False, True, False, True, True, True, False, False, False, True, False, False]"
18,0.9999827043739147,"[True, True, True, True, True, True, True, True, True, True, True, True, True, True, True, True, True, True, True, False, False, False, True, False, True, True, True, True, True, False, True, True, True, False, False, False, False, True, True, False]"
18,0.9999922459571725,"[True, True, True, True, True, True, True, True, True, True, True, True, True, True, True, True, True, True, True, True, False, False, True, False, True, True, True, True, True, True, False, True, True, False, True, False, False, True, True, False]"
18,0.9999738998731647,"[True, True, True, True, True, True, True, True, True, True, True, True, True, True, True, True, True, True, False, True, False, True, False, False, False, False, True, True, False, True, False, True, True, True, True, True, False, False, True, False]"
18,0.9999156573084301,"[True, True, True, True, True, True, True, True, True, True, True, True, True, True, True, True, False, True, True, True, False, False, True, False, False, True, True, True, True, True, False, True, True, False, True, True, False, True, True, False]"
18,0.9999621745864076,"[True, True, True, True, True, True, True, True, True, True, True, True, True, True, True, True, True, True, False, False, False, False, False, False, True, False, False, False, True, False, False, True, True, True, False, True, False, True, False, False]"
18,0.9999756034635477,"[True, True, True, True, True, True, True, True, True, True, True, True, True, True, True, True, True, True, False, True, False, True, True, True, False, False, False, True, False, False, False, True, True, False, True, False, False, True, True, False]"
18,0.9219856763803876,"[True, True, True, True, True, True, False, True, True, True, True, False, True, True, False, True, True, True, False, True, False, True, True, False, False, False, False, False, False, True, False, True, True, True, False, True, False, False, False, False]"
18,0.8447817920178116,"[True, True, True, True, True, False, True, True, True, False, True, True, False, True, True, True, True, True, False, True, False, True, False, False, False, True, True, True, False, False, False, True, True, True, False, True, False, True, False, False]"
18,0.7887045772612026,"[True, True, True, True, True, False, False, True, True, True, True, True, True, True, True, False, True, False, True, True, True, False, True, True, False, True, False, False, True, False, True, False, False, True, True, False, False, False, True, False]"
18,0.9999738998640699,"[True, True, True, True, True, True, True, True, True, True, True, True, True, True, True, True, True, True, False, True, False, True, False, False, False, False, True, True, False, True, False, True, True, True, True, True, False, False, False, True]"
18,0.9999633379912221,"[True, True, True, True, True, True, True, True, True, True, True, True, True, True, True, True, True, True, False, False, False, False, True, False, False, True, True, True, True, True, False, True, True, False, False, False, False, True, True, False]"
18,0.9999302161809993,"[True, True, True, True, True, True, True, True, True, True, True, True, True, True, True, True, True, False, False, False, True, False, True, False, True, True, True, False, True, False, True, True, False, False, True, False, False, False, True, False]"
18,0.9999745040546566,"[True, True, True, True, True, True, True, True, True, True, True, True, True, True, True, True, True, True, False, True, False, True, False, True, False, False, True, True, True, False, False, True, False, True, True, True, False, False, True, False]"
18,0.999982415813965,"[True, True, True, True, True, True, True, True, True, True, True, True, True, True, True, True, True, True, True, False, False, False, True, False, False, True, True, True, True, True, True, True, True, False, False, True, False, True, True, False]"
18,0.9975236056085538,"[True, True, True, True, True, True, True, True, True, True, True, False, True, True, True, True, True, True, False, False, False, False, False, False, True, False, True, False, True, False, False, True, True, False, False, True, False, True, True, False]"
18,0.9999052315560372,"[True, True, True, True, True, True, True, True, True, True, True, True, True, True, True, True, False, True, True, False, False, False, False, False, True, True, True, True, True, True, True, True, True, False, False, False, False, True, True, False]"
18,0.999982415813965,"[True, True, True, True, True, True, True, True, True, True, True, True, True, True, True, True, True, True, True, False, False, False, True, False, False, True, True, True, True, True, True, True, True, False, False, True, False, True, True, False]"
18,0.8542694026467005,"[True, True, True, True, True, False, True, True, True, True, True, True, True, True, True, True, True, True, False, True, False, True, True, False, True, False, False, False, True, False, False, True, True, True, False, False, False, True, False, False]"
18,0.9999643258885884,"[True, True, True, True, True, True, True, True, True, True, True, True, True, True, True, True, True, True, False, False, False, True, False, False, False, False, True, False, False, True, False, True, True, True, False, True, False, True, True, False]"
18,0.9995016200078802,"[True, True, True, True, True, True, True, True, True, True, True, True, True, True, False, False, True, False, True, True, True, False, True, True, True, False, True, False, True, False, True, True, False, True, True, False, False, True, True, False]"
18,0.9998231323657168,"[True, True, True, True, True, True, True, True, True, True, True, True, True, True, True, False, True, True, False, True, False, True, True, True, False, False, True, True, True, True, False, True, True, True, True, False, False, False, False, True]"
18,0.9999253093395587,"[True, True, True, True, True, True, True, True, True, True, True, True, True, True, True, True, True, False, False, False, False, False, True, False, True, False, True, False, True, True, True, True, True, False, False, False, False, True, True, False]"
18,0.9568863562444827,"[True, True, True, True, True, True, True, False, True, True, False, True, True, True, True, True, True, True, False, True, False, False, False, False, False, True, True, False, True, False, False, True, True, True, True, True, False, True, True, True]"
18,0.9998859644480398,"[True, True, True, True, True, True, True, True, True, True, True, True, True, True, True, True, False, True, False, False, False, False, False, False, True, False, True, False, True, False, True, True, True, False, False, True, False, True, True, False]"
18,0.9998227868037051,"[True, True, True, True, True, True, True, True, True, True, True, True, True, True, True, False, True, True, False, True, False, True, True, False, True, False, True, False, True, False, False, True, False, True, True, True, False, False, False, False]"
18,0.8521727564555144,"[True, True, True, True, True, False, True, True, True, True, True, False, True, True, True, True, True, True, True, True, True, True, False, False, True, False, True, True, True, True, True, False, True, True, True, True, False, False, False, False]"
18,0.5190084223246739,"[True, True, True, False, True, True, True, True, True, False, True, True, True, True, True, True, True, True, False, True, False, True, False, False, False, False, True, True, True, False, False, True, False, True, True, True, False, True, False, True]"
18,0.980321365442826,"[True, True, True, True, True, True, True, True, False, True, True, True, True, True, False, True, True, True, True, False, False, False, False, False, True, False, True, False, True, False, True, True, True, False, False, True, False, True, False, False]"
18,0.9999716368056791,"[True, True, True, True, True, True, True, True, True, True, True, True, True, True, True, True, True, True, False, True, False, False, False, False, False, True, True, False, True, False, False, True, True, True, True, True, False, False, False, True]"
18,0.9999738414395042,"[True, True, True, True, True, True, True, True, True, True, True, True, True, True, True, True, True, True, False, True, False, True, False, False, False, False, False, True, True, True, False, False, True, True, False, True, True, False, False, True]"
18,0.9999651547029978,"[True, True, True, True, True, True, True, True, True, True, True, True, True, True, True, True, True, True, False, False, False, True, False, True, True, False, False, False, True, False, False, True, True, True, False, True, False, False, True, False]"
18,0.9997854285931842,"[True, True, True, True, True, True, True, True, True, True, True, True, True, True, True, False, True, False, False, True, False, True, True, True, True, True, True, True, True, False, False, True, False, True, True, False, False, False, False, True]"
18,0.009054370988687157,"[True, False, False, True, True, True, True, True, True, True, True, False, True, True, False, True, True, False, True, True, False, False, False, False, False, True, True, True, True, False, True, True, True, True, False, True, True, True, True, True]"
18,0.9999792874607629,"[True, True, True, True, True, True, True, True, True, True, True, True, True, True, True, True, True, True, False, True, True, True, False, True, False, False, True, True, True, True, True, True, True, True, True, True, False, False, True, False]"
18,0.9999885251646893,"[True, True, True, True, True, True, True, True, True, True, True, True, True, True, True, True, True, True, True, False, True, True, False, False, True, False, True, True, True, True, True, True, True, False, False, True, False, False, False, True]"
18,0.48232513903873736,"[True, True, True, False, True, True, False, True, True, True, True, True, True, True, True, True, True, False, False, True, False, True, False, False, False, False, True, False, True, True, True, True, True, True, False, True, True, False, True, True]"
18,0.9998982295936693,"[True, True, True, True, True, True, True, True, True, True, True, True, True, True, True, True, False, True, False, True, False, True, False, True, False, False, True, True, True, True, True, True, True, True, True, True, False, False, False, False]"
18,0.9999744959148658,"[True, True, True, True, True, True, True, True, True, True, True, True, True, True, True, True, True, True, False, True, False, True, False, True, False, False, True, True, False, True, False, True, True, True, True, True, False, False, True, True]"
18,0.9614465474666115,"[True, True, True, True, True, True, True, False, True, True, True, True, True, True, True, False, True, True, False, True, False, True, True, True, True, False, True, False, True, True, False, True, True, True, True, False, False, False, False, True]"
18,0.9972548701130448,"[True, True, True, True, True, True, True, True, True, True, True, False, True, True, False, True, True, True, True, True, True, True, False, False, True, False, True, True, True, True, False, False, True, False, True, True, False, False, False, True]"
18,0.9615451165017158,"[True, True, True, True, True, True, True, False, True, True, True, True, True, True, True, True, True, False, False, False, False, False, True, False, True, True, True, True, True, True, True, True, True, True, False, False, False, True, False, False]"
18,0.26159496174663427,"[True, True, False, True, True, True, True, True, True, True, False, True, True, True, True, True, True, False, True, False, False, True, False, False, True, True, True, False, True, False, True, True, True, False, False, True, False, True, True, False]"
18,0.999785290085713,"[True, True, True, True, True, True, True, True, True, True, True, True, True, True, True, False, True, False, False, True, False, True, True, True, True, False, True, True, True, True, False, True, True, True, True, False, False, False, False, True]"
18,0.999972856544031,"[True, True, True, True, True, True, True, True, True, True, True, True, True, True, True, True, True, True, False, True, False, False, True, False, False, True, True, True, False, True, False, True, True, True, False, True, False, True, False, False]"
18,0.7279550948628047,"[True, True, True, True, False, True, True, True, True, True, True, True, True, True, True, True, True, True, False, True, False, False, False, False, True, True, True, True, True, False, False, True, True, True, True, True, False, True, False, True]"
18,0.2630682468480601,"[True, True, False, True, True, True, True, True, True, True, True, True, True, True, True, True, True, True, False, True, False, True, True, True, False, False, False, True, True, False, False, True, True, True, False, False, False, True, False, False]"
18,0.0534465414388679,"[True, False, True, True, True, True, True, False, True, True, True, True, True, True, True, True, True, True, False, True, False, True, True, False, False, True, True, True, False, True, False, True, True, True, False, True, False, False, False, False]"
18,0.8541431770891912,"[True, True, True, True, True, False, True, True, True, True, True, True, True, True, True, False, True, True, True, False, False, False, True, False, False, True, True, True, True, True, True, True, True, False, False, True, False, False, True, False]"
18,0.9902571276736979,"[True, True, True, True, True, True, True, True, True, False, True, True, True, True, True, True, True, True, False, True, True, True, True, False, False, False, False, False, True, True, True, True, True, True, True, True, True, False, False, True]"
18,0.9999655178892812,"[True, True, True, True, True, True, True, True, True, True, True, True, True, True, True, True, True, True, False, False, False, True, True, False, False, False, True, False, False, True, False, True, True, True, False, True, False, False, False, False]"
18,0.5243606816285171,"[True, True, True, False, True, True, True, True, True, True, True, True, True, True, True, False, True, True, False, True, False, True, False, False, True, False, True, True, False, False, False, True, False, True, False, False, True, False, True, True]"
18,0.056313072405621244,"[True, False, True, True, True, True, True, True, True, True, True, True, True, True, True, True, True, True, True, True, False, True, True, False, False, False, False, True, True, True, False, True, True, True, True, True, False, False, False, False]"
18,0.8542709911849898,"[True, True, True, True, True, False, True, True, True, True, True, True, True, True, True, True, True, True, False, True, True, False, False, True, True, False, False, True, True, False, True, True, True, True, True, True, False, False, True, False]"
18,0.9947963635956656,"[True, True, True, True, True, True, True, True, True, True, False, True, True, True, False, True, True, True, False, True, False, False, False, True, False, False, True, True, True, True, False, False, False, True, True, True, False, False, False, False]"
18,0.9998219451190874,"[True, True, True, True, True, True, True, True, True, True, True, True, True, True, True, False, True, True, False, True, False, True, False, True, False, False, True, True, True, True, True, True, True, True, True, False, False, False, False, True]"
18,0.999930747001653,"[True, True, True, True, True, True, True, True, True, True, True, True, True, True, True, True, True, False, False, False, True, False, True, True, True, True, False, False, True, True, True, True, False, False, True, False, False, False, True, False]"
18,0.9902522164338137,"[True, True, True, True, True, True, True, True, True, False, True, True, True, True, True, True, True, True, False, True, False, True, False, True, True, False, True, True, True, True, True, True, True, True, True, True, False, False, False, False]"
18,0.8541363166347276,"[True, True, True, True, True, False, True, True, True, True, True, True, True, True, True, False, True, True, False, True, False, True, False, True, False, False, True, True, True, False, True, True, True, True, False, True, False, False, False, False]"
18,0.9999759440709819,"[True, True, True, True, True, True, True, True, True, True, True, True, True, True, True, True, True, True, False, True, False, True, True, True, True, False, True, False, False, False, True, True, True, True, True, True, False, False, False, True]"
18,0.9806202534400015,"[True, True, True, True, True, True, True, True, False, True, True, True, True, True, True, True, True, True, False, True, True, True, True, True, False, False, False, True, True, False, False, True, True, True, True, True, False, True, False, False]"
18,0.9999792874607629,"[True, True, True, True, True, True, True, True, True, True, True, True, True, True, True, True, True, True, False, True, True, True, False, True, False, False, True, True, True, True, True, True, True, True, True, True, False, False, True, False]"
18,0.9243669649511392,"[True, True, True, True, True, True, False, True, True, True, True, True, True, True, True, False, True, False, False, True, True, False, True, True, False, False, True, False, True, False, True, True, True, True, True, False, False, True, True, False]"
18,0.9999809775536415,"[True, True, True, True, True, True, True, True, True, True, True, True, True, True, True, True, True, True, True, False, False, False, False, False, False, False, False, True, False, True, False, True, True, True, False, True, True, False, False, True]"
18,0.9974603913258671,"[True, True, True, True, True, True, True, True, True, True, True, False, True, True, True, True, False, True, False, True, False, True, True, False, False, True, False, True, True, True, False, True, True, True, False, True, False, True, False, False]"
18,0.999972856544031,"[True, True, True, True, True, True, True, True, True, True, True, True, True, True, True, True, True, True, False, True, False, False, True, False, False, True, True, True, False, True, False, True, True, True, False, True, False, True, False, False]"
18,0.9987650814112967,"[True, True, True, True, True, True, True, True, True, True, True, True, False, True, True, True, True, True, True, False, False, True, True, False, True, True, True, True, True, True, True, True, True, False, False, False, False, True, True, False]"
18,0.9999980621322339,"[True, True, True, True, True, True, True, True, True, True, True, True, True, True, True, True, True, True, True, True, True, True, False, False, True, False, True, True, True, True, True, True, True, False, True, True, False, False, False, False]"
18,0.05627724015870806,"[True, False, True, True, True, True, True, True, True, True, True, True, True, True, False, False, True, True, False, True, False, True, False, True, False, False, True, True, True, False, True, True, False, True, True, True, False, False, False, True]"
step,fitness,genome
19,0.9902199437313732,"[True, True, True, True, True, True, True, True, True, False, True, True, True, True, True, True, True, False, False, True, True, True, True, True, False, False, False, True, True, True, True, True, True, True, True, True, True, False, False, True]"
19,0.990207941285607,"[True, True, True, True, True, True, True, True, True, False, True, True, True, True, True, True, True, False, False, False, True, False, True, False, True, True, False, False, True, True, True, True, False, False, True, False, False, False, True, False]"
19,0.9902701755968912,"[True, True, True, True, True, True, True, True, True, False, True, True, True, True, True, True, True, True, True, True, False, True, False, False, False, False, True, False, False, True, False, True, True, False, False, True, False, True, False, False]"
19,0.9999258215235656,"[True, True, True, True, True, True, True, True, True, True, True, True, True, True, True, True, True, False, False, False, False, False, True, True, True, False, False, False, True, False, True, True, True, False, False, False, False, True, False, True]"
19,0.852151899807897,"[True, True, True, True, True, False, True, True, True, True, True, False, True, True, True, True, True, True, False, True, False, True, False, False, False, True, False, True, False, True, False, True, True, True, False, True, True, False, False, True]"
19,0.0009765324021202508,"[False, True, True, True, True, True, True, True, True, True, True, True, True, True, True, True, True, True, True, False, False, True, True, False, False, False, True, False, False, True, False, True, False, True, False, True, False, False, False, False]"
19,0.9947427566921586,"[True, True, True, True, True, True, True, True, True, True, False, True, True, True, False, True, False, True, True, True, False, True, True, False, True, True, False, True, True, True, True, True, True, False, False, False, False, True, True, False]"
19,0.7279690844490572,"[True, True, True, True, False, True, True, True, True, True, True, True, True, True, True, True, True, True, True, True, False, False, False, False, False, False, True, True, False, True, False, True, True, True, False, True, True, False, False, True]"
19,0.9993643439945182,"[True, True, True, True, True, True, True, True, True, True, True, True, True, False, True, True, True, True, False, True, False, True, False, True, False, False, True, True, True, True, False, True, True, False, True, True, False, False, True, False]"
19,0.9938889715084802,"[True, True, True, True, True, True, True, True, True, True, False, True, False, True, True, True, True, True, False, True, False, True, True, True, False, False, False, True, False, True, True, True, False, True, True, True, False, False, True, True]"
19,0.9999920969466105,"[True, True, True, True, True, True, True, True, True, True, True, True, True, True, True, True, True, True, True, True, False, False, True, False, True, False, True, True, True, True, False, True, True, False, True, False, False, True, True, False]"
19,0.9243992171191915,"[True, True, True, True, True, True, False, True, True, True, True, True, True, True, True, False, True, True, False, True, False, True, False, True, False, False, True, True, True, True, True, True, True, True, True, False, False, False, False, True]"
19,0.9999451787035027,"[True, True, True, True, True, True, True, True, True, True, True, True, True, True, True, True, True, False, True, False, False, True, False, False, False, False, False, False, False, True, False, True, True, True, False, True, True, False, False, True]"
19,0.9999930473531253,"[True, True, True, True, True, True, True, True, True, True, True, True, True, True, True, True, True, True, True, True, False, True, False, False, False, True, False, True, False, True, False, True, True, True, False, True, True, False, False, True]"
19,0.0009765352418180577,"[False, True, True, True, True, True, True, True, True, True, True, True, True, True, True, True, True, True, True, False, True, False, False, False, True, False, False, True, False, True, False, True, True, True, False, False, True, False, False, True]"
19,0.9999824137767291,"[True, True, True, True, True, True, True, True, True, True, True, True, True, True, True, True, True, True, True, False, False, False, True, False, False, True, True, True, True, True, True, False, True, False, True, True, False, True, True, False]"
19,0.9245442863847002,"[True, True, True, True, True, True, False, True, True, True, True, True, True, True, True, True, True, True, False, True, True, False, True, False, False, True, True, True, False, True, False, True, True, True, False, True, False, True, False, False]"
19,0.9998543114386459,"[True, True, True, True, True, True, True, True, True, True, True, True, True, True, True, True, False, False, False, False, True, False, True, True, True, False, False, False, True, True, True, True, False, False, True, False, False, False, True, False]"
19,0.9245587485483747,"[True, True, True, True, True, True, False, True, True, True, True, True, True, True, True, True, True, True, True, True, False, True, False, False, False, True, True, True, True, True, True, True, True, False, True, False, True, True, False, False]"
19,0.9950977859857711,"[True, True, True, True, True, True, True, True, True, True, False, True, True, True, True, True, True, True, False, False, True, True, False, True, False, False, True, True, True, True, True, True, True, True, True, True, False, False, True, False]"
19,0.9999688742167196,"[True, True, True, True, True, True, True, True, True, True, True, True, True, True, True, True, True, True, False, False, True, False, True, True, True, True, False, False, False, True, True, True, False, True, True, False, False, False, True, True]"
19,0.9999371131041842,"[True, True, True, True, True, True, True, True, True, True, True, True, True, True, True, True, True, False, False, True, False, True, True, False, False, True, True, True, True, True, False, True, True, False, False, False, False, True, False, False]"
19,0.9986789733699853,"[True, True, True, True, True, True, True, True, True, True, True, True, False, True, True, True, False, True, False, True, False, True, True, False, False, True, False, True, True, True, False, True, True, True, False, True, False, False, False, False]"
19,0.9975371961688203,"[True, True, True, True, True, True, True, True, True, True, True, False, True, True, True, True, True, True, False, True, False, True, True, True, True, False, False, False, False, False, True, True, True, False, True, True, False, False, False, True]"
19,0.9522231934837767,"[True, True, True, True, True, True, True, False, True, False, True, True, True, True, True, True, True, True, True, True, False, False, True, False, False, True, True, True, True, False, False, True, True, False, True, False, False, True, True, False]"
19,0.9999744959148658,"[True, True, True, True, True, True, True, True, True, True, True, True, True, True, True, True, True, True, False, True, False, True, False, True, False, False, True, True, False, True, False, True, True, True, True, True, False, False, True, True]"
19,0.9999934946126261,"[True, True, True, True, True, True, True, True, True, True, True, True, True, True, True, True, True, True, True, True, False, True, False, True, False, False, False, True, False, True, False, True, True, True, True, True, False, False, True, False]"
19,0.009094575734357804,"[True, False, False, True, True, True, True, True, True, True, True, True, True, True, True, True, True, True, False, True, False, True, False, True, False, False, True, True, False, False, False, True, False, True, True, True, False, False, True, False]"
19,0.9999716833706203,"[True, True, True, True, True, True, True, True, True, True, True, True, True, True, True, True, True, True, False, True, False, False, False, False, False, True, True, True, True, True, False, True, True, True, True, True, False, False, False, True]"
19,0.7279285077583915,"[True, True, True, True, False, True, True, True, True, True, True, True, True, True, True, True, True, False, False, True, False, True, False, True, True, False, False, True, True, True, False, True, False, True, True, True, False, False, True, False]"
19,0.9974868401036413,"[True, True, True, True, True, True, True, True, True, True, True, False, True, True, True, True, True, False, False, False, False, False, True, False, True, True, False, True, False, True, True, True, False, True, True, False, False, False, True, False]"
19,0.9996370963318244,"[True, True, True, True, True, True, True, True, True, True, True, True, True, True, False, True, True, False, False, True, True, True, True, True, False, False, False, False, True, True, False, False, True, False, False, True, True, False, False, True]"
19,0.9999919517741083,"[True, True, True, True, True, True, True, True, True, True, True, True, True, True, True, True, True, True, True, True, False, False, True, False, False, True, True, True, True, True, True, True, False, True, False, False, True, True, False, False]"
19,0.9998989411173747,"[True, True, True, True, True, True, True, True, True, True, True, True, True, True, True, True, False, True, False, True, False, True, True, False, False, True, True, True, False, False, False, True, True, False, False, True, False, False, False, False]"
19,0.5003746000304177,"[True, True, True, False, True, True, True, False, True, True, False, True, True, True, True, True, True, True, False, True, False, True, False, False, False, True, True, False, True, False, False, True, True, True, True, True, False, True, True, True]"
19,0.05631159975449399,"[True, False, True, True, True, True, True, True, True, True, True, True, True, True, True, True, True, True, False, True, False, True, False, True, False, False, True, True, False, True, False, True, True, True, True, True, True, False, False, True]"
19,0.9949506275762483,"[True, True, True, True, True, True, True, True, True, True, False, True, True, True, True, False, True, True, False, True, False, True, False, True, False, False, True, True, True, True, True, True, True, False, False, False, False, False, False, True]"
19,0.05631156057413741,"[True, False, True, True, True, True, True, True, True, True, True, True, True, True, True, True, True, True, False, True, False, True, False, False, False, True, False, True, False, True, False, True, True, True, False, True, True, False, False, True]"
19,0.8542681987463673,"[True, True, True, True, True, False, True, True, True, True, True, True, True, True, True, True, True, True, False, True, False, True, False, False, False, False, True, True, False, True, False, True, True, True, True, True, False, False, True, False]"
19,0.9998976103392447,"[True, True, True, True, True, True, True, True, True, True, True, True, True, True, True, True, False, True, False, True, False, True, False, False, False, False, True, True, False, True, False, True, True, True, True, True, False, False, True, False]"
19,0.9999088076445811,"[True, True, True, True, True, True, True, True, True, True, True, True, True, True, True, True, False, True, True, False, False, True, True, False, True, True, True, True, True, True, True, True, True, False, False, True, False, False, True, False]"
19,0.2630742513939019,"[True, True, False, True, True, True, True, True, True, True, True, True, True, True, True, True, True, True, True, True, True, False, False, False, True, False, False, True, True, False, True, True, True, False, False, False, False, True, True, True]"
19,0.9985696228103972,"[True, True, True, True, True, True, True, True, True, True, True, True, False, True, True, False, True, False, False, True, True, True, True, False, True, False, True, False, True, True, False, True, True, True, True, False, False, False, False, True]"
19,0.8540200074176838,"[True, True, True, True, True, False, True, True, True, True, True, True, True, True, False, True, True, True, True, True, False, True, False, False, False, True, False, True, False, True, False, True, True, True, False, True, True, False, False, True]"
19,0.2630734423957551,"[True, True, False, True, True, True, True, True, True, True, True, True, True, True, True, True, True, True, True, True, False, True, False, False, False, False, False, True, False, True, True, True, True, True, False, True, True, False, False, True]"
19,0.924559039114813,"[True, True, True, True, True, True, False, True, True, True, True, True, True, True, True, True, True, True, True, True, False, True, False, True, False, False, False, False, False, True, False, True, True, False, False, True, True, False, False, True]"
19,0.9996699276620926,"[True, True, True, True, True, True, True, True, True, True, True, True, True, True, False, True, True, True, False, True, False, True, True, False, False, False, True, False, False, True, False, True, True, True, True, True, False, False, True, False]"
19,0.6713369025762507,"[True, True, True, True, False, True, False, True, True, True, True, True, True, True, True, True, True, True, False, True, False, True, True, True, True, False, False, False, True, False, True, True, True, True, True, True, False, False, False, True]"
19,0.9999968676228079,"[True, True, True, True, True, True, True, True, True, True, True, True, True, True, True, True, True, True, True, True, True, False, True, False, True, False, True, True, True, True, True, False, True, False, True, False, False, True, True, False]"
19,0.9999940330122778,"[True, True, True, True, True, True, True, True, True, True, True, True, True, True, True, True, True, True, True, True, False, True, False, True, True, True, True, True, True, True, False, True, False, False, True, True, False, False, False, False]"
19,0.9987650767598596,"[True, True, True, True, True, True, True, True, True, True, True, True, False, True, True, True, True, True, True, False, False, True, True, False, True, True, True, True, True, True, False, True, True, False, False, False, False, True, True, False]"
19,0.2630674041761067,"[True, True, False, True, True, True, True, True, True, True, True, True, True, True, True, True, True, True, False, True, False, False, True, False, False, True, True, False, False, True, False, True, True, True, True, True, False, True, False, True]"
19,0.9568919551995457,"[True, True, True, True, True, True, True, False, True, True, False, True, True, True, True, True, True, True, False, True, True, False, True, False, False, False, True, False, True, True, True, True, True, True, True, True, True, True, False, True]"
19,0.969871644943311,"[True, True, True, True, True, True, True, True, False, False, True, True, False, True, True, True, True, True, False, True, False, False, True, False, False, True, False, True, False, True, False, True, True, True, False, False, False, False, False, False]"
19,0.9993657731849328,"[True, True, True, True, True, True, True, True, True, True, True, True, True, False, True, True, True, True, False, True, False, True, True, True, True, False, True, False, False, False, True, True, True, True, True, False, False, False, False, True]"
19,0.9999942611487271,"[True, True, True, True, True, True, True, True, True, True, True, True, True, True, True, True, True, True, True, True, False, True, True, False, False, True, False, True, True, True, True, True, False, False, True, False, True, True, False, False]"
19,0.996262008261161,"[True, True, True, True, True, True, True, True, True, True, True, False, False, True, True, True, False, True, True, True, False, True, True, False, False, False, False, True, True, True, False, True, True, True, False, True, False, True, False, False]"
19,0.9999728565076521,"[True, True, True, True, True, True, True, True, True, True, True, True, True, True, True, True, True, True, False, True, False, False, True, False, False, True, True, True, False, True, False, True, True, True, False, True, False, False, False, False]"
19,0.2630732461637143,"[True, True, False, True, True, True, True, True, True, True, True, True, True, True, True, True, True, True, True, True, False, False, True, False, True, True, True, True, True, True, True, True, True, False, False, False, False, True, True, False]"
19,0.9999259789738822,"[True, True, True, True, True, True, True, True, True, True, True, True, True, True, True, True, True, False, False, False, False, False, True, True, True, True, False, False, True, True, True, True, False, False, True, False, False, True, True, False]"
19,0.9998204402476154,"[True, True, True, True, True, True, True, True, True, True, True, True, True, True, True, False, True, True, False, True, False, False, True, False, True, False, True, True, True, False, False, True, False, True, True, True, False, False, False, False]"
19,0.9999928983424557,"[True, True, True, True, True, True, True, True, True, True, True, True, True, True, True, True, True, True, True, True, False, True, False, False, False, False, False, True, False, True, False, True, True, True, False, True, True, False, False, True]"
19,0.5163226637922153,"[True, True, True, False, True, True, True, True, True, False, False, True, True, True, True, True, True, True, True, True, True, True, True, False, False, True, True, True, True, True, False, True, True, True, True, False, True, False, False, False]"
19,0.9806339559482715,"[True, True, True, True, True, True, True, True, False, True, True, True, True, True, True, True, True, True, True, True, False, True, True, False, False, True, True, True, True, True, True, True, True, False, True, False, True, True, False, False]"
19,0.9999728722597157,"[True, True, True, True, True, True, True, True, True, True, True, True, True, True, True, True, True, True, False, True, False, False, True, False, False, True, True, True, True, True, False, False, True, False, False, True, False, True, False, False]"
19,0.9999922322784678,"[True, True, True, True, True, True, True, True, True, True, True, True, True, True, True, True, True, True, True, True, False, False, True, False, True, True, True, True, False, True, True, True, True, True, False, False, False, True, True, False]"
19,0.9999752405286204,"[True, True, True, True, True, True, True, True, True, True, True, True, True, True, True, True, True, True, False, True, False, True, True, False, False, True, True, True, False, True, False, True, True, True, False, False, False, True, False, False]"
19,0.12537883142405926,"[True, True, False, False, True, True, True, True, True, True, True, True, True, True, True, True, True, True, True, False, False, False, True, False, False, False, True, True, True, True, True, True, True, False, False, True, False, True, True, False]"
19,0.9877598067042167,"[True, True, True, True, True, True, True, True, True, False, True, False, True, True, True, True, False, True, False, True, False, True, True, False, False, True, False, True, True, True, False, True, True, True, False, True, False, True, False, False]"
19,0.9972304539599236,"[True, True, True, True, True, True, True, True, True, True, True, False, True, True, False, True, True, True, False, True, False, False, True, True, True, False, True, False, True, False, True, True, True, True, True, True, False, False, False, True]"
19,0.9999374579832979,"[True, True, True, True, True, True, True, True, True, True, True, True, True, True, True, True, True, False, False, True, False, True, True, True, False, False, False, True, False, False, False, True, True, False, True, False, False, True, True, False]"
19,0.9902714686481119,"[True, True, True, True, True, True, True, True, True, False, True, True, True, True, True, True, True, True, True, True, False, True, True, False, False, True, False, True, False, True, False, True, True, True, False, True, True, False, False, True]"
19,0.9999759440709819,"[True, True, True, True, True, True, True, True, True, True, True, True, True, True, True, True, True, True, False, True, False, True, True, True, True, False, True, False, False, False, True, True, True, True, True, True, False, False, False, True]"
19,0.9999599158809376,"[True, True, True, True, True, True, True, True, True, True, True, True, True, True, True, True, True, False, True, True, True, True, False, False, True, False, True, True, True, True, True, True, True, False, True, True, False, False, False, False]"
19,0.9993547947144166,"[True, True, True, True, True, True, True, True, True, True, True, True, True, False, True, True, True, True, False, False, False, True, False, True, False, False, True, True, False, True, False, True, True, True, True, True, False, False, True, False]"
19,0.9949174022318387,"[True, True, True, True, True, True, True, True, True, True, False, True, True, True, True, False, True, False, False, True, True, True, False, True, False, False, True, True, True, True, True, True, True, True, True, True, False, False, True, True]"
19,0.9999631494137341,"[True, True, True, True, True, True, True, True, True, True, True, True, True, True, True, True, True, True, False, False, False, False, True, False, False, False, True, False, True, True, False, False, True, False, False, False, False, True, True, True]"
19,0.990243205734086,"[True, True, True, True, True, True, True, True, True, False, True, True, True, True, True, True, True, True, False, False, False, True, True, False, False, True, True, True, True, True, True, True, True, False, False, True, False, True, True, False]"
19,0.05630831422444135,"[True, False, True, True, True, True, True, True, True, True, True, True, True, True, True, True, True, False, False, False, True, False, True, True, True, True, False, False, True, False, True, True, False, False, True, False, False, False, True, False]"
19,0.9950335495865601,"[True, True, True, True, True, True, True, True, True, True, False, True, True, True, True, True, False, True, True, False, False, False, False, False, True, True, True, True, True, True, True, True, True, False, False, False, False, True, True, False]"
19,0.9994968537853941,"[True, True, True, True, True, True, True, True, True, True, True, True, True, True, False, False, True, False, True, True, False, False, True, True, True, False, True, False, True, False, True, True, False, True, True, False, False, True, True, False]"
19,0.9999758272671123,"[True, True, True, True, True, True, True, True, True, True, True, True, True, True, True, True, True, True, False, True, False, True, True, True, False, True, True, True, False, False, False, True, True, True, False, False, False, True, True, False]"
19,0.9999744288593626,"[True, True, True, True, True, True, True, True, True, True, True, True, True, True, True, True, True, True, False, True, False, True, False, True, False, False, False, True, True, False, False, True, False, False, True, False, False, True, True, False]"
19,0.9614648501283728,"[True, True, True, True, True, True, True, False, True, True, True, True, True, True, True, False, True, True, True, True, False, True, True, True, False, True, True, True, True, True, False, True, True, True, True, False, False, False, False, True]"
19,0.8542806286389437,"[True, True, True, True, True, False, True, True, True, True, True, True, True, True, True, True, True, True, True, False, True, True, False, False, False, False, True, True, True, True, False, True, True, False, False, True, False, False, False, True]"
19,0.9999752405286204,"[True, True, True, True, True, True, True, True, True, True, True, True, True, True, True, True, True, True, False, True, False, True, True, False, False, True, True, True, False, True, False, True, True, True, False, False, False, True, False, False]"
19,0.05557830496415804,"[True, False, True, True, True, True, True, True, True, False, True, True, True, True, True, True, False, True, True, True, False, False, True, False, True, True, False, True, True, True, False, True, True, False, True, True, False, True, True, False]"
19,0.0009738367359427538,"[False, True, True, True, True, True, True, True, True, True, True, True, False, True, True, False, True, True, False, True, False, True, True, True, True, False, True, False, False, False, True, True, True, True, True, True, False, False, False, True]"
19,0.9999759720100545,"[True, True, True, True, True, True, True, True, True, True, True, True, True, True, True, True, True, True, False, True, False, True, True, True, True, False, True, False, True, True, True, True, True, True, True, True, False, False, False, True]"
19,0.9614097361230465,"[True, True, True, True, True, True, True, False, True, True, True, True, True, True, True, False, True, False, False, True, False, True, True, True, True, False, True, True, False, False, False, True, True, True, False, False, True, False, False, True]"
19,0.9999792871697301,"[True, True, True, True, True, True, True, True, True, True, True, True, True, True, True, True, True, True, False, True, True, True, False, True, False, False, True, True, True, True, True, True, True, True, False, True, False, False, True, False]"
19,0.056311556394973664,"[True, False, True, True, True, True, True, True, True, True, True, True, True, True, True, True, True, True, False, True, False, True, False, False, False, False, True, True, True, True, False, True, True, True, True, True, False, False, False, True]"
19,0.9999968603468709,"[True, True, True, True, True, True, True, True, True, True, True, True, True, True, True, True, True, True, True, True, True, False, True, False, True, False, True, True, True, False, True, True, True, False, False, False, False, True, True, False]"
19,0.9950170844208026,"[True, True, True, True, True, True, True, True, True, True, False, True, True, True, True, True, False, True, False, False, False, True, False, True, False, False, True, True, True, True, True, True, True, True, True, True, True, False, True, False]"
19,0.9987451601755845,"[True, True, True, True, True, True, True, True, True, True, True, True, False, True, True, True, True, True, False, False, False, True, False, True, True, False, False, False, True, False, False, True, True, True, False, True, False, False, True, False]"
19,0.26307027740281685,"[True, True, False, True, True, True, True, True, True, True, True, True, True, True, True, True, True, True, True, False, False, False, True, False, False, True, True, False, True, True, True, False, True, False, False, False, False, True, True, False]"
19,0.9999977524680611,"[True, True, True, True, True, True, True, True, True, True, True, True, True, True, True, True, True, True, True, True, True, True, False, False, False, False, True, True, True, False, True, False, True, False, True, True, False, False, False, False]"
19,0.9999760644581955,"[True, True, True, True, True, True, True, True, True, True, True, True, True, True, True, True, True, True, False, True, False, True, True, True, True, True, False, True, False, True, True, True, True, False, True, False, False, True, True, False]"
19,0.9878353173824496,"[True, True, True, True, True, True, True, True, True, False, True, False, True, True, True, True, True, True, False, True, False, True, True, False, False, True, True, True, False, True, False, True, True, True, False, False, False, True, False, False]"
19,0.9999922366440118,"[True, True, True, True, True, True, True, True, True, True, True, True, True, True, True, True, True, True, True, True, False, False, True, False, True, True, True, True, True, False, False, True, True, False, True, False, False, True, True, False]"
step,fitness,genome
20,0.9999830098139028,"[True, True, True, True, True, True, True, True, True, True, True, True, True, True, True, True, True, True, True, False, False, False, True, True, False, True, True, True, True, True, True, False, True, False, True, True, False, True, True, False]"
20,0.9996822005515484,"[True, True, True, True, True, True, True, True, True, True, True, True, True, True, False, True, True, True, True, False, True, False, True, False, True, False, True, True, True, True, True, False, True, False, True, False, False, True, True, False]"
20,0.961443696842694,"[True, True, True, True, True, True, True, False, True, True, True, True, True, True, True, False, True, True, False, True, False, False, True, False, True, False, True, True, True, False, False, True, False, True, True, True, False, False, True, False]"
20,0.0009670206140640006,"[False, True, True, True, True, True, True, True, True, True, False, True, True, True, True, True, True, True, False, True, False, True, True, True, False, True, False, True, False, False, False, True, True, False, True, False, False, True, True, False]"
20,0.9975405696800416,"[True, True, True, True, True, True, True, True, True, True, True, False, True, True, True, True, True, True, False, True, True, True, False, True, False, False, True, False, True, True, True, True, True, True, False, True, False, False, True, False]"
20,0.9998989416993983,"[True, True, True, True, True, True, True, True, True, True, True, True, True, True, True, True, False, True, False, True, False, True, True, False, False, True, True, True, False, False, False, True, True, True, False, True, False, False, False, False]"
20,0.053447695542365975,"[True, False, True, True, True, True, True, False, True, True, True, True, True, True, True, True, True, True, True, True, False, False, False, True, False, True, True, True, True, True, False, True, False, True, False, False, True, False, False, False]"
20,0.00025690589115707314,"[False, True, True, False, True, True, True, True, True, True, True, True, True, True, True, True, True, True, True, True, False, True, False, False, True, True, True, True, True, True, True, True, False, False, True, True, False, True, False, False]"
20,0.9999934946308159,"[True, True, True, True, True, True, True, True, True, True, True, True, True, True, True, True, True, True, True, True, False, True, False, True, False, False, False, True, False, True, False, True, True, True, True, True, False, True, False, False]"
20,0.9996916228801949,"[True, True, True, True, True, True, True, True, True, True, True, True, True, True, False, True, True, True, True, True, True, False, True, False, True, False, False, False, True, True, True, False, True, False, True, False, False, True, True, False]"
20,0.9950922557198666,"[True, True, True, True, True, True, True, True, True, True, False, True, True, True, True, True, True, True, False, False, False, False, True, True, True, True, True, False, True, True, True, False, False, False, True, False, True, True, True, False]"
20,0.6187226222348845,"[True, True, True, True, False, False, True, True, True, True, True, True, True, True, True, True, True, True, True, True, False, True, True, False, False, True, False, True, True, True, True, True, False, False, True, False, True, True, False, False]"
20,0.9568890447563699,"[True, True, True, True, True, True, True, False, True, True, False, True, True, True, True, True, True, True, False, True, False, True, False, True, False, False, False, True, True, False, True, True, False, True, True, False, False, True, False, False]"
20,0.9615952788578281,"[True, True, True, True, True, True, True, False, True, True, True, True, True, True, True, True, True, True, False, True, True, False, True, False, False, False, True, False, True, True, False, True, True, False, True, True, True, True, True, True]"
20,0.9616094121028907,"[True, True, True, True, True, True, True, False, True, True, True, True, True, True, True, True, True, True, True, True, False, False, True, False, True, False, True, True, True, True, False, True, True, False, True, False, False, True, True, False]"
20,0.9999716645991281,"[True, True, True, True, True, True, True, True, True, True, True, True, True, True, True, True, True, True, False, True, False, False, False, False, False, True, True, True, False, True, False, True, True, True, True, False, False, False, False, True]"
20,0.9999934369691909,"[True, True, True, True, True, True, True, True, True, True, True, True, True, True, True, True, True, True, True, True, False, True, False, False, True, True, True, True, True, True, False, True, False, False, True, True, False, False, False, False]"
20,0.9998989027038133,"[True, True, True, True, True, True, True, True, True, True, True, True, True, True, True, True, False, True, False, True, False, True, True, False, False, True, True, False, False, False, False, True, False, False, False, True, False, False, False, False]"
20,0.5244560525852113,"[True, True, True, False, True, True, True, True, True, True, True, True, True, True, True, True, True, True, True, True, False, False, True, False, True, False, True, True, True, True, False, False, True, False, True, False, False, True, True, False]"
20,0.9429241973924022,"[True, True, True, True, True, True, True, False, False, True, True, True, True, True, True, True, True, True, True, True, True, False, True, False, False, True, True, True, True, True, True, True, False, True, False, False, True, True, False, False]"
20,0.9999728350077228,"[True, True, True, True, True, True, True, True, True, True, True, True, True, True, True, True, True, True, False, True, False, False, True, False, False, True, True, False, True, True, False, False, True, False, False, True, False, True, False, False]"
20,0.9999180450080746,"[True, True, True, True, True, True, True, True, True, True, True, True, True, True, True, True, False, True, True, True, False, True, True, False, False, True, True, True, True, True, True, True, False, True, False, False, True, True, False, False]"
20,0.2623314148819315,"[True, True, False, True, True, True, True, True, True, True, True, False, True, True, True, True, True, True, False, False, False, False, True, False, False, False, True, False, True, False, False, False, True, False, False, False, False, True, True, True]"
20,0.9999851491694457,"[True, True, True, True, True, True, True, True, True, True, True, True, True, True, True, True, True, True, True, False, False, True, True, True, False, False, False, True, False, True, False, True, True, False, False, True, False, False, True, False]"
20,0.9999922372078945,"[True, True, True, True, True, True, True, True, True, True, True, True, True, True, True, True, True, True, True, True, False, False, True, False, True, True, True, True, True, False, False, True, True, True, True, False, False, True, False, False]"
20,0.21969645532674217,"[True, True, False, True, True, False, True, True, True, True, True, True, True, True, True, True, True, True, True, True, False, False, True, False, False, True, False, True, True, True, True, True, False, False, False, False, True, True, True, False]"
20,0.9805777303003791,"[True, True, True, True, True, True, True, True, False, True, True, True, True, True, True, True, True, False, False, True, False, True, True, False, False, True, True, True, True, True, False, True, True, False, False, False, False, True, False, False]"
20,0.5244560330476847,"[True, True, True, False, True, True, True, True, True, True, True, True, True, True, True, True, True, True, True, True, False, False, True, False, True, False, True, False, True, True, False, True, True, False, True, False, False, True, True, False]"
20,0.9999784118977856,"[True, True, True, True, True, True, True, True, True, True, True, True, True, True, True, True, True, True, False, True, True, False, True, True, True, True, False, False, False, True, True, True, True, True, True, False, False, False, True, True]"
20,0.999911039327264,"[True, True, True, True, True, True, True, True, True, True, True, True, True, True, True, True, False, True, True, False, True, False, True, False, True, False, True, True, True, True, True, False, False, False, True, False, False, True, True, False]"
20,0.9999728751336487,"[True, True, True, True, True, True, True, True, True, True, True, True, True, True, True, True, True, True, False, True, False, False, True, False, False, True, True, True, True, True, False, True, True, True, False, True, False, False, False, False]"
20,0.5135409385865691,"[True, True, True, False, True, True, True, True, False, True, True, True, True, True, True, False, True, True, False, True, True, True, False, True, False, False, True, True, True, False, True, True, True, True, False, True, False, False, True, False]"
20,0.9998997736116013,"[True, True, True, True, True, True, True, True, True, True, True, True, True, True, True, True, False, True, False, True, False, True, True, True, True, True, False, True, False, True, True, True, False, False, True, False, False, True, True, False]"
20,0.7206188731111532,"[True, True, True, True, False, True, True, True, True, False, True, True, True, True, True, True, True, False, False, False, True, False, True, False, True, True, False, False, True, True, True, True, False, False, True, False, False, False, True, False]"
20,0.9999952249538924,"[True, True, True, True, True, True, True, True, True, True, True, True, True, True, True, True, True, True, True, True, False, True, True, True, True, True, True, True, True, True, False, True, False, False, True, False, False, False, False, False]"
20,0.9999746356373383,"[True, True, True, True, True, True, True, True, True, True, True, True, True, True, True, True, True, True, False, True, False, True, False, True, False, True, True, True, False, False, False, True, True, True, True, True, False, True, True, False]"
20,0.9999835107105632,"[True, True, True, True, True, True, True, True, True, True, True, True, True, True, True, True, True, True, True, False, False, True, False, False, False, True, False, True, False, True, False, True, True, True, False, True, True, False, False, True]"
20,0.9975581414523194,"[True, True, True, True, True, True, True, True, True, True, True, False, True, True, True, True, True, True, True, True, True, False, True, False, True, False, True, True, True, False, True, True, True, False, False, False, False, True, True, False]"
20,0.9998976103392447,"[True, True, True, True, True, True, True, True, True, True, True, True, True, True, True, True, False, True, False, True, False, True, False, False, False, False, True, True, False, True, False, True, True, True, True, True, False, False, True, False]"
20,0.9999262553236602,"[True, True, True, True, True, True, True, True, True, True, True, True, True, True, True, True, True, False, False, False, False, True, False, False, False, True, False, False, False, True, False, True, True, True, False, True, True, False, False, True]"
20,0.8521511293941082,"[True, True, True, True, True, False, True, True, True, True, True, False, True, True, True, True, True, True, False, True, False, False, True, False, True, True, False, True, False, True, True, True, True, False, True, True, False, True, True, False]"
20,0.9902749507768205,"[True, True, True, True, True, True, True, True, True, False, True, True, True, True, True, True, True, True, True, True, True, True, False, False, False, False, True, True, True, False, True, False, True, False, True, False, False, False, False, False]"
20,0.8541513231511303,"[True, True, True, True, True, False, True, True, True, True, True, True, True, True, True, False, True, True, True, True, False, False, True, False, False, False, True, True, True, True, True, True, True, False, True, False, False, True, False, False]"
20,0.9999826140079314,"[True, True, True, True, True, True, True, True, True, True, True, True, True, True, True, True, True, True, True, False, False, False, True, False, True, True, False, True, False, True, False, False, True, False, True, True, False, True, True, False]"
20,0.9616128598042771,"[True, True, True, True, True, True, True, False, True, True, True, True, True, True, True, True, True, True, True, True, True, False, False, False, True, False, True, True, True, False, True, True, True, False, False, False, False, True, True, False]"
20,0.9999728565076521,"[True, True, True, True, True, True, True, True, True, True, True, True, True, True, True, True, True, True, False, True, False, False, True, False, False, True, True, True, False, True, False, True, True, True, False, True, False, False, False, False]"
20,0.9999759720100545,"[True, True, True, True, True, True, True, True, True, True, True, True, True, True, True, True, True, True, False, True, False, True, True, True, True, False, True, False, True, True, True, True, True, True, True, True, False, False, False, True]"
20,0.9993657731849328,"[True, True, True, True, True, True, True, True, True, True, True, True, True, False, True, True, True, True, False, True, False, True, True, True, True, False, True, False, False, False, True, True, True, True, True, False, False, False, False, True]"
20,0.7279557349571532,"[True, True, True, True, False, True, True, True, True, True, True, True, True, True, True, True, True, True, False, True, False, False, True, False, False, True, True, False, False, True, True, True, True, True, False, True, False, False, False, False]"
20,0.9878353173824496,"[True, True, True, True, True, True, True, True, True, False, True, False, True, True, True, True, True, True, False, True, False, True, True, False, False, True, True, True, False, True, False, True, True, True, False, False, False, True, False, False]"
20,0.915503175495313,"[True, True, True, True, True, True, False, True, True, False, True, True, True, True, True, True, True, True, True, True, True, True, False, False, False, False, True, False, True, False, True, False, True, False, True, True, False, False, False, False]"
20,0.9805367388317409,"[True, True, True, True, True, True, True, True, False, True, True, True, True, True, True, True, False, True, False, True, False, False, False, False, False, True, True, True, True, True, False, True, True, True, True, True, False, False, False, True]"
20,0.9872310998997643,"[True, True, True, True, True, True, True, True, True, False, True, False, True, False, True, True, True, True, False, True, False, True, False, True, False, False, True, True, True, True, False, True, True, False, True, True, False, False, True, False]"
20,0.990261810580551,"[True, True, True, True, True, True, True, True, True, False, True, True, True, True, True, True, True, True, True, False, False, True, False, True, True, True, True, True, True, True, False, True, False, False, False, True, False, False, False, False]"
20,0.2630662172726452,"[True, True, False, True, True, True, True, True, True, True, True, True, True, True, True, True, True, True, False, False, True, False, True, True, True, True, False, False, False, True, True, False, False, True, True, False, False, False, True, True]"
20,0.04531895373739404,"[True, False, True, True, True, False, True, True, True, True, False, True, True, True, True, True, True, True, True, False, False, False, True, False, False, True, True, True, True, True, True, False, False, False, True, False, False, True, True, False]"
20,0.9999176507348951,"[True, True, True, True, True, True, True, True, True, True, True, True, True, True, True, True, False, True, True, True, False, True, False, True, True, True, False, True, False, True, False, True, True, True, True, True, False, False, True, False]"
20,0.854272874115634,"[True, True, True, True, True, False, True, True, True, True, True, True, True, True, True, True, True, True, False, True, True, True, False, True, False, False, True, True, True, True, True, True, True, True, False, True, False, False, True, False]"
20,0.9999980504907221,"[True, True, True, True, True, True, True, True, True, True, True, True, True, True, True, True, True, True, True, True, True, True, False, False, True, False, True, True, True, False, True, False, True, False, True, True, False, False, False, False]"
20,0.999635903465157,"[True, True, True, True, True, True, True, True, True, True, True, True, True, True, False, True, True, False, False, True, True, True, False, True, False, False, False, False, True, True, False, False, False, False, False, True, True, False, False, True]"
20,0.9999922266760195,"[True, True, True, True, True, True, True, True, True, True, True, True, True, True, True, True, True, True, True, True, False, False, True, False, True, True, True, True, False, True, False, True, False, True, False, True, True, True, True, False]"
20,0.9999929028535207,"[True, True, True, True, True, True, True, True, True, True, True, True, True, True, True, True, True, True, True, True, False, True, False, False, False, False, False, True, False, True, True, True, True, True, False, False, True, False, False, True]"
20,0.5230828500444362,"[True, True, True, False, True, True, True, True, True, True, True, False, True, True, True, True, True, True, False, True, False, True, True, True, True, False, False, True, False, True, True, True, True, False, True, False, False, True, True, False]"
20,0.9998219220034372,"[True, True, True, True, True, True, True, True, True, True, True, True, True, True, True, False, True, True, False, True, False, True, False, True, False, False, True, True, False, True, False, True, True, True, True, True, False, False, True, True]"
20,0.9999688739256896,"[True, True, True, True, True, True, True, True, True, True, True, True, True, True, True, True, True, True, False, False, True, False, True, True, True, True, False, False, False, True, True, True, False, True, False, False, False, False, True, True]"
20,0.5244160228700088,"[True, True, True, False, True, True, True, True, True, True, True, True, True, True, True, True, False, True, True, True, True, False, True, False, True, False, True, False, True, True, True, False, True, False, True, False, False, True, True, False]"
20,0.9999977641095698,"[True, True, True, True, True, True, True, True, True, True, True, True, True, True, True, True, True, True, True, True, True, True, False, False, False, False, True, True, True, True, True, True, True, False, True, True, False, False, False, False]"
20,0.9615964590538968,"[True, True, True, True, True, True, True, False, True, True, True, True, True, True, True, True, True, True, False, True, True, True, False, False, False, False, True, True, True, False, True, False, True, True, False, True, False, False, True, False]"
20,0.9999681291797813,"[True, True, True, True, True, True, True, True, True, True, True, True, True, True, True, True, True, True, False, False, True, False, True, False, True, False, False, False, False, True, True, True, False, True, True, False, False, False, True, True]"
20,0.9987769760717731,"[True, True, True, True, True, True, True, True, True, True, True, True, False, True, True, True, True, True, True, True, True, False, True, False, True, True, True, True, True, False, False, True, True, True, True, False, False, True, True, False]"
20,0.8542686432729499,"[True, True, True, True, True, False, True, True, True, True, True, True, True, True, True, True, True, True, False, True, False, True, False, True, False, False, False, True, False, False, False, True, True, True, True, True, False, False, True, False]"
20,0.9996926192101443,"[True, True, True, True, True, True, True, True, True, True, True, True, True, True, False, True, True, True, True, True, True, True, False, False, False, False, True, True, True, False, True, False, True, False, True, True, False, False, False, False]"
20,0.9987776849331691,"[True, True, True, True, True, True, True, True, True, True, True, True, False, True, True, True, True, True, True, True, True, True, False, False, False, False, True, False, True, False, True, False, True, False, True, True, False, False, False, False]"
20,0.524441286202612,"[True, True, True, False, True, True, True, True, True, True, True, True, True, True, True, True, True, True, False, False, False, True, True, False, False, True, True, True, False, False, True, True, True, False, False, True, False, False, False, True]"
20,0.9710788138778382,"[True, True, True, True, True, True, True, True, False, False, True, True, True, True, True, True, True, True, True, True, False, False, True, False, True, True, True, True, True, True, True, True, True, True, False, False, False, True, True, False]"
20,0.9999934946126261,"[True, True, True, True, True, True, True, True, True, True, True, True, True, True, True, True, True, True, True, True, False, True, False, True, False, False, False, True, False, True, False, True, True, True, True, True, False, False, True, False]"
20,0.2630732457262031,"[True, True, False, True, True, True, True, True, True, True, True, True, True, True, True, True, True, True, True, True, False, False, True, False, True, True, True, True, True, True, True, False, True, True, True, False, False, True, True, False]"
20,0.999965694725957,"[True, True, True, True, True, True, True, True, True, True, True, True, True, True, True, True, True, True, False, False, False, True, True, False, False, True, True, True, False, False, False, True, True, True, False, False, False, True, False, False]"
20,0.05631219416931986,"[True, False, True, True, True, True, True, True, True, True, True, True, True, True, True, True, True, True, True, False, False, False, True, False, False, True, True, True, True, True, True, False, False, False, True, True, False, True, True, False]"
20,0.5244559653175976,"[True, True, True, False, True, True, True, True, True, True, True, True, True, True, True, True, True, True, True, True, False, False, True, False, False, True, True, True, True, False, False, True, True, False, True, False, False, True, True, False]"
20,0.9965934770308508,"[True, True, True, True, True, True, True, True, True, True, True, False, True, False, False, True, True, False, True, False, False, True, False, False, False, False, False, False, False, True, False, True, True, True, False, True, True, False, False, True]"
20,0.9804659891423556,"[True, True, True, True, True, True, True, True, False, True, True, True, True, True, True, False, True, True, False, True, False, True, True, True, True, False, True, False, True, False, True, True, True, True, False, True, True, True, False, True]"
20,0.990243205743101,"[True, True, True, True, True, True, True, True, True, False, True, True, True, True, True, True, True, True, False, False, False, True, True, False, False, True, True, True, True, True, True, True, True, False, False, True, False, True, True, True]"
20,0.26307320005003787,"[True, True, False, True, True, True, True, True, True, True, True, True, True, True, True, True, True, True, True, True, False, False, True, False, True, False, True, True, True, True, False, True, True, False, True, False, False, True, True, False]"
20,0.9994946717978059,"[True, True, True, True, True, True, True, True, True, True, True, True, True, True, False, False, True, False, True, True, False, False, False, False, False, False, False, False, False, False, False, True, True, True, False, True, False, False, False, True]"
20,0.9996494296754224,"[True, True, True, True, True, True, True, True, True, True, True, True, True, True, False, True, True, False, True, True, False, False, True, True, True, False, True, True, True, True, True, True, False, True, True, False, True, True, True, False]"
20,0.8542856066481354,"[True, True, True, True, True, False, True, True, True, True, True, True, True, True, True, True, True, True, True, True, False, True, False, True, True, True, False, True, True, True, False, True, False, False, True, True, False, False, False, False]"
20,0.9999941866433084,"[True, True, True, True, True, True, True, True, True, True, True, True, True, True, True, True, True, True, True, True, False, True, True, False, False, False, True, True, True, True, True, True, False, False, True, False, True, True, False, False]"
20,0.9999747962595426,"[True, True, True, True, True, True, True, True, True, True, True, True, True, True, True, True, True, True, False, True, False, True, False, True, True, False, True, True, False, True, True, False, True, True, True, True, False, False, True, True]"
20,0.9999924508467279,"[True, True, True, True, True, True, True, True, True, True, True, True, True, True, True, True, True, True, True, True, False, False, True, True, False, True, False, True, False, True, False, True, True, False, True, False, False, True, True, False]"
20,0.9999874799573791,"[True, True, True, True, True, True, True, True, True, True, True, True, True, True, True, True, True, True, True, False, True, False, True, False, True, True, True, True, True, True, True, False, True, False, True, False, False, True, True, False]"
20,0.05631165568091727,"[True, False, True, True, True, True, True, True, True, True, True, True, True, True, True, True, True, True, False, True, False, True, True, False, False, True, True, True, False, True, False, True, True, True, True, False, False, True, False, False]"
20,0.9615540277245487,"[True, True, True, True, True, True, True, False, True, True, True, True, True, True, True, True, True, False, False, True, False, False, True, False, False, True, True, True, True, True, False, False, True, False, False, True, False, True, False, False]"
20,0.9951037044067361,"[True, True, True, True, True, True, True, True, True, True, False, True, True, True, True, True, True, True, False, True, False, True, True, True, False, False, True, True, True, False, False, True, False, False, True, False, False, True, True, False]"
20,0.7279579988390412,"[True, True, True, True, False, True, True, True, True, True, True, True, True, True, True, True, True, True, False, True, False, True, True, True, False, True, True, True, False, True, False, True, True, True, False, False, False, True, False, False]"
20,0.0009765563678647641,"[False, True, True, True, True, True, True, True, True, True, True, True, True, True, True, True, True, True, True, True, True, False, True, False, True, False, True, True, True, False, True, True, True, False, False, False, False, True, True, False]"
20,0.9993846357420356,"[True, True, True, True, True, True, True, True, True, True, True, True, True, False, True, True, True, True, True, True, False, True, True, True, False, True, False, False, True, True, False, True, True, True, False, True, True, False, False, False]"
20,0.9222240398541076,"[True, True, True, True, True, True, False, True, True, True, True, False, True, True, True, True, True, False, False, False, False, True, False, False, False, False, True, True, False, True, False, True, True, False, True, True, False, False, True, False]"
20,0.8843724423372177,"[True, True, True, True, True, True, False, False, True, True, False, True, True, True, True, True, True, False, True, False, False, True, False, False, False, False, False, False, False, True, False, True, True, True, False, True, True, False, False, True]"
20,0.9805780691642738,"[True, True, True, True, True, True, True, True, False, True, True, True, True, True, True, True, True, False, False, True, False, True, True, True, False, False, False, True, False, False, False, True, True, False, True, False, False, True, True, False]"
step,fitness,genome
21,0.7279582391614119,"[True, True, True, True, False, True, True, True, True, True, True, True, True, True, True, True, True, True, False, True, False, True, True, True, True, True, True, True, True, True, True, True, False, False, True, False, False, False, False, False]"
21,0.9806331284318712,"[True, True, True, True, True, True, True, True, False, True, True, True, True, True, True, True, True, True, True, True, False, True, False, True, False, False, False, True, False, True, False, True, True, True, True, True, False, False, True, False]"
21,0.9951017505148124,"[True, True, True, True, True, True, True, True, True, True, False, True, True, True, True, True, True, True, False, True, False, False, True, True, True, True, True, False, True, True, True, False, False, False, True, True, True, True, True, False]"
21,0.9999825411767378,"[True, True, True, True, True, True, True, True, True, True, True, True, True, True, True, True, True, True, True, False, False, False, True, False, True, False, True, True, False, True, False, True, False, True, True, False, True, True, True, False]"
21,0.0009717564283400884,"[False, True, True, True, True, True, True, True, True, True, True, False, True, True, True, True, True, True, False, True, False, True, True, False, False, True, True, True, False, False, False, True, True, True, False, False, False, True, False, False]"
21,0.21969159767722998,"[True, True, False, True, True, False, True, True, True, True, True, True, True, True, True, True, True, True, False, True, False, False, True, False, False, True, True, True, True, True, False, True, True, True, True, True, False, False, False, False]"
21,0.9877019519563918,"[True, True, True, True, True, True, True, True, True, False, True, False, True, True, True, False, True, True, True, True, False, True, False, False, False, False, True, True, False, True, True, True, True, True, False, False, True, False, False, True]"
21,0.9951221145186006,"[True, True, True, True, True, True, True, True, True, True, False, True, True, True, True, True, True, True, True, True, False, True, True, False, False, False, True, True, True, True, True, True, False, False, True, False, True, True, False, False]"
21,0.9245599271036467,"[True, True, True, True, True, True, False, True, True, True, True, True, True, True, True, True, True, True, True, True, False, True, True, False, True, False, False, True, True, True, True, False, True, True, True, False, False, False, True, False]"
21,0.7279094569882879,"[True, True, True, True, False, True, True, True, True, True, True, True, True, True, True, True, False, True, True, False, True, False, True, True, False, False, False, True, False, True, False, False, False, False, True, True, False, True, False, False]"
21,0.7279725684195564,"[True, True, True, True, False, True, True, True, True, True, True, True, True, True, True, True, True, True, True, True, False, True, True, True, True, True, True, True, True, True, False, True, False, False, True, False, False, False, False, False]"
21,0.924549771132596,"[True, True, True, True, True, True, False, True, True, True, True, True, True, True, True, True, True, True, True, False, False, True, False, False, False, True, False, True, False, True, False, True, True, True, False, True, True, False, False, True]"
21,0.9984531356821711,"[True, True, True, True, True, True, True, True, True, True, True, True, False, True, False, True, True, True, False, True, True, False, True, False, True, True, True, True, True, False, True, True, True, True, True, False, True, False, True, False]"
21,0.9999545463399616,"[True, True, True, True, True, True, True, True, True, True, True, True, True, True, True, True, True, False, True, True, False, False, True, True, True, False, True, True, True, True, False, True, False, True, True, False, False, True, True, False]"
21,0.6187217406733383,"[True, True, True, True, False, False, True, True, True, True, True, True, True, True, True, True, True, True, True, True, False, True, False, False, False, False, False, True, False, True, True, True, True, True, True, False, True, False, False, False]"
21,0.9999826163362014,"[True, True, True, True, True, True, True, True, True, True, True, True, True, True, True, True, True, True, True, False, False, False, True, False, True, True, False, True, False, True, False, True, True, False, True, True, False, True, True, False]"
21,0.9999854471887263,"[True, True, True, True, True, True, True, True, True, True, True, True, True, True, True, True, True, True, True, False, False, True, True, True, True, False, False, True, False, True, False, True, True, False, False, True, False, False, True, False]"
21,0.9806237014807467,"[True, True, True, True, True, True, True, True, False, True, True, True, True, True, True, True, True, True, True, False, False, True, False, False, True, True, True, True, True, True, False, True, False, False, True, True, False, False, False, False]"
21,0.999979527280976,"[True, True, True, True, True, True, True, True, True, True, True, True, True, True, True, True, True, True, False, True, True, True, False, True, True, False, True, False, False, True, True, False, True, True, True, True, False, False, True, True]"
21,0.056302294682771294,"[True, False, True, True, True, True, True, True, True, True, True, True, True, True, True, True, False, False, False, False, False, True, False, True, False, True, False, False, False, True, False, True, True, True, False, True, True, False, False, True]"
21,0.9987734689651921,"[True, True, True, True, True, True, True, True, True, True, True, True, False, True, True, True, True, True, True, True, False, True, False, True, False, False, False, True, False, True, False, True, True, True, True, True, False, False, True, False]"
21,0.8542136453284809,"[True, True, True, True, True, False, True, True, True, True, True, True, True, True, True, True, False, True, True, False, True, False, True, False, True, False, True, True, True, True, True, False, False, False, True, True, False, True, True, False]"
21,0.9999736354711074,"[True, True, True, True, True, True, True, True, True, True, True, True, True, True, True, True, True, True, False, True, False, False, True, True, True, True, False, False, False, True, False, False, False, True, True, False, False, False, True, False]"
21,0.9999045416451348,"[True, True, True, True, True, True, True, True, True, True, True, True, True, True, True, True, False, True, False, True, True, True, True, True, True, True, False, True, False, True, True, True, False, False, True, False, True, True, True, True]"
21,0.9999453649588431,"[True, True, True, True, True, True, True, True, True, True, True, True, True, True, True, True, True, False, True, False, False, True, False, False, False, True, False, True, False, True, False, True, True, True, False, True, True, False, False, True]"
21,0.0009670259069141926,"[False, True, True, True, True, True, True, True, True, True, False, True, True, True, True, True, True, True, False, True, True, False, True, True, True, True, True, False, False, True, True, True, True, True, True, False, False, False, True, True]"
21,0.9996883048964171,"[True, True, True, True, True, True, True, True, True, True, True, True, True, True, False, True, True, True, True, True, False, True, False, False, True, True, True, True, True, True, False, True, False, False, True, True, False, False, False, False]"
21,0.9999728565076521,"[True, True, True, True, True, True, True, True, True, True, True, True, True, True, True, True, True, True, False, True, False, False, True, False, False, True, True, True, False, True, False, True, True, True, False, True, False, False, False, False]"
21,0.9895907524399662,"[True, True, True, True, True, True, True, True, True, False, True, True, True, False, True, True, False, True, True, True, False, True, False, True, True, True, False, True, False, True, False, True, False, True, True, True, False, False, True, False]"
21,0.999993287967564,"[True, True, True, True, True, True, True, True, True, True, True, True, True, True, True, True, True, True, True, True, False, True, False, False, True, False, True, True, True, True, False, True, False, False, True, True, False, False, False, True]"
21,0.9999684271944967,"[True, True, True, True, True, True, True, True, True, True, True, True, True, True, True, True, True, True, False, False, True, False, True, True, False, False, False, False, False, True, True, True, False, True, True, False, False, False, True, True]"
21,0.99754402395854,"[True, True, True, True, True, True, True, True, True, True, True, False, True, True, True, True, True, True, True, False, False, False, True, False, True, True, True, True, True, True, True, False, True, False, True, True, False, True, True, False]"
21,0.8542136452022022,"[True, True, True, True, True, False, True, True, True, True, True, True, True, True, True, True, False, True, True, False, True, False, True, False, True, False, True, True, True, True, True, False, False, False, True, False, False, True, True, False]"
21,0.0009765473177708266,"[False, True, True, True, True, True, True, True, True, True, True, True, True, True, True, True, True, True, True, True, False, False, True, False, True, True, True, True, False, True, False, True, False, True, False, True, True, True, True, False]"
21,0.0007109046676325604,"[False, True, True, True, True, False, True, True, True, True, True, True, True, True, True, True, True, True, True, True, False, True, False, True, False, False, False, True, False, True, False, True, True, True, True, True, False, True, False, False]"
21,0.9993820469932737,"[True, True, True, True, True, True, True, True, True, True, True, True, True, False, True, True, True, True, True, True, False, False, True, False, True, True, True, True, False, True, False, True, False, True, False, True, True, True, True, False]"
21,0.050050999669989715,"[True, False, True, True, True, True, False, True, True, False, True, True, True, True, True, True, True, True, True, True, False, False, False, False, False, True, True, False, True, True, True, False, True, True, True, True, False, False, False, False]"
21,0.9996940866385411,"[True, True, True, True, True, True, True, True, True, True, True, True, True, True, False, True, True, True, True, True, True, True, True, False, True, False, True, True, False, False, False, True, False, False, False, True, True, True, True, False]"
21,0.2626524343010026,"[True, True, False, True, True, True, True, True, True, True, True, True, False, True, True, False, True, True, False, False, False, True, False, True, False, False, False, True, False, True, False, True, True, True, True, True, False, False, True, True]"
21,0.999898206330926,"[True, True, True, True, True, True, True, True, True, True, True, True, True, True, True, True, False, True, False, True, False, True, False, True, False, False, True, True, False, True, False, True, True, True, True, True, False, False, True, False]"
21,0.9999638415892201,"[True, True, True, True, True, True, True, True, True, True, True, True, True, True, True, True, True, True, False, False, False, False, True, True, False, True, False, True, False, True, False, True, True, True, False, True, False, False, True, True]"
21,0.8540257964547863,"[True, True, True, True, True, False, True, True, True, True, True, True, True, True, False, True, True, True, True, True, True, True, True, True, True, False, False, False, False, True, True, True, True, False, True, False, False, False, True, False]"
21,9.536446638136727e-07,"[False, False, True, True, True, True, True, True, True, True, True, True, True, True, True, True, True, True, True, True, False, False, True, False, True, True, True, True, False, True, False, True, False, True, False, True, True, True, True, False]"
21,0.9245493000353388,"[True, True, True, True, True, True, False, True, True, True, True, True, True, True, True, True, True, True, True, False, False, False, True, True, False, True, True, True, True, True, False, False, True, False, True, True, False, True, True, False]"
21,0.9999728751336487,"[True, True, True, True, True, True, True, True, True, True, True, True, True, True, True, True, True, True, False, True, False, False, True, False, False, True, True, True, True, True, False, True, True, True, False, True, False, False, False, False]"
21,0.98056277982532,"[True, True, True, True, True, True, True, True, False, True, True, True, True, True, True, True, False, True, True, True, True, True, False, False, True, True, True, True, False, True, False, True, True, True, True, True, False, False, False, False]"
21,0.9993878676096386,"[True, True, True, True, True, True, True, True, True, True, True, True, True, False, True, True, True, True, True, True, True, True, False, False, True, False, True, True, True, False, True, False, True, False, True, True, False, False, False, False]"
21,0.9948014328010153,"[True, True, True, True, True, True, True, True, True, True, False, True, True, True, False, True, True, True, False, True, True, False, False, True, True, True, False, False, False, True, True, True, True, True, True, False, False, False, True, True]"
21,0.9999924508467279,"[True, True, True, True, True, True, True, True, True, True, True, True, True, True, True, True, True, True, True, True, False, False, True, True, False, True, False, True, False, True, False, True, True, False, True, False, False, True, True, False]"
21,0.5108650877320194,"[True, True, True, False, True, True, True, True, False, True, False, True, True, True, True, False, True, True, False, True, False, True, True, True, True, False, True, False, True, False, True, True, True, True, False, True, True, True, False, True]"
21,0.9475428807870748,"[True, True, True, True, True, True, True, False, True, False, False, True, True, True, True, True, True, True, False, True, False, False, True, False, False, True, False, False, True, True, False, False, True, False, False, True, False, True, False, True]"
21,0.9996359046380207,"[True, True, True, True, True, True, True, True, True, True, True, True, True, True, False, True, True, False, False, True, True, True, False, True, False, False, False, False, True, True, False, False, True, False, False, True, True, False, True, False]"
21,0.18278915117818512,"[True, True, False, True, False, True, True, True, True, True, True, True, True, True, False, True, True, False, False, True, True, True, False, True, False, False, False, False, True, True, False, False, False, False, False, True, True, True, False, True]"
21,0.9999950805995231,"[True, True, True, True, True, True, True, True, True, True, True, True, True, True, True, True, True, True, True, True, False, True, True, True, True, False, True, True, True, True, True, True, False, False, True, False, False, False, False, False]"
21,0.990270441835733,"[True, True, True, True, True, True, True, True, True, False, True, True, True, True, True, True, True, True, True, True, False, True, False, False, True, False, False, True, True, False, False, False, True, True, True, True, False, False, False, False]"
21,0.2601507015705007,"[True, True, False, True, True, True, True, True, True, False, True, True, True, True, True, True, True, True, True, False, True, True, False, False, False, True, True, True, False, True, True, True, False, True, False, True, True, False, False, True]"
21,0.03676265591842808,"[True, False, True, True, False, True, True, True, True, True, True, True, True, False, True, True, True, True, True, True, False, True, True, True, True, True, True, True, True, True, False, True, False, False, False, True, False, False, False, False]"
21,0.996517568189439,"[True, True, True, True, True, True, True, True, True, True, True, False, True, False, False, True, False, False, True, False, False, True, False, False, False, True, False, False, False, True, False, True, True, True, False, True, True, False, False, True]"
21,0.9997081380705347,"[True, True, True, True, True, True, True, True, True, True, True, True, True, True, True, False, False, False, False, True, False, True, True, False, False, True, False, False, False, True, False, True, True, True, False, False, True, False, False, True]"
21,0.9999924509922461,"[True, True, True, True, True, True, True, True, True, True, True, True, True, True, True, True, True, True, True, True, False, False, True, True, False, True, False, True, False, True, False, True, True, False, True, True, False, True, True, False]"
21,0.999203752916956,"[True, True, True, True, True, True, True, True, True, True, True, True, True, False, True, False, True, True, False, False, False, True, True, True, True, False, True, False, False, False, True, True, True, True, True, False, False, False, False, True]"
21,0.999993049535899,"[True, True, True, True, True, True, True, True, True, True, True, True, True, True, True, True, True, True, True, True, False, True, False, False, False, True, False, True, False, True, True, False, True, True, False, False, True, False, False, True]"
21,0.9998965575875082,"[True, True, True, True, True, True, True, True, True, True, True, True, True, True, True, True, False, True, False, True, False, False, True, False, False, True, True, True, False, False, False, True, True, True, False, False, False, False, False, False]"
21,0.9999761517132411,"[True, True, True, True, True, True, True, True, True, True, True, True, True, True, True, True, True, True, False, True, False, True, True, True, True, True, True, True, True, True, False, True, False, False, True, False, False, False, False, False]"
21,0.9998997736116013,"[True, True, True, True, True, True, True, True, True, True, True, True, True, True, True, True, False, True, False, True, False, True, True, True, True, True, False, True, False, True, True, True, False, False, True, False, False, True, True, False]"
21,0.9999364529395427,"[True, True, True, True, True, True, True, True, True, True, True, True, True, True, True, True, True, False, False, True, False, True, False, True, False, True, True, False, False, False, False, True, True, True, True, True, False, True, True, False]"
21,0.9999728565076521,"[True, True, True, True, True, True, True, True, True, True, True, True, True, True, True, True, True, True, False, True, False, False, True, False, False, True, True, True, False, True, False, True, True, True, False, True, False, False, False, False]"
21,0.9993875814039417,"[True, True, True, True, True, True, True, True, True, True, True, True, True, False, True, True, True, True, True, True, True, True, False, False, False, False, True, True, True, True, True, True, True, False, True, True, False, False, True, False]"
21,0.9999981948636671,"[True, True, True, True, True, True, True, True, True, True, True, True, True, True, True, True, True, True, True, True, True, True, False, False, True, True, True, True, True, False, False, False, True, False, True, True, False, False, True, False]"
21,0.9999956476852935,"[True, True, True, True, True, True, True, True, True, True, True, True, True, True, True, True, True, True, True, True, True, False, False, False, True, False, True, True, False, False, True, False, True, False, True, True, False, False, False, False]"
21,0.9999952249538924,"[True, True, True, True, True, True, True, True, True, True, True, True, True, True, True, True, True, True, True, True, False, True, True, True, True, True, True, True, True, True, False, True, False, False, True, False, False, False, False, False]"
21,0.9615371111773959,"[True, True, True, True, True, True, True, False, True, True, True, True, True, True, True, True, False, True, True, True, False, True, False, True, False, False, False, True, False, True, False, True, True, True, True, True, True, False, True, True]"
21,0.44331155833973207,"[True, True, True, False, True, False, True, True, True, True, True, True, True, True, True, True, True, True, False, True, False, True, True, True, True, False, True, False, True, True, False, True, True, True, True, True, False, False, False, True]"
21,0.9996113471165535,"[True, True, True, True, True, True, True, True, True, True, True, True, True, True, False, True, False, True, True, True, False, False, True, True, True, True, False, True, False, True, False, True, True, False, True, False, False, True, True, True]"
21,0.7133457786298618,"[True, True, True, True, False, True, True, True, False, True, True, True, True, True, True, True, False, False, True, True, True, True, False, False, True, False, True, True, True, False, True, False, True, False, True, True, False, False, False, False]"
21,0.9999934369691909,"[True, True, True, True, True, True, True, True, True, True, True, True, True, True, True, True, True, True, True, True, False, True, False, False, True, True, True, True, True, True, False, True, False, False, True, True, False, False, False, False]"
21,0.9975294617380863,"[True, True, True, True, True, True, True, True, True, True, True, False, True, True, True, True, True, True, False, False, True, False, True, False, True, False, False, False, False, False, True, False, False, True, True, False, False, False, True, True]"
21,0.9999134256528481,"[True, True, True, True, True, True, True, True, True, True, True, True, True, True, True, True, False, True, True, False, True, True, True, False, True, False, True, True, True, True, True, True, False, False, True, False, False, True, True, False]"
21,0.994968441095343,"[True, True, True, True, True, True, True, True, True, True, False, True, True, True, True, False, True, True, True, True, False, False, True, True, False, True, False, False, False, True, False, True, False, False, True, True, True, False, True, False]"
21,0.9993808745255169,"[True, True, True, True, True, True, True, True, True, True, True, True, True, False, True, True, True, True, True, True, False, False, False, False, True, True, True, True, True, True, False, True, True, False, False, False, False, True, False, False]"
21,0.7732197202809935,"[True, True, True, True, True, False, False, True, False, True, True, True, True, True, True, True, True, True, True, True, False, True, False, False, True, True, True, True, True, True, False, True, False, False, False, True, False, False, False, False]"
21,0.05594181554038001,"[True, False, True, True, True, True, True, True, True, True, False, True, True, True, True, True, False, True, True, True, False, True, False, True, True, True, False, True, False, True, False, True, True, True, True, True, False, False, True, True]"
21,0.9996774849074135,"[True, True, True, True, True, True, True, True, True, True, True, True, True, True, False, True, True, True, True, False, False, False, True, False, True, True, False, True, False, True, False, False, True, False, True, True, False, True, True, False]"
21,0.9999952249538924,"[True, True, True, True, True, True, True, True, True, True, True, True, True, True, True, True, True, True, True, True, False, True, True, True, True, True, True, True, True, True, False, True, False, False, True, False, False, False, False, False]"
21,0.7277408042801746,"[True, True, True, True, False, True, True, True, True, True, True, True, True, True, False, True, True, True, True, True, False, False, True, False, False, True, True, True, True, False, False, False, True, False, True, True, False, True, False, False]"
21,0.9999349624549253,"[True, True, True, True, True, True, True, True, True, True, True, True, True, True, True, True, True, False, False, True, False, False, True, False, True, True, True, False, False, False, False, True, True, True, False, False, False, True, False, False]"
21,0.0009576065846815228,"[False, True, True, True, True, True, True, True, True, False, True, True, True, True, True, True, True, True, False, True, False, True, False, False, True, True, True, True, True, True, False, True, False, False, True, True, False, False, False, False]"
21,0.9999553485181408,"[True, True, True, True, True, True, True, True, True, True, True, True, True, True, True, True, True, False, True, True, False, True, False, True, False, False, False, True, False, True, False, True, True, True, True, True, False, False, True, False]"
21,0.05631138714317367,"[True, False, True, True, True, True, True, True, True, True, True, True, True, True, True, True, True, True, False, True, False, False, False, False, False, True, True, True, False, True, False, True, True, True, False, False, False, False, True, True]"
21,0.2630509358856286,"[True, True, False, True, True, True, True, True, True, True, True, True, True, True, True, True, False, True, True, True, False, True, True, False, False, True, True, True, True, True, True, True, False, True, False, False, True, True, False, False]"
21,0.7279581286297883,"[True, True, True, True, False, True, True, True, True, True, True, True, True, True, True, True, True, True, False, True, False, True, True, True, True, False, True, True, True, True, True, True, True, True, True, True, False, False, True, True]"
21,0.99997595105575,"[True, True, True, True, True, True, True, True, True, True, True, True, True, True, True, True, True, True, False, True, False, True, True, True, True, False, True, False, False, True, True, False, True, True, True, True, False, False, False, True]"
21,0.9998222199789364,"[True, True, True, True, True, True, True, True, True, True, True, True, True, True, True, False, True, True, False, True, False, True, False, True, True, False, True, True, False, True, False, True, True, True, True, True, False, False, True, True]"
21,0.9999652597736305,"[True, True, True, True, True, True, True, True, True, True, True, True, True, True, True, True, True, True, False, False, False, True, False, True, True, False, True, True, False, True, True, False, True, True, True, True, False, False, True, True]"
21,0.9999728396642219,"[True, True, True, True, True, True, True, True, True, True, True, True, True, True, True, True, True, True, False, True, False, False, True, False, False, True, True, False, True, True, True, False, True, False, False, True, False, True, False, False]"
21,0.9993657731849328,"[True, True, True, True, True, True, True, True, True, True, True, True, True, False, True, True, True, True, False, True, False, True, True, True, True, False, True, False, False, False, True, True, True, True, True, False, False, False, False, True]"
21,0.9998258374486101,"[True, True, True, True, True, True, True, True, True, True, True, True, True, True, True, False, True, True, False, True, True, False, True, True, True, True, False, False, False, True, True, True, True, True, True, False, False, False, True, True]"
21,0.9245331695318516,"[True, True, True, True, True, True, False, True, True, True, True, True, True, True, True, True, True, True, False, False, False, True, True, False, False, True, True, True, False, False, False, True, True, True, False, True, False, True, False, False]"
21,0.8542859342083337,"[True, True, True, True, True, False, True, True, True, True, True, True, True, True, True, True, True, True, True, True, False, True, True, False, False, True, True, True, True, True, True, True, False, True, False, False, True, True, False, False]"
21,0.9996925819766402,"[True, True, True, True, True, True, True, True, True, True, True, True, True, True, False, True, True, True, True, True, True, True, False, False, False, False, True, False, True, False, True, False, True, False, True, True, False, False, False, True]"
step,fitness,genome
22,0.9951221665124667,"[True, True, True, True, True, True, True, True, True, True, False, True, True, True, True, True, True, True, True, True, False, True, True, False, False, True, False, True, False, True, False, True, True, False, False, True, True, False, True, False]"
22,0.2630729545380375,"[True, True, False, True, True, True, True, True, True, True, True, True, True, True, True, True, True, True, True, True, False, False, False, True, False, True, False, True, True, True, True, False, True, True, True, False, True, True, False, True]"
22,0.9234230558430578,"[True, True, True, True, True, True, False, True, True, True, True, True, False, True, True, True, True, True, True, True, False, True, True, False, True, False, False, True, True, True, True, False, True, True, False, False, False, False, True, False]"
22,0.9616001848292051,"[True, True, True, True, True, True, True, False, True, True, True, True, True, True, True, True, True, True, True, False, False, False, True, False, True, False, True, True, False, True, False, False, False, True, True, False, True, True, True, False]"
22,0.9999951510304832,"[True, True, True, True, True, True, True, True, True, True, True, True, True, True, True, True, True, True, True, True, False, True, True, True, True, True, False, True, True, True, False, True, False, True, True, False, False, False, False, False]"
22,0.9999855263501111,"[True, True, True, True, True, True, True, True, True, True, True, True, True, True, True, True, True, True, True, False, False, True, True, True, True, False, True, True, False, True, True, True, True, False, False, True, False, False, True, False]"
22,0.9999531132905205,"[True, True, True, True, True, True, True, True, True, True, True, True, True, True, True, True, True, False, True, True, False, False, False, True, False, True, False, True, False, True, False, True, True, True, True, False, False, False, True, False]"
22,0.9245229742822191,"[True, True, True, True, True, True, False, True, True, True, True, True, True, True, True, True, True, False, True, True, False, True, False, False, False, False, False, True, False, True, True, False, True, False, False, True, False, False, False, True]"
22,0.999993287967564,"[True, True, True, True, True, True, True, True, True, True, True, True, True, True, True, True, True, True, True, True, False, True, False, False, True, False, True, True, True, True, False, True, False, False, True, True, False, False, False, True]"
22,0.9998921380272513,"[True, True, True, True, True, True, True, True, True, True, True, True, True, True, True, True, False, True, False, False, True, False, True, True, False, False, False, False, False, True, True, True, False, True, True, False, False, False, True, False]"
22,0.9245584566344893,"[True, True, True, True, True, True, False, True, True, True, True, True, True, True, True, True, True, True, True, True, False, False, True, True, True, True, True, True, True, False, False, True, False, False, True, False, False, False, False, False]"
22,0.05594455156110053,"[True, False, True, True, True, True, True, True, True, True, False, True, True, True, True, True, True, False, True, True, False, False, True, True, False, True, False, True, False, True, False, True, True, False, True, False, False, True, True, False]"
22,0.9244029124954284,"[True, True, True, True, True, True, False, True, True, True, True, True, True, True, True, False, True, True, False, True, True, False, True, True, True, True, True, False, False, True, True, True, False, True, True, False, False, False, True, True]"
22,0.9999927680399903,"[True, True, True, True, True, True, True, True, True, True, True, True, True, True, True, True, True, True, True, True, False, False, True, True, True, True, False, True, True, True, False, True, True, True, True, False, False, False, True, False]"
22,0.9999922926684954,"[True, True, True, True, True, True, True, True, True, True, True, True, True, True, True, True, True, True, True, True, False, False, True, True, False, False, False, True, False, False, False, True, True, False, True, True, False, True, True, False]"
22,0.9975231956693019,"[True, True, True, True, True, True, True, True, True, True, True, False, True, True, True, True, True, False, True, True, True, True, True, True, True, True, True, True, True, False, False, True, False, False, True, False, False, False, False, False]"
22,0.9999795645331933,"[True, True, True, True, True, True, True, True, True, True, True, True, True, True, True, True, True, True, False, True, True, True, False, True, True, False, True, True, False, True, True, False, True, True, True, True, False, False, True, True]"
22,0.9999453277259616,"[True, True, True, True, True, True, True, True, True, True, True, True, True, True, True, True, True, False, True, False, False, True, False, False, False, True, False, False, False, True, False, True, True, True, False, True, True, False, True, True]"
22,0.9975564730590564,"[True, True, True, True, True, True, True, True, True, True, True, False, True, True, True, True, True, True, True, True, False, True, True, True, True, True, True, False, True, True, False, True, False, True, True, False, False, False, False, False]"
22,0.9993579877458116,"[True, True, True, True, True, True, True, True, True, True, True, True, True, False, True, True, True, True, False, False, True, False, True, False, True, False, False, True, False, False, True, False, False, False, True, False, False, False, True, True]"
22,0.9993808745346069,"[True, True, True, True, True, True, True, True, True, True, True, True, True, False, True, True, True, True, True, True, False, False, False, False, True, True, True, True, True, True, False, True, True, False, False, False, False, True, False, True]"
22,0.9999716830795893,"[True, True, True, True, True, True, True, True, True, True, True, True, True, True, True, True, True, True, False, True, False, False, False, False, False, True, True, True, True, True, False, True, True, True, False, True, False, False, False, True]"
22,0.999972856544031,"[True, True, True, True, True, True, True, True, True, True, True, True, True, True, True, True, True, True, False, True, False, False, True, False, False, True, True, True, False, True, False, True, True, True, False, True, False, True, False, False]"
22,0.5244507502059351,"[True, True, True, False, True, True, True, True, True, True, True, True, True, True, True, True, True, True, True, False, False, False, True, False, True, True, False, True, False, True, False, True, True, False, True, True, False, True, True, False]"
22,0.9993577021113768,"[True, True, True, True, True, True, True, True, True, True, True, True, True, False, True, True, True, True, False, False, True, False, True, False, False, False, False, True, False, True, True, True, False, True, True, False, False, False, True, True]"
22,0.9992301122645044,"[True, True, True, True, True, True, True, True, True, True, True, True, True, False, True, False, True, True, True, True, False, False, True, True, True, True, True, False, False, True, False, True, False, False, False, True, True, True, True, False]"
22,0.9948790758642098,"[True, True, True, True, True, True, True, True, True, True, False, True, True, True, True, False, False, True, False, True, True, True, False, False, True, False, True, False, False, True, True, False, True, True, True, True, False, False, True, True]"
22,0.5244255555632272,"[True, True, True, False, True, True, True, True, True, True, True, True, True, True, True, True, True, False, False, True, False, True, True, True, False, True, False, False, False, True, False, True, True, True, False, True, True, False, False, True]"
22,0.0009765508090859061,"[False, True, True, True, True, True, True, True, True, True, True, True, True, True, True, True, True, True, True, True, False, True, False, True, True, True, True, True, False, True, False, True, False, False, True, False, False, False, False, False]"
22,0.9616140087712876,"[True, True, True, True, True, True, True, False, True, True, True, True, True, True, True, True, True, True, True, True, True, False, True, False, True, False, True, True, True, False, True, False, True, False, True, True, False, False, True, False]"
22,0.9943812505408294,"[True, True, True, True, True, True, True, True, True, True, False, True, True, False, True, True, False, False, False, True, False, True, False, True, False, True, True, False, False, False, False, True, True, True, True, True, False, True, True, True]"
22,0.9987654292152902,"[True, True, True, True, True, True, True, True, True, True, True, True, False, True, True, True, True, True, True, False, False, True, True, True, True, False, False, True, False, True, False, True, False, False, False, True, False, False, True, False]"
22,0.9995922804656813,"[True, True, True, True, True, True, True, True, True, True, True, True, True, True, False, True, False, True, False, True, False, False, True, True, True, True, False, True, False, True, False, True, True, False, True, False, False, True, True, True]"
22,0.9999545463399616,"[True, True, True, True, True, True, True, True, True, True, True, True, True, True, True, True, True, False, True, True, False, False, True, True, True, False, True, True, True, True, False, True, False, True, True, False, False, True, True, False]"
22,5.4990158245198074e-05,"[False, True, False, True, True, True, True, True, True, True, True, True, True, True, True, True, True, True, False, True, False, True, True, True, True, True, False, True, True, True, False, False, False, True, True, False, False, False, True, False]"
22,0.0009765482579837534,"[False, True, True, True, True, True, True, True, True, True, True, True, True, True, True, True, True, True, True, True, False, False, True, True, True, True, False, False, False, True, False, False, False, False, True, False, False, False, False, False]"
22,0.9999927080864914,"[True, True, True, True, True, True, True, True, True, True, True, True, True, True, True, True, True, True, True, True, False, False, True, True, True, True, False, False, False, True, False, False, False, False, True, False, False, False, True, False]"
22,0.9999952257542443,"[True, True, True, True, True, True, True, True, True, True, True, True, True, True, True, True, True, True, True, True, False, True, True, True, True, True, True, True, True, True, False, True, False, True, True, True, True, False, False, False]"
22,0.9992880782827737,"[True, True, True, True, True, True, True, True, True, True, True, True, True, False, True, True, False, True, False, True, False, True, False, True, False, False, True, True, False, True, False, True, True, True, True, True, False, False, True, False]"
22,0.8531803224371792,"[True, True, True, True, True, False, True, True, True, True, True, True, False, True, True, True, True, False, False, True, True, False, True, True, True, True, True, False, False, False, False, True, True, True, False, False, False, True, False, False]"
22,0.7278434742872449,"[True, True, True, True, False, True, True, True, True, True, True, True, True, True, True, False, True, True, False, True, False, True, True, True, True, False, True, True, True, True, True, True, False, False, True, False, False, False, False, False]"
22,0.9999933810901679,"[True, True, True, True, True, True, True, True, True, True, True, True, True, True, True, True, True, True, True, True, False, True, False, False, True, True, True, False, False, True, False, True, False, False, True, True, False, False, False, False]"
22,0.9902704233724657,"[True, True, True, True, True, True, True, True, True, False, True, True, True, True, True, True, True, True, True, True, False, True, False, False, True, False, False, True, False, False, False, False, True, True, True, True, False, False, False, False]"
22,0.9999957966963318,"[True, True, True, True, True, True, True, True, True, True, True, True, True, True, True, True, True, True, True, True, True, False, False, False, True, True, True, True, False, False, True, False, True, False, True, True, False, False, False, False]"
22,0.9999924508467279,"[True, True, True, True, True, True, True, True, True, True, True, True, True, True, True, True, True, True, True, True, False, False, True, True, False, True, False, True, False, True, False, True, True, False, True, False, False, True, True, False]"
22,0.52445625186802,"[True, True, True, False, True, True, True, True, True, True, True, True, True, True, True, True, True, True, True, True, False, False, True, True, False, True, False, True, False, True, False, True, True, False, True, False, False, True, True, False]"
22,0.9497449113449878,"[True, True, True, True, True, True, True, False, True, False, True, False, True, True, True, False, True, True, True, True, False, True, False, False, False, False, True, True, False, True, True, True, True, True, False, False, True, False, False, True]"
22,0.9999652783994998,"[True, True, True, True, True, True, True, True, True, True, True, True, True, True, True, True, True, True, False, False, False, True, False, True, True, False, True, True, True, True, True, False, True, True, True, True, False, False, True, True]"
22,0.26288866593261406,"[True, True, False, True, True, True, True, True, True, True, True, True, True, False, True, True, True, True, True, False, True, True, False, False, True, False, True, False, True, True, False, False, True, True, True, True, False, False, False, False]"
22,0.0009712075341747524,"[False, True, True, True, True, True, True, True, True, True, True, False, True, True, False, True, True, True, True, True, True, True, False, False, True, False, True, True, True, False, True, False, True, False, True, True, False, False, True, False]"
22,0.9806377467038263,"[True, True, True, True, True, True, True, True, False, True, True, True, True, True, True, True, True, True, True, True, True, True, False, False, True, True, True, True, True, False, False, False, True, False, True, True, False, False, True, False]"
22,0.9245427180274349,"[True, True, True, True, True, True, False, True, True, True, True, True, True, True, True, True, True, True, False, True, False, True, True, True, True, False, True, False, False, False, True, False, True, True, True, True, False, False, False, True]"
22,0.9999747590074851,"[True, True, True, True, True, True, True, True, True, True, True, True, True, True, True, True, True, True, False, True, False, True, False, True, True, False, True, False, False, True, True, False, True, True, True, True, False, False, True, True]"
22,0.7279607721460458,"[True, True, True, True, False, True, True, True, True, True, True, True, True, True, True, True, True, True, False, True, True, True, False, True, True, False, True, False, False, True, True, False, True, True, True, False, False, False, True, False]"
22,0.9997081369066874,"[True, True, True, True, True, True, True, True, True, True, True, True, True, True, True, False, False, False, False, True, False, True, True, False, False, True, False, False, False, True, False, True, False, True, False, False, True, False, False, True]"
22,0.9999814242625961,"[True, True, True, True, True, True, True, True, True, True, True, True, True, True, True, True, True, True, True, False, False, False, False, False, True, True, False, True, False, True, False, True, True, False, True, True, False, True, True, False]"
22,0.9996925819766402,"[True, True, True, True, True, True, True, True, True, True, True, True, True, True, False, True, True, True, True, True, True, True, False, False, False, False, True, False, True, False, True, False, True, False, True, True, False, False, False, True]"
22,0.9902562944750611,"[True, True, True, True, True, True, True, True, True, False, True, True, True, True, True, True, True, True, False, True, True, True, False, False, True, False, True, False, False, True, True, False, True, True, True, True, False, False, True, True]"
22,0.9998268688635673,"[True, True, True, True, True, True, True, True, True, True, True, True, True, True, True, False, True, True, False, True, True, True, False, True, True, False, False, False, False, False, True, False, True, True, True, True, False, False, True, False]"
22,0.7203997583947194,"[True, True, True, True, False, True, True, True, True, False, True, True, True, True, False, True, True, False, False, True, True, True, False, True, False, False, False, False, True, True, False, False, True, False, False, True, True, False, True, False]"
22,0.9999759787037908,"[True, True, True, True, True, True, True, True, True, True, True, True, True, True, True, True, True, True, False, True, False, True, True, True, True, False, True, True, False, False, True, False, True, True, False, True, False, False, False, True]"
22,0.26160406732604,"[True, True, False, True, True, True, True, True, True, True, False, True, True, True, True, True, True, True, False, True, False, True, True, True, True, True, True, True, True, True, False, True, False, False, True, False, True, False, False, False]"
22,0.0009765209836667453,"[False, True, True, True, True, True, True, True, True, True, True, True, True, True, True, True, True, True, False, True, True, True, False, False, False, True, False, True, False, True, True, False, False, True, False, False, True, False, False, True]"
22,0.9613157611212191,"[True, True, True, True, True, True, True, False, True, True, True, True, True, True, False, True, True, True, True, True, False, True, False, False, False, True, False, True, False, True, True, False, True, True, False, False, True, False, False, True]"
22,0.9949688719634394,"[True, True, True, True, True, True, True, True, True, True, False, True, True, True, True, False, True, True, True, True, False, False, True, True, True, True, True, True, True, True, True, True, False, False, True, False, False, False, False, False]"
22,0.26015376288034825,"[True, True, False, True, True, True, True, True, True, False, True, True, True, True, True, True, True, True, True, True, True, True, False, True, True, False, True, True, True, False, False, False, True, False, True, True, False, True, False, False]"
22,0.0009765540108149911,"[False, True, True, True, True, True, True, True, True, True, True, True, True, True, True, True, True, True, True, True, True, False, False, False, True, False, True, True, False, True, False, True, False, False, True, True, False, False, True, True]"
22,0.9993842933070054,"[True, True, True, True, True, True, True, True, True, True, True, True, True, False, True, True, True, True, True, True, False, True, True, False, True, False, True, True, True, False, True, False, True, False, True, True, False, False, False, False]"
22,0.9806323956940667,"[True, True, True, True, True, True, True, True, False, True, True, True, True, True, True, True, True, True, True, True, False, False, True, True, True, True, False, True, False, True, False, True, True, False, True, False, False, True, True, False]"
22,0.0009759653860883114,"[False, True, True, True, True, True, True, True, True, True, True, True, True, True, False, True, True, True, True, True, True, True, True, False, True, True, True, True, False, False, False, True, False, False, False, True, True, True, True, False]"
22,0.9999934946126261,"[True, True, True, True, True, True, True, True, True, True, True, True, True, True, True, True, True, True, True, True, False, True, False, True, False, False, False, True, False, True, False, True, True, True, True, True, False, False, True, False]"
22,0.999349433424466,"[True, True, True, True, True, True, True, True, True, True, True, True, True, False, True, True, True, False, True, True, True, True, False, False, False, False, True, True, False, True, False, True, True, True, True, True, False, False, True, False]"
22,0.6713422003499994,"[True, True, True, True, False, True, False, True, True, True, True, True, True, True, True, True, True, True, True, False, False, True, False, False, False, True, False, False, False, True, False, False, True, True, False, True, True, False, False, True]"
22,0.9999933499037807,"[True, True, True, True, True, True, True, True, True, True, True, True, True, True, True, True, True, True, True, True, False, True, False, False, True, True, False, True, False, True, True, True, True, True, False, False, True, False, True, True]"
22,0.9999932879584691,"[True, True, True, True, True, True, True, True, True, True, True, True, True, True, True, True, True, True, True, True, False, True, False, False, True, False, True, True, True, True, False, True, False, False, True, True, False, False, False, False]"
22,0.0005113067514626787,"[False, True, True, True, False, True, True, True, True, True, True, True, True, False, True, False, True, True, False, True, False, False, True, True, True, True, True, False, False, False, True, True, True, True, True, False, False, False, False, True]"
22,0.05592926804853141,"[True, False, True, True, True, True, True, True, True, True, False, True, True, True, True, False, False, True, False, True, True, False, True, True, True, True, False, False, False, False, True, True, True, True, True, False, False, False, True, True]"
22,0.999974495905771,"[True, True, True, True, True, True, True, True, True, True, True, True, True, True, True, True, True, True, False, True, False, True, False, True, False, False, True, True, False, True, False, True, True, True, True, True, False, False, True, False]"
22,0.9245597706798538,"[True, True, True, True, True, True, False, True, True, True, True, True, True, True, True, True, True, True, True, True, False, True, True, False, False, True, False, True, False, True, True, False, True, True, False, False, True, False, False, True]"
22,0.9999172409834087,"[True, True, True, True, True, True, True, True, True, True, True, True, True, True, True, True, False, True, True, True, False, True, False, True, False, False, True, False, False, True, False, True, True, True, True, True, False, False, True, False]"
22,0.9999554975237744,"[True, True, True, True, True, True, True, True, True, True, True, True, True, True, True, True, True, False, True, True, False, True, False, True, False, True, False, True, False, True, False, True, True, True, True, True, False, False, True, False]"
22,0.2515630244538262,"[True, True, False, True, True, True, True, False, True, True, True, True, True, True, True, True, True, True, True, True, True, False, False, False, True, False, True, True, False, False, True, False, True, False, True, True, False, False, False, False]"
22,0.9996925819766402,"[True, True, True, True, True, True, True, True, True, True, True, True, True, True, False, True, True, True, True, True, True, True, False, False, False, False, True, False, True, False, True, False, True, False, True, True, False, False, False, True]"
22,0.999973117280728,"[True, True, True, True, True, True, True, True, True, True, True, True, True, True, True, True, True, True, False, True, False, False, True, False, True, True, True, False, False, True, False, True, True, True, False, True, False, False, False, True]"
22,0.9999849253276241,"[True, True, True, True, True, True, True, True, True, True, True, True, True, True, True, True, True, True, True, False, False, True, True, False, True, False, True, True, False, True, False, True, False, True, True, False, True, True, True, False]"
22,0.9999795271354597,"[True, True, True, True, True, True, True, True, True, True, True, True, True, True, True, True, True, True, False, True, True, True, False, True, True, False, True, False, False, True, True, False, True, True, True, False, False, False, True, True]"
22,0.9999730301259628,"[True, True, True, True, True, True, True, True, True, True, True, True, True, True, True, True, True, True, False, True, False, False, True, False, True, True, False, False, False, False, False, False, False, True, True, False, False, False, True, False]"
22,0.8541694058575815,"[True, True, True, True, True, False, True, True, True, True, True, True, True, True, True, True, False, False, False, True, False, True, False, True, False, False, True, True, False, True, False, True, True, True, True, True, False, False, True, False]"
22,0.9999823218828428,"[True, True, True, True, True, True, True, True, True, True, True, True, True, True, True, True, True, True, True, False, False, False, True, False, False, True, False, True, False, True, True, True, False, False, True, True, True, True, True, False]"
22,0.9948174236349707,"[True, True, True, True, True, True, True, True, True, True, False, True, True, True, False, True, True, True, True, True, False, True, False, False, True, False, True, True, True, True, False, False, False, False, True, False, False, True, False, False]"
22,0.2630736258689904,"[True, True, False, True, True, True, True, True, True, True, True, True, True, True, True, True, True, True, True, True, False, True, False, True, False, False, False, True, True, True, False, True, True, True, True, True, False, False, True, False]"
22,0.9997311892625639,"[True, True, True, True, True, True, True, True, True, True, True, True, True, True, True, False, False, False, True, True, True, True, False, False, True, True, True, True, False, True, False, False, True, False, True, True, False, False, True, False]"
22,0.9999547755232742,"[True, True, True, True, True, True, True, True, True, True, True, True, True, True, True, True, True, False, True, True, False, True, False, False, False, False, False, True, True, True, True, True, True, True, False, True, False, True, True, False]"
22,0.9999826163362014,"[True, True, True, True, True, True, True, True, True, True, True, True, True, True, True, True, True, True, True, False, False, False, True, False, True, True, False, True, False, True, False, True, True, False, True, True, False, True, True, False]"
22,0.9999783560195181,"[True, True, True, True, True, True, True, True, True, True, True, True, True, True, True, True, True, True, False, True, True, False, True, True, True, False, True, False, True, True, True, True, True, True, True, False, False, False, True, True]"
22,0.9993594495146323,"[True, True, True, True, True, True, True, True, True, True, True, True, True, False, True, True, True, True, False, False, True, True, False, True, False, False, False, False, False, True, True, False, False, True, False, True, False, False, True, True]"
22,0.9999956476852935,"[True, True, True, True, True, True, True, True, True, True, True, True, True, True, True, True, True, True, True, True, True, False, False, False, True, False, True, True, False, False, True, False, True, False, True, True, False, False, False, False]"
22,0.9568968367895507,"[True, True, True, True, True, True, True, False, True, True, False, True, True, True, True, True, True, True, True, False, False, False, True, False, True, False, True, True, False, True, False, True, False, True, True, False, True, True, True, False]"
22,0.9149347384662488,"[True, True, True, True, True, True, False, True, True, False, True, True, True, False, True, True, True, True, True, True, False, False, True, True, False, True, False, True, False, True, False, True, True, False, True, False, False, True, True, False]"
22,0.9999593145267087,"[True, True, True, True, True, True, True, True, True, True, True, True, True, True, True, True, True, False, True, True, True, False, True, True, True, False, True, True, True, True, False, True, False, True, True, False, False, True, True, False]"
step,fitness,genome
23,0.21961522047037665,"[True, True, False, True, True, False, True, True, True, True, True, True, True, True, False, True, True, True, False, True, True, True, False, True, False, False, True, False, True, False, True, False, True, False, True, True, False, False, False, True]"
23,0.9999554975237744,"[True, True, True, True, True, True, True, True, True, True, True, True, True, True, True, True, True, False, True, True, False, True, False, True, False, True, False, True, False, True, False, True, True, True, True, True, False, False, True, False]"
23,0.5244570441766011,"[True, True, True, False, True, True, True, True, True, True, True, True, True, True, True, True, True, True, True, True, False, True, False, True, True, False, True, True, False, True, False, True, True, True, True, True, False, False, True, False]"
23,0.035806062116396906,"[True, False, True, True, False, True, True, True, False, True, True, True, True, True, True, True, True, True, True, True, False, False, True, True, True, False, False, True, True, True, False, True, True, True, True, False, False, False, True, False]"
23,0.9993580622085685,"[True, True, True, True, True, True, True, True, True, True, True, True, True, False, True, True, True, True, False, False, True, False, True, False, True, False, True, True, False, False, True, False, False, False, True, False, False, False, True, True]"
23,0.9999934934484797,"[True, True, True, True, True, True, True, True, True, True, True, True, True, True, True, True, True, True, True, True, False, True, False, True, False, False, False, True, False, True, False, True, False, True, True, True, False, False, True, False]"
23,0.9999193566581132,"[True, True, True, True, True, True, True, True, True, True, True, True, True, True, True, True, False, True, True, True, True, False, False, False, True, False, True, True, False, False, True, False, True, False, True, True, False, False, False, False]"
23,0.9951214162870335,"[True, True, True, True, True, True, True, True, True, True, False, True, True, True, True, True, True, True, True, True, False, True, False, True, False, False, False, True, False, False, False, True, True, True, True, True, False, True, True, False]"
23,0.26287897399455057,"[True, True, False, True, True, True, True, True, True, True, True, True, True, False, True, True, True, False, True, True, False, True, True, False, True, False, False, False, True, True, True, False, True, False, True, True, False, False, False, False]"
23,0.9975611844891803,"[True, True, True, True, True, True, True, True, True, True, True, False, True, True, True, True, True, True, True, True, True, True, True, True, True, True, False, True, True, False, False, True, False, True, True, False, False, False, False, False]"
23,0.9999797135420746,"[True, True, True, True, True, True, True, True, True, True, True, True, True, True, True, True, True, True, False, True, True, True, False, True, True, True, True, True, False, True, True, False, True, True, True, True, False, False, True, True]"
23,0.26307325889529043,"[True, True, False, True, True, True, True, True, True, True, True, True, True, True, True, True, True, True, True, True, False, False, True, True, False, False, False, True, False, False, False, True, True, False, True, True, False, True, True, False]"
23,0.9987402765648761,"[True, True, True, True, True, True, True, True, True, True, True, True, False, True, True, True, True, False, True, True, True, True, False, True, False, True, False, True, False, True, False, True, True, True, True, True, False, False, True, True]"
23,0.9598192438487961,"[True, True, True, True, True, True, True, False, True, True, True, True, False, False, True, True, True, True, False, False, True, False, False, True, False, False, False, False, False, True, True, False, False, True, False, True, False, False, True, True]"
23,0.000955280184922801,"[False, True, True, True, True, True, True, True, True, False, True, True, False, True, True, True, True, True, True, False, False, False, False, False, True, True, False, True, False, True, False, True, False, False, True, True, False, True, True, False]"
23,0.9999909037987335,"[True, True, True, True, True, True, True, True, True, True, True, True, True, True, True, True, True, True, True, True, False, False, False, False, True, False, True, True, True, True, False, True, False, False, True, True, False, False, False, True]"
23,0.9999575012258622,"[True, True, True, True, True, True, True, True, True, True, True, True, True, True, True, True, True, False, True, True, True, False, False, False, True, False, True, True, False, False, True, False, True, False, False, True, False, False, False, False]"
23,0.26160357196911543,"[True, True, False, True, True, True, True, True, True, True, False, True, True, True, True, True, True, True, False, True, False, True, False, True, False, False, True, True, False, True, False, True, True, True, True, True, False, False, True, False]"
23,0.2630734018193016,"[True, True, False, True, True, True, True, True, True, True, True, True, True, True, True, True, True, True, True, True, False, False, True, True, True, True, False, True, True, True, False, True, True, True, True, False, False, False, True, False]"
23,0.056307282528763936,"[True, False, True, True, True, True, True, True, True, True, True, True, True, True, True, True, False, True, True, True, False, True, False, False, True, False, True, True, True, True, False, True, False, False, True, False, False, False, False, False]"
23,0.9999957966963318,"[True, True, True, True, True, True, True, True, True, True, True, True, True, True, True, True, True, True, True, True, True, False, False, False, True, True, True, True, False, False, True, False, True, False, True, True, False, False, False, False]"
23,9.535765253365805e-07,"[False, False, True, True, True, True, True, True, True, True, True, True, True, True, True, True, True, True, False, True, False, True, False, False, True, True, True, True, True, True, False, True, False, False, True, True, False, False, True, False]"
23,0.0009014392450790689,"[False, True, True, True, True, True, True, False, True, True, True, True, True, False, True, False, True, True, False, False, False, False, False, False, False, True, True, True, True, True, False, True, False, True, False, True, False, False, False, True]"
23,0.9993660419690331,"[True, True, True, True, True, True, True, True, True, True, True, True, True, False, True, True, True, True, False, True, True, False, False, False, False, False, False, True, False, True, True, True, False, True, True, False, False, False, True, True]"
23,0.9999531132905205,"[True, True, True, True, True, True, True, True, True, True, True, True, True, True, True, True, True, False, True, True, False, False, False, True, False, True, False, True, False, True, False, True, True, True, True, False, False, False, True, False]"
23,0.9998268688635673,"[True, True, True, True, True, True, True, True, True, True, True, True, True, True, True, False, True, True, False, True, True, True, False, True, True, False, False, False, False, False, True, False, True, True, True, True, False, False, True, False]"
23,0.9999981492980575,"[True, True, True, True, True, True, True, True, True, True, True, True, True, True, True, True, True, True, True, True, True, True, False, False, True, True, True, False, False, True, False, True, False, False, True, False, False, False, False, False]"
23,0.9950999898382527,"[True, True, True, True, True, True, True, True, True, True, False, True, True, True, True, True, True, True, False, True, False, False, False, False, True, True, True, True, False, True, True, False, True, False, True, True, False, False, False, False]"
23,0.9999366484697373,"[True, True, True, True, True, True, True, True, True, True, True, True, True, True, True, True, True, False, False, True, False, True, False, True, True, False, True, True, False, True, False, True, True, True, True, True, False, False, True, False]"
23,0.8539370109799855,"[True, True, True, True, True, False, True, True, True, True, True, True, True, True, False, True, False, True, False, True, False, False, True, True, True, True, False, True, False, True, False, True, True, False, True, False, False, True, True, True]"
23,0.0008311584629165682,"[False, True, True, True, True, True, False, True, True, True, True, True, False, False, True, True, True, True, True, True, False, True, False, False, True, False, False, True, True, True, True, False, True, True, False, False, False, False, True, False]"
23,0.9975557662391809,"[True, True, True, True, True, True, True, True, True, True, True, False, True, True, True, True, True, True, True, True, False, True, True, False, True, False, True, True, True, True, False, True, False, False, True, False, False, False, False, True]"
23,0.9806147218904471,"[True, True, True, True, True, True, True, True, False, True, True, True, True, True, True, True, True, True, False, True, False, True, False, True, True, False, True, False, False, True, True, True, True, True, True, True, False, False, True, True]"
23,0.9999718403908898,"[True, True, True, True, True, True, True, True, True, True, True, True, True, True, True, True, True, True, False, True, False, False, False, False, True, True, False, False, False, False, False, True, False, True, True, False, False, False, True, False]"
23,0.8542679606974165,"[True, True, True, True, True, False, True, True, True, True, True, True, True, True, True, True, True, True, False, True, False, False, True, True, True, True, False, False, False, False, False, False, False, False, True, False, False, False, True, False]"
23,0.9999232382702453,"[True, True, True, True, True, True, True, True, True, True, True, True, True, True, True, True, False, True, True, True, True, True, True, True, False, False, True, True, False, True, False, True, True, True, True, True, False, False, True, False]"
23,0.9999742746580955,"[True, True, True, True, True, True, True, True, True, True, True, True, True, True, True, True, True, True, False, True, False, True, False, False, True, True, False, True, False, True, True, False, True, True, True, False, True, False, True, True]"
23,0.9997311171025288,"[True, True, True, True, True, True, True, True, True, True, True, True, True, True, True, False, False, False, True, True, True, True, False, False, True, True, False, True, False, True, False, True, True, False, True, True, False, False, True, False]"
23,0.9888901379951467,"[True, True, True, True, True, True, True, True, True, False, True, True, False, True, True, False, True, True, False, True, False, False, True, False, True, True, True, False, False, True, False, True, True, True, False, True, False, False, False, True]"
23,0.9999628942907712,"[True, True, True, True, True, True, True, True, True, True, True, True, True, True, True, True, True, True, False, False, False, False, False, True, True, False, True, True, True, True, True, False, True, True, True, True, False, False, True, True]"
23,0.9999909659530942,"[True, True, True, True, True, True, True, True, True, True, True, True, True, True, True, True, True, True, True, True, False, False, False, False, True, True, False, True, False, True, True, True, True, True, True, False, False, False, True, True]"
23,0.9999347115218645,"[True, True, True, True, True, True, True, True, True, True, True, True, True, True, True, True, True, False, False, True, False, False, True, False, False, True, True, True, False, True, False, True, True, True, True, True, True, True, False, False]"
23,0.05631315623681386,"[True, False, True, True, True, True, True, True, True, True, True, True, True, True, True, True, True, True, True, True, False, True, True, True, True, True, True, True, True, True, False, True, False, True, True, True, True, False, False, False]"
23,0.9999957966963318,"[True, True, True, True, True, True, True, True, True, True, True, True, True, True, True, True, True, True, True, True, True, False, False, False, True, True, True, True, False, False, True, False, True, False, True, True, False, False, False, False]"
23,0.9999967612122329,"[True, True, True, True, True, True, True, True, True, True, True, True, True, True, True, True, True, True, True, True, True, False, True, False, True, False, False, True, False, False, False, False, True, True, True, True, False, False, True, False]"
23,0.9999837373078284,"[True, True, True, True, True, True, True, True, True, True, True, True, True, True, True, True, True, True, True, False, False, True, False, False, True, False, True, True, False, True, True, True, False, False, True, False, True, True, False, False]"
23,0.999842648996175,"[True, True, True, True, True, True, True, True, True, True, True, True, True, True, True, False, True, True, True, True, False, True, True, True, True, True, True, True, True, True, False, True, False, True, True, True, True, False, False, False]"
23,0.9999170590343718,"[True, True, True, True, True, True, True, True, True, True, True, True, True, True, True, True, False, True, True, True, False, True, False, False, True, True, False, True, False, True, True, True, True, True, False, False, True, False, True, True]"
23,0.995122467727415,"[True, True, True, True, True, True, True, True, True, True, False, True, True, True, True, True, True, True, True, True, False, True, True, False, True, True, False, True, False, True, True, True, True, False, False, False, True, False, True, True]"
23,0.9999734525760777,"[True, True, True, True, True, True, True, True, True, True, True, True, True, True, True, True, True, True, False, True, False, False, True, True, False, True, True, True, False, True, False, True, True, True, False, True, False, True, False, False]"
23,0.9234230558769205,"[True, True, True, True, True, True, False, True, True, True, True, True, False, True, True, True, True, True, True, True, False, True, True, False, True, False, False, True, True, True, True, False, True, True, False, False, False, True, True, False]"
23,0.999898206330926,"[True, True, True, True, True, True, True, True, True, True, True, True, True, True, True, True, False, True, False, True, False, True, False, True, False, False, True, True, False, True, False, True, True, True, True, True, False, False, True, False]"
23,0.5244514685244935,"[True, True, True, False, True, True, True, True, True, True, True, True, True, True, True, True, True, True, True, False, False, True, False, False, True, True, True, True, True, True, False, True, False, False, True, True, False, True, False, True]"
23,0.999982471947091,"[True, True, True, True, True, True, True, True, True, True, True, True, True, True, True, True, True, True, True, False, False, False, True, False, True, False, False, True, False, True, True, True, True, False, True, True, False, False, True, False]"
23,0.9999172447757191,"[True, True, True, True, True, True, True, True, True, True, True, True, True, True, True, True, False, True, True, True, False, True, False, True, False, False, True, False, False, True, True, True, True, False, False, True, False, False, True, True]"
23,0.9999730347642732,"[True, True, True, True, True, True, True, True, True, True, True, True, True, True, True, True, True, True, False, True, False, False, True, False, True, True, False, False, False, False, True, False, False, True, True, False, False, False, False, False]"
23,0.9998442884022325,"[True, True, True, True, True, True, True, True, True, True, True, True, True, True, True, False, True, True, True, True, True, False, True, False, True, False, True, True, True, True, False, True, True, False, True, True, False, False, False, False]"
23,0.9998222058658373,"[True, True, True, True, True, True, True, True, True, True, True, True, True, True, True, False, True, True, False, True, False, True, False, True, True, False, True, False, True, True, True, True, True, True, True, False, False, False, True, True]"
23,0.9999926073879034,"[True, True, True, True, True, True, True, True, True, True, True, True, True, True, True, True, True, True, True, True, False, False, True, True, True, False, False, True, True, False, False, False, True, True, True, False, False, False, True, False]"
23,0.9999962530427606,"[True, True, True, True, True, True, True, True, True, True, True, True, True, True, True, True, True, True, True, True, True, False, False, True, True, False, True, True, False, True, True, False, True, False, True, True, False, False, False, False]"
23,0.2630651368229735,"[True, True, False, True, True, True, True, True, True, True, True, True, True, True, True, True, True, True, False, False, False, True, False, True, True, False, True, True, True, True, True, False, True, True, True, False, False, False, True, True]"
23,0.4823350040418852,"[True, True, True, False, True, True, False, True, True, True, True, True, True, True, True, True, True, False, True, True, False, True, False, False, False, False, False, True, False, True, True, False, True, False, False, True, False, False, False, True]"
23,0.999991509599265,"[True, True, True, True, True, True, True, True, True, True, True, True, True, True, True, True, True, True, True, True, False, False, False, True, True, True, False, False, False, False, False, True, False, True, True, False, False, False, True, False]"
23,0.9200052116599318,"[True, True, True, True, True, True, False, True, True, True, False, True, True, True, True, True, True, True, False, True, True, False, True, True, True, True, True, False, False, True, True, False, False, False, False, False, False, False, True, False]"
23,0.9998385406705002,"[True, True, True, True, True, True, True, True, True, True, True, True, True, True, True, False, True, True, True, True, False, False, False, True, False, False, False, True, True, False, False, False, True, False, True, True, False, True, False, False]"
23,0.9996559196646848,"[True, True, True, True, True, True, True, True, True, True, True, True, True, True, False, True, True, False, True, True, True, True, True, False, True, False, True, False, False, False, True, True, True, False, True, True, True, False, True, True]"
23,0.9999830683480883,"[True, True, True, True, True, True, True, True, True, True, True, True, True, True, True, True, True, True, True, False, False, False, True, True, True, False, False, True, False, True, True, True, True, True, False, True, True, False, True, False]"
23,0.9999616986277559,"[True, True, True, True, True, True, True, True, True, True, True, True, True, True, True, True, True, False, True, True, True, True, True, True, True, False, True, True, True, True, False, True, False, True, True, False, False, True, True, False]"
23,0.05630075373970729,"[True, False, True, True, True, True, True, True, True, True, True, True, True, True, True, False, True, True, True, False, False, False, True, False, True, True, False, True, False, True, False, True, True, False, True, True, False, True, True, False]"
23,0.9993747496546542,"[True, True, True, True, True, True, True, True, True, True, True, True, True, False, True, True, True, True, True, False, False, True, True, False, True, False, True, True, False, True, False, True, False, True, True, False, True, True, True, False]"
23,0.9896673096448751,"[True, True, True, True, True, True, True, True, True, False, True, True, True, False, True, True, True, True, True, True, False, True, True, True, False, True, True, True, True, True, False, False, False, True, True, True, True, False, True, False]"
23,0.9902513236309827,"[True, True, True, True, True, True, True, True, True, False, True, True, True, True, True, True, True, True, False, True, False, True, False, False, False, False, True, True, True, True, False, True, False, False, False, True, False, True, True, False]"
23,0.9999855170370067,"[True, True, True, True, True, True, True, True, True, True, True, True, True, True, True, True, True, True, True, False, False, True, True, True, True, False, True, True, False, False, True, True, True, False, False, True, False, False, True, False]"
23,0.9999972937017663,"[True, True, True, True, True, True, True, True, True, True, True, True, True, True, True, True, True, True, True, True, True, False, True, True, False, True, True, True, False, True, False, True, True, False, True, False, False, True, True, False]"
23,0.05485782118967161,"[True, False, True, True, True, True, True, True, False, True, True, True, True, True, True, True, False, True, True, True, False, False, False, False, True, False, True, True, True, True, False, True, False, False, True, True, False, False, False, True]"
23,0.9496720794912057,"[True, True, True, True, True, True, True, False, True, False, True, False, True, True, True, False, False, True, True, True, False, True, False, False, False, False, True, True, False, True, True, True, True, True, False, False, True, False, False, True]"
23,0.9999956476852935,"[True, True, True, True, True, True, True, True, True, True, True, True, True, True, True, True, True, True, True, True, True, False, False, False, True, False, True, True, False, False, True, False, True, False, True, True, False, False, False, False]"
23,0.9999823215554299,"[True, True, True, True, True, True, True, True, True, True, True, True, True, True, True, True, True, True, True, False, False, False, True, False, False, True, False, True, False, True, True, True, False, False, False, True, True, False, True, False]"
23,0.9993854661237886,"[True, True, True, True, True, True, True, True, True, True, True, True, True, False, True, True, True, True, True, True, True, False, False, False, True, False, True, True, False, False, True, False, True, False, True, True, False, False, False, False]"
23,0.9999733683406944,"[True, True, True, True, True, True, True, True, True, True, True, True, True, True, True, True, True, True, False, True, False, False, True, True, False, True, False, True, False, False, False, True, True, False, True, False, False, True, True, False]"
23,0.9999913613527713,"[True, True, True, True, True, True, True, True, True, True, True, True, True, True, True, True, True, True, True, True, False, False, False, True, True, False, False, False, False, False, False, True, True, False, True, True, False, True, True, False]"
23,0.9999948316173838,"[True, True, True, True, True, True, True, True, True, True, True, True, True, True, True, True, True, True, True, True, False, True, True, True, False, True, False, True, False, True, False, False, False, False, True, True, False, False, False, False]"
23,0.9999933499037807,"[True, True, True, True, True, True, True, True, True, True, True, True, True, True, True, True, True, True, True, True, False, True, False, False, True, True, False, True, False, True, True, True, True, True, False, False, True, False, True, True]"
23,5.498629914878616e-05,"[False, True, False, True, True, True, True, True, True, True, True, True, True, True, True, True, True, False, True, False, True, False, True, True, True, False, True, True, False, True, False, True, False, False, True, False, False, True, True, False]"
23,0.9999741868847976,"[True, True, True, True, True, True, True, True, True, True, True, True, True, True, True, True, True, True, False, True, False, True, False, False, True, False, True, True, False, False, False, True, False, False, True, True, True, False, False, False]"
23,0.056267341964385445,"[True, False, True, True, True, True, True, True, True, True, True, True, True, False, True, True, True, True, True, True, False, True, True, True, True, True, True, False, True, False, True, False, True, True, False, True, False, False, False, True]"
23,0.8532247496306185,"[True, True, True, True, True, False, True, True, True, True, True, True, False, True, True, True, True, True, True, True, False, False, False, True, True, True, False, True, True, True, False, True, True, True, True, False, False, False, True, False]"
23,0.9803946062893868,"[True, True, True, True, True, True, True, True, False, True, True, True, True, True, True, False, False, True, False, True, True, True, False, True, True, True, False, False, False, False, True, False, True, True, True, True, False, False, True, False]"
23,0.7261332051817734,"[True, True, True, True, False, True, True, True, True, True, True, False, True, True, True, True, True, True, True, False, True, False, False, False, True, False, True, True, False, False, True, False, True, False, True, True, False, False, False, False]"
23,0.9997635938110417,"[True, True, True, True, True, True, True, True, True, True, True, True, True, True, True, False, False, True, True, True, False, False, True, True, False, True, False, True, False, True, False, True, True, False, False, False, False, False, True, False]"
23,0.99996428368939,"[True, True, True, True, True, True, True, True, True, True, True, True, True, True, True, True, True, True, False, False, False, True, False, False, False, False, False, True, False, False, True, True, True, False, True, True, False, True, True, False]"
23,0.999987852054816,"[True, True, True, True, True, True, True, True, True, True, True, True, True, True, True, True, True, True, True, False, True, False, True, True, True, False, False, True, True, True, True, False, False, True, True, True, False, True, True, True]"
23,0.9999823218828428,"[True, True, True, True, True, True, True, True, True, True, True, True, True, True, True, True, True, True, True, False, False, False, True, False, False, True, False, True, False, True, True, True, False, False, True, True, True, True, True, False]"
23,0.9616094661882516,"[True, True, True, True, True, True, True, False, True, True, True, True, True, True, True, True, True, True, True, True, False, False, True, False, True, True, False, True, False, True, False, True, True, False, True, True, False, True, True, False]"
23,0.9999951930125762,"[True, True, True, True, True, True, True, True, True, True, True, True, True, True, True, True, True, True, True, True, False, True, True, True, True, True, True, False, True, True, True, True, False, True, True, False, True, False, False, False]"
23,0.9999531179560315,"[True, True, True, True, True, True, True, True, True, True, True, True, True, True, True, True, True, False, True, True, False, False, False, True, False, True, False, True, False, True, True, True, True, True, True, False, False, False, True, True]"
23,0.9993808751163591,"[True, True, True, True, True, True, True, True, True, True, True, True, True, False, True, True, True, True, True, True, False, False, False, False, True, True, True, True, True, True, False, True, True, True, False, False, False, True, False, True]"
23,0.9245581019546536,"[True, True, True, True, True, True, False, True, True, True, True, True, True, True, True, True, True, True, True, True, False, False, True, True, False, True, False, True, False, True, False, True, True, False, True, False, False, True, True, False]"
23,0.9999594449798594,"[True, True, True, True, True, True, True, True, True, True, True, True, True, True, True, True, True, False, True, True, True, False, True, True, True, True, True, True, False, True, False, True, False, True, True, False, True, True, True, False]"
23,0.26306522568178015,"[True, True, False, True, True, True, True, True, True, True, True, True, True, True, True, True, True, True, False, False, False, True, True, False, False, False, True, True, True, True, False, True, True, True, False, True, False, True, False, False]"
step,fitness,genome
24,0.7261380758607414,"[True, True, True, True, False, True, True, True, True, True, True, False, True, True, True, True, True, True, True, True, False, False, True, True, True, False, False, True, True, False, False, False, True, True, True, False, False, False, False, False]"
24,0.9951241718549073,"[True, True, True, True, True, True, True, True, True, True, False, True, True, True, True, True, True, True, True, True, True, False, False, True, True, False, True, True, False, True, True, False, True, False, True, True, False, False, False, False]"
24,0.0008342540167482954,"[False, True, True, True, True, True, False, True, True, True, True, True, True, True, True, True, True, True, True, True, False, False, False, True, True, True, False, False, False, False, False, True, False, True, True, False, True, False, True, True]"
24,0.9804648180641666,"[True, True, True, True, True, True, True, True, False, True, True, True, True, True, True, False, True, True, False, True, False, True, False, True, True, False, True, False, True, False, True, True, True, True, True, False, False, False, False, True]"
24,0.9999915619948556,"[True, True, True, True, True, True, True, True, True, True, True, True, True, True, True, True, True, True, True, True, False, False, False, True, True, True, False, True, False, True, True, True, True, True, True, False, False, False, True, True]"
24,0.9999981805937185,"[True, True, True, True, True, True, True, True, True, True, True, True, True, True, True, True, True, True, True, True, True, True, False, False, True, True, True, True, False, False, True, False, True, False, False, True, False, False, False, True]"
24,0.9999965075549289,"[True, True, True, True, True, True, True, True, True, True, True, True, True, True, True, True, True, True, True, True, True, False, True, False, False, False, True, False, False, True, False, False, False, False, False, False, False, False, False, False]"
24,0.9616134962753043,"[True, True, True, True, True, True, True, False, True, True, True, True, True, True, True, True, True, True, True, True, True, False, False, True, True, True, False, True, False, True, True, False, True, False, True, True, False, False, False, False]"
24,0.056293141093815696,"[True, False, True, True, True, True, True, True, True, True, True, True, True, True, True, False, False, False, True, True, True, False, False, False, True, False, True, True, False, False, False, False, True, False, False, True, True, False, False, False]"
24,0.26306781806192264,"[True, True, False, True, True, True, True, True, True, True, True, True, True, True, True, True, True, True, False, True, False, True, False, False, True, False, True, True, False, True, False, True, False, False, True, True, True, False, False, False]"
24,0.9999980747923781,"[True, True, True, True, True, True, True, True, True, True, True, True, True, True, True, True, True, True, True, True, True, True, False, False, True, True, False, False, False, True, False, True, False, False, True, False, False, False, False, False]"
24,0.9890506928085894,"[True, True, True, True, True, True, True, True, True, False, True, True, False, True, True, True, True, True, True, False, False, False, True, False, True, True, True, True, False, True, True, True, False, True, False, True, True, False, True, False]"
24,0.9854014736218377,"[True, True, True, True, True, True, True, True, True, False, False, True, True, True, True, True, True, False, True, True, False, False, False, True, False, True, False, True, False, True, False, True, True, True, True, False, False, False, True, False]"
24,0.0009765447340457411,"[False, True, True, True, True, True, True, True, True, True, True, True, True, True, True, True, True, True, True, True, False, False, False, False, True, False, True, True, True, True, False, True, False, False, True, True, False, False, False, True]"
24,0.9999878543830969,"[True, True, True, True, True, True, True, True, True, True, True, True, True, True, True, True, True, True, True, False, True, False, True, True, True, False, False, True, True, True, True, True, False, True, True, True, False, True, True, True]"
24,0.9999715802456489,"[True, True, True, True, True, True, True, True, True, True, True, True, True, True, True, True, True, True, False, True, False, False, False, False, False, True, False, True, False, False, False, True, True, False, True, False, False, True, True, False]"
24,0.9999687789407279,"[True, True, True, True, True, True, True, True, True, True, True, True, True, True, True, True, True, True, False, False, True, False, True, True, True, False, False, True, True, True, True, False, False, True, True, True, False, True, True, True]"
24,0.9999920113455812,"[True, True, True, True, True, True, True, True, True, True, True, True, True, True, True, True, True, True, True, True, False, False, True, False, True, False, False, True, True, False, False, False, True, True, True, False, False, False, True, False]"
24,0.9245603795522069,"[True, True, True, True, True, True, False, True, True, True, True, True, True, True, True, True, True, True, True, True, False, True, True, True, False, True, True, False, True, True, True, True, False, True, True, False, True, True, False, False]"
24,0.9998384848174544,"[True, True, True, True, True, True, True, True, True, True, True, True, True, True, True, False, True, True, True, True, False, False, False, True, False, False, False, False, False, False, False, False, True, False, True, True, False, True, True, False]"
24,0.9996491886626611,"[True, True, True, True, True, True, True, True, True, True, True, True, True, True, False, True, True, False, True, True, False, False, True, True, False, True, False, True, False, True, True, True, True, True, True, False, False, False, True, False]"
24,0.17050374637389912,"[True, True, False, True, False, True, True, False, False, True, True, True, True, True, True, False, False, False, True, True, True, True, False, False, True, True, False, True, False, True, False, True, True, False, True, True, False, False, True, False]"
24,0.9950812259573327,"[True, True, True, True, True, True, True, True, True, True, False, True, True, True, True, True, True, False, True, True, False, False, False, True, False, True, False, True, False, True, True, True, True, True, True, False, False, False, True, True]"
24,0.9998575323965901,"[True, True, True, True, True, True, True, True, True, True, True, True, True, True, True, True, False, False, False, True, False, False, False, False, True, True, True, True, False, True, True, False, True, False, True, True, False, True, False, False]"
24,0.8209538677113912,"[True, True, True, True, True, False, True, False, True, True, True, True, True, True, True, True, True, False, True, True, True, False, False, False, True, True, False, False, False, False, True, False, True, False, True, True, False, False, False, False]"
24,0.9999934244091433,"[True, True, True, True, True, True, True, True, True, True, True, True, True, True, True, True, True, True, True, True, False, True, False, False, True, True, True, True, False, True, True, True, True, True, False, False, True, False, True, True]"
24,0.9999832173574394,"[True, True, True, True, True, True, True, True, True, True, True, True, True, True, True, True, True, True, True, False, False, False, True, True, True, True, False, True, False, True, True, True, True, True, False, True, True, False, True, False]"
24,0.9244195678085239,"[True, True, True, True, True, True, False, True, True, True, True, True, True, True, True, False, True, True, True, True, True, False, False, True, True, True, True, False, False, True, False, True, False, False, True, False, False, False, True, True]"
24,0.26302068819860425,"[True, True, False, True, True, True, True, True, True, True, True, True, True, True, True, False, True, True, False, False, True, True, False, True, True, False, True, False, True, True, True, True, True, True, True, False, False, False, True, True]"
24,0.9999717658960693,"[True, True, True, True, True, True, True, True, True, True, True, True, True, True, True, True, True, True, False, True, False, False, False, False, True, False, True, False, False, False, False, True, False, True, True, False, False, False, True, True]"
24,0.9999838490649072,"[True, True, True, True, True, True, True, True, True, True, True, True, True, True, True, True, True, True, True, False, False, True, False, False, True, True, True, False, False, True, True, True, False, False, True, False, True, True, False, False]"
24,0.8532010904388434,"[True, True, True, True, True, False, True, True, True, True, True, True, False, True, True, True, True, True, False, False, False, True, False, False, False, False, False, True, False, False, True, True, True, False, True, True, False, True, True, False]"
24,0.9998322807637295,"[True, True, True, True, True, True, True, True, True, True, True, True, True, True, True, False, True, True, True, False, False, True, True, False, True, False, False, True, False, True, True, True, True, False, True, True, False, False, True, False]"
24,0.9999926073879034,"[True, True, True, True, True, True, True, True, True, True, True, True, True, True, True, True, True, True, True, True, False, False, True, True, True, False, False, True, True, False, False, False, True, True, True, False, False, False, True, False]"
24,0.9999485705109078,"[True, True, True, True, True, True, True, True, True, True, True, True, True, True, True, True, True, False, True, False, True, False, False, True, True, False, True, True, False, True, True, False, True, False, True, True, False, False, False, False]"
24,0.7279747657329744,"[True, True, True, True, False, True, True, True, True, True, True, True, True, True, True, True, True, True, True, True, True, True, False, False, True, True, True, False, False, True, False, True, False, False, False, False, False, False, False, True]"
24,0.9616006958613201,"[True, True, True, True, True, True, True, False, True, True, True, True, True, True, True, True, True, True, True, False, False, False, True, True, True, False, False, True, False, True, True, True, True, True, False, False, True, False, True, False]"
24,0.9981672980062946,"[True, True, True, True, True, True, True, True, True, True, True, True, False, False, True, True, True, True, True, True, True, False, True, False, True, False, True, True, False, False, True, False, True, False, False, True, False, False, False, False]"
24,0.9902724138010084,"[True, True, True, True, True, True, True, True, True, False, True, True, True, True, True, True, True, True, True, True, False, True, True, True, True, True, True, False, True, True, True, True, False, True, True, False, False, False, False, False]"
24,0.9999435816561858,"[True, True, True, True, True, True, True, True, True, True, True, True, True, True, True, True, True, False, True, False, False, False, False, True, False, True, False, True, False, True, True, True, True, True, True, False, False, False, True, True]"
24,0.9999909037987335,"[True, True, True, True, True, True, True, True, True, True, True, True, True, True, True, True, True, True, True, True, False, False, False, False, True, False, True, True, True, True, False, True, False, False, True, True, False, False, False, True]"
24,0.9999171702754649,"[True, True, True, True, True, True, True, True, True, True, True, True, True, True, True, True, False, True, True, True, False, True, False, True, False, False, False, False, False, True, True, True, True, False, False, True, False, False, True, True]"
24,0.9999925889070942,"[True, True, True, True, True, True, True, True, True, True, True, True, True, True, True, True, True, True, True, True, False, False, True, True, True, False, False, True, False, False, False, False, True, True, True, True, False, False, True, False]"
24,0.9999742746580955,"[True, True, True, True, True, True, True, True, True, True, True, True, True, True, True, True, True, True, False, True, False, True, False, False, True, True, False, True, False, True, True, False, True, True, True, False, True, False, True, True]"
24,0.04802832288382554,"[True, False, True, True, True, True, False, False, True, True, True, True, False, True, True, True, True, True, True, True, False, True, True, True, True, True, True, False, True, True, True, True, False, True, True, True, True, False, False, False]"
24,0.9999741868847976,"[True, True, True, True, True, True, True, True, True, True, True, True, True, True, True, True, True, True, False, True, False, True, False, False, True, False, True, True, False, False, False, True, False, False, True, True, True, False, False, False]"
24,0.0009740195881781637,"[False, True, True, True, True, True, True, True, True, True, True, True, False, True, True, True, False, True, True, True, False, True, False, True, False, False, False, True, False, True, True, True, False, True, True, True, False, False, True, False]"
24,0.056119027235448864,"[True, False, True, True, True, True, True, True, True, True, True, False, True, True, True, False, True, True, True, True, True, True, True, True, True, False, False, False, False, True, True, False, True, True, True, True, False, False, True, False]"
24,0.6708565747604547,"[True, True, True, True, False, True, False, True, True, True, True, True, True, False, True, True, False, True, False, True, False, True, False, True, True, False, True, True, False, False, False, True, False, False, True, True, False, False, True, True]"
24,0.4823350043391576,"[True, True, True, False, True, True, False, True, True, True, True, True, True, True, True, True, True, False, True, True, False, True, False, False, False, False, False, True, False, True, True, False, True, True, False, True, False, False, False, False]"
24,0.9987762198056682,"[True, True, True, True, True, True, True, True, True, True, True, True, False, True, True, True, True, True, True, True, True, False, False, True, True, False, True, True, False, True, False, False, True, False, True, True, True, False, True, False]"
24,0.5136238345813595,"[True, True, True, False, True, True, True, True, False, True, True, True, True, True, True, True, True, True, False, True, True, False, True, False, True, False, False, True, False, False, True, False, True, True, True, True, False, False, True, False]"
24,0.9999821181138155,"[True, True, True, True, True, True, True, True, True, True, True, True, True, True, True, True, True, True, True, False, False, False, False, True, True, True, True, True, True, True, True, True, True, False, True, True, True, False, False, True]"
24,0.24050710393459568,"[True, True, False, True, True, True, False, True, True, True, True, True, True, True, True, True, True, True, True, True, True, False, False, False, True, False, True, True, False, False, False, False, False, False, True, True, False, False, False, False]"
24,0.999381378023121,"[True, True, True, True, True, True, True, True, True, True, True, True, True, False, True, True, True, True, True, True, False, False, False, True, True, True, False, True, False, True, False, True, True, True, True, False, False, False, True, True]"
24,0.9987710862511027,"[True, True, True, True, True, True, True, True, True, True, True, True, False, True, True, True, True, True, True, True, False, False, False, True, False, False, False, True, False, True, False, True, False, True, True, True, False, False, True, False]"
24,0.9998290050630921,"[True, True, True, True, True, True, True, True, True, True, True, True, True, True, True, False, True, True, True, False, False, False, False, True, False, False, False, True, True, False, False, False, True, False, False, True, False, True, False, False]"
24,0.9999639953161173,"[True, True, True, True, True, True, True, True, True, True, True, True, True, True, True, True, True, True, False, False, False, False, True, True, True, False, False, True, False, True, True, True, True, True, False, True, True, False, True, False]"
24,0.9999978918751357,"[True, True, True, True, True, True, True, True, True, True, True, True, True, True, True, True, True, True, True, True, True, True, False, False, False, True, True, True, False, True, True, False, True, False, False, True, False, False, False, False]"
24,0.999992755825556,"[True, True, True, True, True, True, True, True, True, True, True, True, True, True, True, True, True, True, True, True, False, False, True, True, True, True, False, True, True, False, False, False, True, False, True, False, False, False, True, True]"
24,0.9999973120007553,"[True, True, True, True, True, True, True, True, True, True, True, True, True, True, True, True, True, True, True, True, True, False, True, True, False, True, True, True, True, True, False, True, True, False, False, False, False, False, True, False]"
24,0.9239605744987456,"[True, True, True, True, True, True, False, True, True, True, True, True, True, False, True, True, True, False, True, True, True, True, True, True, False, False, True, True, False, True, False, True, False, True, False, False, False, True, True, False]"
24,0.9999926073879034,"[True, True, True, True, True, True, True, True, True, True, True, True, True, True, True, True, True, True, True, True, False, False, True, True, True, False, False, True, True, False, False, False, True, True, True, False, False, False, True, False]"
24,0.9999909653710224,"[True, True, True, True, True, True, True, True, True, True, True, True, True, True, True, True, True, True, True, True, False, False, False, False, True, True, False, True, False, True, True, True, True, False, True, False, False, False, True, True]"
24,0.9999732286456653,"[True, True, True, True, True, True, True, True, True, True, True, True, True, True, True, True, True, True, False, True, False, False, True, True, False, False, False, True, False, True, False, True, True, False, True, False, False, True, True, False]"
24,0.998009408617854,"[True, True, True, True, True, True, True, True, True, True, True, True, False, False, True, False, True, True, True, True, False, False, False, True, False, True, False, True, True, False, False, False, True, False, True, True, False, True, False, False]"
24,0.9805934554135922,"[True, True, True, True, True, True, True, True, False, True, True, True, True, True, True, True, True, False, True, True, False, False, False, True, False, True, False, True, False, True, True, True, True, False, True, False, False, False, False, True]"
24,0.9999956477216732,"[True, True, True, True, True, True, True, True, True, True, True, True, True, True, True, True, True, True, True, True, True, False, False, False, True, False, True, True, False, False, True, False, True, False, True, True, False, True, False, False]"
24,0.9758473637239009,"[True, True, True, True, True, True, True, True, False, True, False, True, True, True, True, True, True, True, True, True, False, True, True, True, False, True, False, True, False, True, False, False, False, False, True, True, False, True, False, False]"
24,0.8542698127292999,"[True, True, True, True, True, False, True, True, True, True, True, True, True, True, True, True, True, True, False, True, False, True, True, True, False, True, False, True, False, True, False, False, True, False, True, True, True, False, False, False]"
24,0.9973828435387891,"[True, True, True, True, True, True, True, True, True, True, True, False, True, True, True, False, True, True, False, True, False, False, True, True, True, True, True, True, False, True, False, True, True, True, False, True, False, True, False, False]"
24,0.9987725641088547,"[True, True, True, True, True, True, True, True, True, True, True, True, False, True, True, True, True, True, True, True, False, False, True, True, True, False, False, True, False, False, False, False, True, True, True, False, False, False, True, False]"
24,0.9996862298500134,"[True, True, True, True, True, True, True, True, True, True, True, True, True, True, False, True, True, True, True, True, False, False, False, True, True, False, False, False, False, False, False, True, True, False, True, True, False, True, True, False]"
24,0.9999915103632346,"[True, True, True, True, True, True, True, True, True, True, True, True, True, True, True, True, True, True, True, True, False, False, False, True, True, True, False, False, False, False, False, True, True, False, True, True, False, True, True, False]"
24,0.9806329862469553,"[True, True, True, True, True, True, True, True, False, True, True, True, True, True, True, True, True, True, True, True, False, True, False, False, True, True, False, True, False, True, True, True, True, True, False, False, True, False, True, True]"
24,0.05344640731318213,"[True, False, True, True, True, True, True, False, True, True, True, True, True, True, True, True, True, True, False, True, False, False, True, True, False, True, False, True, False, False, False, True, True, False, True, False, False, True, True, False]"
24,0.9996865165509333,"[True, True, True, True, True, True, True, True, True, True, True, True, True, True, False, True, True, True, True, True, False, False, False, True, True, True, True, True, True, True, False, False, True, True, True, False, False, False, True, False]"
24,0.9999992203177506,"[True, True, True, True, True, True, True, True, True, True, True, True, True, True, True, True, True, True, True, True, True, True, True, False, True, False, True, True, False, False, False, True, False, False, True, False, False, False, False, False]"
24,0.9993620937943812,"[True, True, True, True, True, True, True, True, True, True, True, True, True, False, True, True, True, True, False, True, False, False, False, True, False, True, True, True, False, True, True, False, True, False, True, True, False, False, False, False]"
24,0.2159810228962774,"[True, True, False, True, True, False, True, True, True, False, False, True, True, True, True, True, True, True, True, True, False, True, True, True, True, False, True, True, True, False, False, False, False, True, True, False, True, False, True, False]"
24,0.9999744199556144,"[True, True, True, True, True, True, True, True, True, True, True, True, True, True, True, True, True, True, False, True, False, True, False, True, False, False, False, True, False, True, False, True, False, True, False, True, False, False, True, True]"
24,0.9999818223964119,"[True, True, True, True, True, True, True, True, True, True, True, True, True, True, True, True, True, True, True, False, False, False, False, True, True, False, False, False, False, False, False, False, True, False, True, True, False, True, True, False]"
24,0.9805580168544444,"[True, True, True, True, True, True, True, True, False, True, True, True, True, True, True, True, False, True, True, True, False, True, False, False, True, True, False, True, False, False, True, True, True, True, False, False, True, False, True, True]"
24,0.9245487945215344,"[True, True, True, True, True, True, False, True, True, True, True, True, True, True, True, True, True, True, True, False, False, False, True, False, True, False, False, True, False, False, True, True, True, False, True, True, False, True, True, False]"
24,9.536583133300622e-07,"[False, False, True, True, True, True, True, True, True, True, True, True, True, True, True, True, True, True, True, True, True, False, False, False, True, True, True, True, False, True, True, False, False, False, True, True, False, False, True, True]"
24,0.961601907996338,"[True, True, True, True, True, True, True, False, True, True, True, True, True, True, True, True, True, True, True, False, False, True, False, True, True, False, True, True, False, False, True, True, False, False, False, True, False, False, True, False]"
24,0.7279597272016145,"[True, True, True, True, False, True, True, True, True, True, True, True, True, True, True, True, True, True, False, True, True, False, True, True, False, True, False, True, False, False, False, True, True, False, True, False, False, False, True, False]"
24,0.05628928927372871,"[True, False, True, True, True, True, True, True, True, True, True, True, True, True, False, True, True, True, True, False, False, False, True, False, True, False, False, True, False, True, True, True, True, False, True, True, False, False, True, False]"
24,0.9890615328330163,"[True, True, True, True, True, True, True, True, True, False, True, True, False, True, True, True, True, True, True, True, False, True, False, True, False, True, False, True, False, True, False, True, False, True, True, True, False, False, True, False]"
24,0.999987852054816,"[True, True, True, True, True, True, True, True, True, True, True, True, True, True, True, True, True, True, True, False, True, False, True, True, True, False, False, True, True, True, True, False, False, True, True, True, False, True, True, True]"
24,0.9951259021631481,"[True, True, True, True, True, True, True, True, True, True, False, True, True, True, True, True, True, True, True, True, True, True, False, False, True, False, True, False, False, False, False, True, False, False, True, False, False, False, False, False]"
24,0.9999967610667141,"[True, True, True, True, True, True, True, True, True, True, True, True, True, True, True, True, True, True, True, True, True, False, True, False, True, False, False, True, False, False, False, False, True, True, True, False, False, False, True, False]"
24,0.8542792724848934,"[True, True, True, True, True, False, True, True, True, True, True, True, True, True, True, True, True, True, True, False, True, False, False, True, True, False, False, True, True, True, True, False, False, True, True, False, False, True, True, True]"
24,0.9975158356275867,"[True, True, True, True, True, True, True, True, True, True, True, False, True, True, True, True, True, False, True, True, False, False, True, True, True, False, False, True, True, False, False, False, True, True, True, True, False, False, False, False]"
24,0.9999137022268597,"[True, True, True, True, True, True, True, True, True, True, True, True, True, True, True, True, False, True, True, False, True, True, True, True, False, False, True, True, False, True, False, True, True, True, True, True, False, False, True, False]"
24,0.05071473205872227,"[True, False, True, True, True, True, False, True, True, True, True, True, True, True, True, True, True, True, True, True, True, False, False, True, True, False, True, False, False, False, False, True, True, False, True, True, True, True, True, False]"
24,0.5244587465518302,"[True, True, True, False, True, True, True, True, True, True, True, True, True, True, True, True, True, True, True, True, True, False, True, False, True, True, False, True, False, False, False, False, True, True, True, True, False, False, True, False]"
24,0.056313271526056655,"[True, False, True, True, True, True, True, True, True, True, True, True, True, True, True, True, True, True, True, True, True, False, True, False, True, False, False, True, False, False, False, False, True, True, True, True, False, False, True, False]"
24,0.9603227576574276,"[True, True, True, True, True, True, True, False, True, True, True, True, False, True, True, True, False, False, True, True, False, True, False, True, False, True, False, True, False, True, False, True, True, True, True, True, False, False, True, False]"
24,0.9999913613527713,"[True, True, True, True, True, True, True, True, True, True, True, True, True, True, True, True, True, True, True, True, False, False, False, True, True, False, False, False, False, False, False, True, True, False, True, True, False, True, True, False]"
step,fitness,genome
25,0.26301726906278916,"[True, True, False, True, True, True, True, True, True, True, True, True, True, True, True, False, True, False, True, True, True, False, True, False, True, False, False, True, True, False, True, False, True, False, True, False, False, False, False, False]"
25,0.9999930356570966,"[True, True, True, True, True, True, True, True, True, True, True, True, True, True, True, True, True, True, True, True, False, True, False, False, False, True, False, True, False, False, False, False, True, True, False, True, False, False, True, True]"
25,0.9999907629828305,"[True, True, True, True, True, True, True, True, True, True, True, True, True, True, True, True, True, True, True, True, False, False, False, False, True, False, False, False, False, False, False, False, True, False, True, True, False, True, True, False]"
25,0.9999978825710226,"[True, True, True, True, True, True, True, True, True, True, True, True, True, True, True, True, True, True, True, True, True, True, False, False, False, True, True, True, False, False, True, False, True, False, False, True, False, False, False, True]"
25,0.9999435717613859,"[True, True, True, True, True, True, True, True, True, True, True, True, True, True, True, True, True, False, True, False, False, False, False, True, False, True, False, True, False, False, True, True, True, False, True, False, False, False, True, True]"
25,0.9806236871381643,"[True, True, True, True, True, True, True, True, False, True, True, True, True, True, True, True, True, True, True, False, False, True, False, False, True, True, True, True, False, True, True, False, True, True, True, False, True, False, True, True]"
25,0.9999973757379916,"[True, True, True, True, True, True, True, True, True, True, True, True, True, True, True, True, True, True, True, True, True, False, True, True, True, False, False, True, True, False, False, False, True, True, True, False, False, False, True, False]"
25,0.9993879976411847,"[True, True, True, True, True, True, True, True, True, True, True, True, True, False, True, True, True, True, True, True, True, True, False, False, True, True, True, True, False, False, True, False, True, False, False, True, False, False, False, True]"
25,0.8542843616204784,"[True, True, True, True, True, False, True, True, True, True, True, True, True, True, True, True, True, True, True, True, False, False, True, True, False, True, True, True, False, True, False, True, False, False, False, False, False, True, True, False]"
25,0.9615773692907164,"[True, True, True, True, True, True, True, False, True, True, True, True, True, True, True, True, True, False, True, True, True, False, True, True, False, False, False, False, True, True, False, True, True, False, True, False, False, False, True, False]"
25,0.9902700811800237,"[True, True, True, True, True, True, True, True, True, False, True, True, True, True, True, True, True, True, True, True, False, False, True, True, True, True, True, True, True, True, False, False, True, False, True, False, True, False, True, True]"
25,0.9984667535974446,"[True, True, True, True, True, True, True, True, True, True, True, True, False, True, False, True, True, True, True, True, False, False, False, True, True, True, False, True, True, True, False, False, True, True, True, False, False, False, True, False]"
25,0.990195037793926,"[True, True, True, True, True, True, True, True, True, False, True, True, True, True, True, True, False, True, True, True, False, True, False, False, True, True, True, True, False, True, True, True, True, True, False, False, True, False, True, True]"
25,0.05631260276112854,"[True, False, True, True, True, True, True, True, True, True, True, True, True, True, True, True, True, True, True, False, True, False, True, True, True, False, False, True, True, True, True, True, False, True, True, True, False, True, True, True]"
25,0.2601448741472501,"[True, True, False, True, True, True, True, True, True, False, True, True, True, True, True, True, True, True, False, False, True, False, True, True, True, False, False, True, True, True, True, False, False, True, True, True, False, True, True, True]"
25,0.9975146508470756,"[True, True, True, True, True, True, True, True, True, True, True, False, True, True, True, True, True, False, True, True, False, False, False, True, True, False, False, True, True, False, True, False, True, True, True, True, False, False, False, False]"
25,0.9999949915603896,"[True, True, True, True, True, True, True, True, True, True, True, True, True, True, True, True, True, True, True, True, False, True, True, True, True, False, False, True, True, False, False, False, True, True, True, False, False, False, True, False]"
25,0.0009576393476695487,"[False, True, True, True, True, True, True, True, True, False, True, True, True, True, True, True, True, True, True, True, False, False, False, True, True, False, True, False, False, False, False, True, True, True, True, True, False, True, True, False]"
25,0.999906929011688,"[True, True, True, True, True, True, True, True, True, True, True, True, True, True, True, True, False, True, True, False, False, False, True, True, True, True, False, True, True, False, False, False, True, False, True, False, False, False, True, True]"
25,0.9999981829220211,"[True, True, True, True, True, True, True, True, True, True, True, True, True, True, True, True, True, True, True, True, True, True, False, False, True, True, True, True, False, False, True, True, True, False, False, True, False, False, False, True]"
25,0.26234189189702883,"[True, True, False, True, True, True, True, True, True, True, True, False, True, True, True, True, True, True, True, True, True, True, False, False, True, True, False, False, False, True, False, True, False, False, True, False, False, False, False, False]"
25,0.9999981120452172,"[True, True, True, True, True, True, True, True, True, True, True, True, True, True, True, True, True, True, True, True, True, True, False, False, True, True, False, True, False, True, False, True, False, False, True, False, False, False, False, False]"
25,0.2630735987897479,"[True, True, False, True, True, True, True, True, True, True, True, True, True, True, True, True, True, True, True, True, False, True, False, False, True, True, True, True, False, True, True, True, False, True, False, False, False, False, True, True]"
25,0.9569059389222219,"[True, True, True, True, True, True, True, False, True, True, False, True, True, True, True, True, True, True, True, True, False, False, True, False, True, False, False, True, True, False, False, False, True, True, True, False, False, False, True, False]"
25,0.056313370155733365,"[True, False, True, True, True, True, True, True, True, True, True, True, True, True, True, True, True, True, True, True, True, True, False, False, True, True, False, False, False, True, False, True, False, False, True, False, False, False, False, False]"
25,0.9996882548155033,"[True, True, True, True, True, True, True, True, True, True, True, True, True, True, False, True, True, True, True, True, False, True, False, False, True, True, True, False, False, True, True, True, True, False, True, False, True, True, False, False]"
25,0.999991560248639,"[True, True, True, True, True, True, True, True, True, True, True, True, True, True, True, True, True, True, True, True, False, False, False, True, True, True, False, True, False, True, True, True, False, False, True, False, False, False, True, True]"
25,0.7279744605260877,"[True, True, True, True, False, True, True, True, True, True, True, True, True, True, True, True, True, True, True, True, True, True, False, False, False, False, True, True, False, True, True, False, True, False, False, True, False, False, False, False]"
25,0.9993877091629705,"[True, True, True, True, True, True, True, True, True, True, True, True, True, False, True, True, True, True, True, True, True, True, False, False, False, True, True, True, False, True, True, False, True, False, False, True, True, False, False, True]"
25,0.26307303974600477,"[True, True, False, True, True, True, True, True, True, True, True, True, True, True, True, True, True, True, True, True, False, False, False, True, True, True, False, True, True, False, False, False, True, False, True, False, False, True, True, False]"
25,0.9999973741827594,"[True, True, True, True, True, True, True, True, True, True, True, True, True, True, True, True, True, True, True, True, True, False, True, True, True, False, False, True, True, False, False, False, False, False, True, True, False, True, True, True]"
25,0.9999681583464402,"[True, True, True, True, True, True, True, True, True, True, True, True, True, True, True, True, True, True, False, False, True, False, True, False, True, False, False, True, False, False, True, True, True, True, True, False, True, False, True, False]"
25,0.999987852054816,"[True, True, True, True, True, True, True, True, True, True, True, True, True, True, True, True, True, True, True, False, True, False, True, True, True, False, False, True, True, True, True, False, False, True, True, True, False, True, True, True]"
25,0.9996667021655209,"[True, True, True, True, True, True, True, True, True, True, True, True, True, True, False, True, True, True, False, True, False, False, False, False, True, False, True, True, True, True, False, False, False, False, True, True, False, False, False, True]"
25,0.9999743358747682,"[True, True, True, True, True, True, True, True, True, True, True, True, True, True, True, True, True, True, False, True, False, True, False, False, True, True, True, True, False, False, False, True, False, False, True, True, False, True, True, False]"
25,0.9875487664689768,"[True, True, True, True, True, True, True, True, True, False, True, False, True, True, False, True, True, True, True, True, False, False, False, False, False, True, False, True, False, False, False, True, True, False, True, False, True, False, False, False]"
25,0.9987780012708669,"[True, True, True, True, True, True, True, True, True, True, True, True, False, True, True, True, True, True, True, True, True, True, False, False, True, False, True, True, False, False, True, False, True, False, True, True, False, True, False, False]"
25,0.26307072026662837,"[True, True, False, True, True, True, True, True, True, True, True, True, True, True, True, True, True, True, True, False, False, True, False, False, True, True, True, False, False, True, True, True, False, False, True, False, True, True, False, True]"
25,0.009092341774734508,"[True, False, False, True, True, True, True, True, True, True, True, True, True, True, True, False, True, True, False, True, False, False, True, True, True, False, False, True, True, False, False, False, True, True, True, False, False, False, True, False]"
25,0.12239870095203213,"[True, True, False, False, True, True, True, True, False, True, True, True, True, True, True, True, True, True, True, True, False, False, False, True, True, True, False, False, False, False, False, True, True, False, True, True, False, True, True, False]"
25,0.9805946455474679,"[True, True, True, True, True, True, True, True, False, True, True, True, True, True, True, True, True, False, True, True, False, False, True, True, False, True, False, True, True, True, True, True, True, True, True, False, False, False, True, False]"
25,0.9995349410460351,"[True, True, True, True, True, True, True, True, True, True, True, True, True, True, False, False, True, True, True, True, False, False, True, True, True, False, False, True, True, False, False, False, True, True, True, False, False, False, True, False]"
25,0.9999909654437813,"[True, True, True, True, True, True, True, True, True, True, True, True, True, True, True, True, True, True, True, True, False, False, False, False, True, True, False, True, False, True, True, True, True, False, True, False, True, False, True, True]"
25,0.9987762381208857,"[True, True, True, True, True, True, True, True, True, True, True, True, False, True, True, True, True, True, True, True, True, False, False, True, True, False, True, True, True, True, False, False, True, False, False, True, True, False, True, False]"
25,0.9999961199295729,"[True, True, True, True, True, True, True, True, True, True, True, True, True, True, True, True, True, True, True, True, True, False, False, True, False, True, True, True, True, True, False, True, True, False, False, False, False, True, False, False]"
25,0.8521687098325808,"[True, True, True, True, True, False, True, True, True, True, True, False, True, True, True, True, True, True, True, True, False, True, False, False, True, True, True, False, False, True, True, True, True, True, False, False, True, False, True, True]"
25,0.26302818277426393,"[True, True, False, True, True, True, True, True, True, True, True, True, True, True, True, False, True, True, True, True, False, True, True, True, True, False, False, False, False, False, True, True, True, True, True, True, False, False, False, False]"
25,0.9613055120466987,"[True, True, True, True, True, True, True, False, True, True, True, True, True, True, False, True, True, True, True, False, False, False, True, False, True, False, False, False, False, True, False, True, True, False, True, True, False, True, True, False]"
25,0.9999965075549289,"[True, True, True, True, True, True, True, True, True, True, True, True, True, True, True, True, True, True, True, True, True, False, True, False, False, False, True, False, False, True, False, False, False, False, False, False, False, False, False, False]"
25,0.9999687789407279,"[True, True, True, True, True, True, True, True, True, True, True, True, True, True, True, True, True, True, False, False, True, False, True, True, True, False, False, True, True, True, True, False, False, True, True, True, False, True, True, True]"
25,0.9951062371260805,"[True, True, True, True, True, True, True, True, True, True, False, True, True, True, True, True, True, True, False, True, True, False, True, True, False, True, True, True, True, True, False, True, True, True, False, False, False, False, True, False]"
25,0.956910260405671,"[True, True, True, True, True, True, True, False, True, True, False, True, True, True, True, True, True, True, True, True, True, False, True, False, False, False, True, False, False, True, False, False, False, False, False, False, False, False, False, True]"
25,0.9999544428437034,"[True, True, True, True, True, True, True, True, True, True, True, True, True, True, True, True, True, False, True, True, False, False, True, True, True, False, False, True, False, False, False, False, True, True, True, True, False, False, True, False]"
25,0.999996805577256,"[True, True, True, True, True, True, True, True, True, True, True, True, True, True, True, True, True, True, True, True, True, False, True, False, True, False, True, False, False, True, False, False, False, False, False, False, False, False, False, False]"
25,0.9999735317911764,"[True, True, True, True, True, True, True, True, True, True, True, True, True, True, True, True, True, True, False, True, False, False, True, True, True, False, False, True, False, True, True, True, True, True, False, True, True, False, True, False]"
25,0.9999715802274596,"[True, True, True, True, True, True, True, True, True, True, True, True, True, True, True, True, True, True, False, True, False, False, False, False, False, True, False, True, False, False, False, True, True, False, True, False, False, True, False, False]"
25,0.9996919988337553,"[True, True, True, True, True, True, True, True, True, True, True, True, True, True, False, True, True, True, True, True, True, False, True, True, False, False, True, True, False, False, False, False, False, False, True, False, True, False, True, False]"
25,0.999287933420398,"[True, True, True, True, True, True, True, True, True, True, True, True, True, False, True, True, False, True, False, True, False, True, False, False, True, True, True, True, False, True, True, True, True, False, True, True, False, False, False, False]"
25,0.9980094138471574,"[True, True, True, True, True, True, True, True, True, True, True, True, False, False, True, False, True, True, True, True, False, False, False, True, False, True, False, True, True, False, True, False, True, True, True, True, False, True, False, False]"
25,0.9987542701160609,"[True, True, True, True, True, True, True, True, True, True, True, True, False, True, True, True, True, True, False, True, False, True, False, False, True, True, False, True, False, True, True, False, True, True, True, False, True, False, True, True]"
25,0.9999815161836926,"[True, True, True, True, True, True, True, True, True, True, True, True, True, True, True, True, True, True, True, False, False, False, False, False, True, True, True, True, True, True, False, True, False, False, True, True, False, False, False, True]"
25,0.9902753741446046,"[True, True, True, True, True, True, True, True, True, False, True, True, True, True, True, True, True, True, True, True, True, True, False, False, True, True, True, True, False, False, True, False, False, False, False, True, False, False, False, True]"
25,0.6991404199557391,"[True, True, True, True, False, True, True, False, True, True, True, True, True, True, True, True, True, True, True, False, True, False, True, True, True, False, False, True, True, True, True, False, False, False, False, True, True, True, True, True]"
25,0.9999978543312663,"[True, True, True, True, True, True, True, True, True, True, True, True, True, True, True, True, True, True, True, True, True, True, False, False, False, True, True, False, False, True, True, False, False, True, True, True, False, False, False, False]"
25,0.9999969124152965,"[True, True, True, True, True, True, True, True, True, True, True, True, True, True, True, True, True, True, True, True, True, False, True, False, True, True, False, True, False, False, False, True, True, True, True, False, False, False, True, True]"
25,0.9793946074617262,"[True, True, True, True, True, True, True, True, False, True, True, True, False, True, True, True, True, False, True, True, False, False, False, True, False, False, False, True, False, True, True, True, True, False, True, False, False, False, True, False]"
25,0.999995814895252,"[True, True, True, True, True, True, True, True, True, True, True, True, True, True, True, True, True, True, True, True, True, False, False, False, True, True, True, True, True, False, True, False, True, False, False, False, False, False, False, True]"
25,0.8887734154110438,"[True, True, True, True, True, True, False, False, True, True, True, True, True, True, True, True, True, True, False, False, True, False, False, False, True, False, True, False, False, False, False, True, False, True, True, False, False, False, True, False]"
25,0.9999965093557227,"[True, True, True, True, True, True, True, True, True, True, True, True, True, True, True, True, True, True, True, True, True, False, True, False, False, False, True, False, False, True, False, False, True, True, False, False, False, True, True, False]"
25,0.0009740921464732948,"[False, True, True, True, True, True, True, True, True, True, True, True, False, True, True, True, True, False, True, True, False, False, True, True, True, False, False, True, False, False, False, False, False, False, True, False, False, False, True, False]"
25,0.9951187718940379,"[True, True, True, True, True, True, True, True, True, True, False, True, True, True, True, True, True, True, True, True, False, False, False, False, True, False, False, True, True, True, False, True, False, False, True, True, False, False, False, True]"
25,0.0009741348394080408,"[False, True, True, True, True, True, True, True, True, True, True, True, False, True, True, True, True, True, False, True, True, False, False, False, False, True, False, True, False, False, False, True, True, False, True, False, False, True, True, False]"
25,0.5244585160792232,"[True, True, True, False, True, True, True, True, True, True, True, True, True, True, True, True, True, True, True, True, True, False, True, False, False, False, True, False, False, False, False, False, False, False, False, False, False, False, False, False]"
25,9.265793440644982e-10,"[False, False, False, True, True, True, True, True, True, True, True, True, True, False, True, True, True, True, False, True, False, False, False, True, False, True, True, True, False, True, True, False, True, False, True, True, False, False, False, False]"
25,0.9245582476233847,"[True, True, True, True, True, True, False, True, True, True, True, True, True, True, True, True, True, True, True, True, False, False, True, True, True, False, False, True, True, False, False, False, True, True, False, False, True, False, True, False]"
25,0.9996491886990294,"[True, True, True, True, True, True, True, True, True, True, True, True, True, True, False, True, True, False, True, True, False, False, True, True, False, True, False, True, False, True, True, True, True, True, True, False, False, True, True, False]"
25,0.056037580022777304,"[True, False, True, True, True, True, True, True, True, True, True, False, False, True, True, True, True, True, False, True, True, True, False, False, True, True, False, False, False, True, False, True, False, False, True, False, False, False, False, False]"
25,0.9974339856634525,"[True, True, True, True, True, True, True, True, True, True, True, False, True, True, True, True, False, False, True, False, True, False, False, True, True, True, True, True, False, True, True, False, True, False, False, True, False, False, False, False]"
25,0.9616128388549131,"[True, True, True, True, True, True, True, False, True, True, True, True, True, True, True, True, True, True, True, True, True, False, False, False, True, False, True, True, False, False, True, False, False, False, True, True, False, True, False, False]"
25,0.9996876239398412,"[True, True, True, True, True, True, True, True, True, True, True, True, True, True, False, True, True, True, True, True, False, False, True, True, True, True, False, True, True, False, False, False, True, False, True, False, False, False, True, True]"
25,0.9615808399358283,"[True, True, True, True, True, True, True, False, True, True, True, True, True, True, True, True, True, True, False, False, False, False, False, True, False, False, False, True, False, True, False, True, True, True, False, False, False, False, True, True]"
25,0.26306230365295785,"[True, True, False, True, True, True, True, True, True, True, True, True, True, True, True, True, True, False, True, True, False, True, False, True, True, True, True, False, True, True, True, True, False, True, True, True, True, False, False, True]"
25,0.2597855525526823,"[True, True, False, True, True, True, True, True, True, False, True, True, False, True, True, True, True, True, True, False, False, False, False, False, True, True, True, True, False, True, True, True, False, False, False, True, True, False, True, False]"
25,0.9987781496552638,"[True, True, True, True, True, True, True, True, True, True, True, True, False, True, True, True, True, True, True, True, True, True, False, False, True, True, True, True, False, False, True, False, True, False, False, False, False, False, False, True]"
25,0.7279627051628492,"[True, True, True, True, False, True, True, True, True, True, True, True, True, True, True, True, True, True, True, False, False, False, False, True, True, True, True, True, False, True, True, True, True, False, True, True, True, False, False, False]"
25,0.999990894485584,"[True, True, True, True, True, True, True, True, True, True, True, True, True, True, True, True, True, True, True, True, False, False, False, False, True, False, True, True, True, False, False, True, False, False, True, True, False, False, False, True]"
25,0.9902009314162621,"[True, True, True, True, True, True, True, True, True, False, True, True, True, True, True, True, False, True, True, True, True, True, True, False, True, True, True, True, False, False, False, True, True, False, True, False, False, False, False, False]"
25,0.9999978918751357,"[True, True, True, True, True, True, True, True, True, True, True, True, True, True, True, True, True, True, True, True, True, True, False, False, False, True, True, True, False, True, True, False, True, False, False, True, False, False, False, False]"
25,0.961608701969381,"[True, True, True, True, True, True, True, False, True, True, True, True, True, True, True, True, True, True, True, True, False, False, False, True, True, False, False, False, False, False, False, True, True, False, True, True, False, True, True, False]"
25,0.7134187367381594,"[True, True, True, True, False, True, True, True, False, True, True, True, True, True, True, True, True, True, True, False, False, False, True, False, True, False, False, True, True, True, False, False, True, True, True, False, False, False, True, False]"
25,0.5244536804951399,"[True, True, True, False, True, True, True, True, True, True, True, True, True, True, True, True, True, True, True, False, True, False, True, True, True, False, False, True, True, True, True, True, False, True, True, True, False, True, True, True]"
25,0.9245542876074678,"[True, True, True, True, True, True, False, True, True, True, True, True, True, True, True, True, True, True, True, False, True, True, False, False, False, True, True, True, False, True, True, True, True, False, False, True, False, False, False, False]"
25,0.9614448290008629,"[True, True, True, True, True, True, True, False, True, True, True, True, True, True, True, False, True, True, False, True, False, True, False, False, True, False, True, True, False, False, False, True, False, False, True, True, True, False, False, False]"
25,0.9999992203177506,"[True, True, True, True, True, True, True, True, True, True, True, True, True, True, True, True, True, True, True, True, True, True, True, False, True, False, True, True, False, False, False, True, False, False, True, False, False, False, False, False]"
25,0.9963359592097588,"[True, True, True, True, True, True, True, True, True, True, True, False, False, True, True, True, True, True, True, True, False, False, True, False, True, False, False, True, True, False, False, True, True, False, True, True, False, False, False, False]"
25,0.7279702188136112,"[True, True, True, True, False, True, True, True, True, True, True, True, True, True, True, True, True, True, True, True, False, False, True, False, True, False, True, True, True, True, True, False, False, False, True, True, False, False, True, True]"
25,0.8541535697406315,"[True, True, True, True, True, False, True, True, True, True, True, True, True, True, True, False, True, True, True, True, False, True, True, False, True, False, False, True, False, True, True, True, True, False, True, False, False, False, True, False]"
25,0.9999927540611478,"[True, True, True, True, True, True, True, True, True, True, True, True, True, True, True, True, True, True, True, True, False, False, True, True, True, True, False, True, False, True, True, True, True, True, True, False, False, False, False, True]"
25,0.9999996961833364,"[True, True, True, True, True, True, True, True, True, True, True, True, True, True, True, True, True, True, True, True, True, True, True, True, False, True, True, True, True, True, False, True, True, False, False, False, False, False, True, False]"
25,0.5244503907188217,"[True, True, True, False, True, True, True, True, True, True, True, True, True, True, True, True, True, True, True, False, False, False, False, True, True, True, False, False, False, False, False, True, True, False, True, True, False, True, True, False]"
step,fitness,genome
26,9.490192080956232e-07,"[False, False, True, True, True, True, True, True, True, True, True, True, False, True, True, True, True, True, True, True, True, True, False, False, False, False, True, False, False, True, True, False, True, False, False, True, False, False, True, False]"
26,0.524443092587165,"[True, True, True, False, True, True, True, True, True, True, True, True, True, True, True, True, True, True, False, False, True, False, True, True, True, True, False, True, True, True, True, False, False, True, True, True, False, True, False, True]"
26,0.5244554208976228,"[True, True, True, False, True, True, True, True, True, True, True, True, True, True, True, True, True, True, True, True, False, False, False, False, True, True, False, True, False, True, True, True, True, False, True, False, True, False, True, True]"
26,0.9951187718940379,"[True, True, True, True, True, True, True, True, True, True, False, True, True, True, True, True, True, True, True, True, False, False, False, False, True, False, False, True, True, True, False, True, False, False, True, True, False, False, False, True]"
26,0.9996692067200216,"[True, True, True, True, True, True, True, True, True, True, True, True, True, True, False, True, True, True, False, True, False, True, False, False, True, True, True, True, False, False, False, False, False, False, True, True, False, True, True, False]"
26,0.9999927214832606,"[True, True, True, True, True, True, True, True, True, True, True, True, True, True, True, True, True, True, True, True, False, False, True, True, True, True, False, False, True, False, False, True, True, True, True, False, False, False, True, True]"
26,0.9616150154925267,"[True, True, True, True, True, True, True, False, True, True, True, True, True, True, True, True, True, True, True, True, True, True, False, False, False, True, True, True, True, False, True, False, True, False, False, True, False, True, False, True]"
26,0.9996925666922645,"[True, True, True, True, True, True, True, True, True, True, True, True, True, True, False, True, True, True, True, True, True, True, False, False, False, False, True, False, False, True, False, False, False, False, True, False, False, False, False, False]"
26,0.9999907629828305,"[True, True, True, True, True, True, True, True, True, True, True, True, True, True, True, True, True, True, True, True, False, False, False, False, True, False, False, False, False, False, False, False, True, False, True, True, False, True, True, False]"
26,0.000976510801476051,"[False, True, True, True, True, True, True, True, True, True, True, True, True, True, True, True, True, True, False, True, False, False, True, True, True, False, False, True, False, True, True, True, False, False, False, True, True, False, True, False]"
26,0.9616140597574956,"[True, True, True, True, True, True, True, False, True, True, True, True, True, True, True, True, True, True, True, True, True, False, True, False, True, True, False, True, False, False, False, True, False, True, True, False, False, False, False, True]"
26,0.9999981132275583,"[True, True, True, True, True, True, True, True, True, True, True, True, True, True, True, True, True, True, True, True, True, True, False, False, True, True, False, True, False, True, False, True, True, False, True, False, False, False, True, False]"
26,0.9999880007737736,"[True, True, True, True, True, True, True, True, True, True, True, True, True, True, True, True, True, True, True, False, True, False, True, True, True, True, False, True, True, True, True, False, False, True, False, True, False, True, True, True]"
26,0.6704969538214903,"[True, True, True, True, False, True, False, True, True, True, True, True, False, True, True, True, True, True, True, True, False, True, False, True, False, True, False, True, False, False, False, False, True, True, False, True, False, False, True, False]"
26,0.9999927540520529,"[True, True, True, True, True, True, True, True, True, True, True, True, True, True, True, True, True, True, True, True, False, False, True, True, True, True, False, True, False, True, True, True, True, True, True, False, False, False, False, False]"
26,0.9987762369580147,"[True, True, True, True, True, True, True, True, True, True, True, True, False, True, True, True, True, True, True, True, True, False, False, True, True, False, True, True, True, True, False, False, False, False, False, True, True, False, True, False]"
26,0.0008337369812072285,"[False, True, True, True, True, True, False, True, True, True, True, True, True, True, False, True, True, True, True, True, False, False, False, True, True, True, False, True, True, False, False, False, True, False, True, False, False, True, True, True]"
26,0.9975491549673452,"[True, True, True, True, True, True, True, True, True, True, True, False, True, True, True, True, True, True, True, False, True, False, True, True, True, False, False, True, True, True, True, True, False, True, False, True, False, True, True, True]"
26,0.9999727350112297,"[True, True, True, True, True, True, True, True, True, True, True, True, True, True, True, True, True, True, False, True, False, False, True, False, False, True, False, False, False, False, False, True, True, False, True, False, False, False, False, True]"
26,0.9996919988155705,"[True, True, True, True, True, True, True, True, True, True, True, True, True, True, False, True, True, True, True, True, True, False, True, True, False, False, True, True, False, False, False, False, False, False, True, False, True, False, False, False]"
26,0.0009765458890857152,"[False, True, True, True, True, True, True, True, True, True, True, True, True, True, True, True, True, True, True, True, False, False, False, True, True, False, True, True, True, False, True, True, False, False, True, True, False, False, False, True]"
26,0.05630927767376265,"[True, False, True, True, True, True, True, True, True, True, True, True, True, True, True, True, True, False, True, False, False, False, False, True, False, True, False, True, False, False, True, False, True, False, True, False, False, False, True, True]"
26,0.9999835900355167,"[True, True, True, True, True, True, True, True, True, True, True, True, True, True, True, True, True, True, True, False, False, True, False, False, False, True, True, True, False, True, True, True, True, True, True, False, True, False, True, True]"
26,0.5241181226319535,"[True, True, True, False, True, True, True, True, True, True, True, True, True, False, True, True, True, True, True, True, True, True, False, False, True, True, True, True, True, False, True, False, True, False, False, True, False, False, False, True]"
26,0.9999544613238781,"[True, True, True, True, True, True, True, True, True, True, True, True, True, True, True, True, True, False, True, True, False, False, True, True, True, False, False, True, True, False, False, False, True, True, True, False, False, False, True, False]"
26,0.9999965075549289,"[True, True, True, True, True, True, True, True, True, True, True, True, True, True, True, True, True, True, True, True, True, False, True, False, False, False, True, False, False, True, False, False, False, False, False, False, False, False, False, False]"
26,0.9926977797741263,"[True, True, True, True, True, True, True, True, True, True, False, False, True, True, True, True, True, True, True, True, True, True, False, False, False, True, True, True, False, True, True, False, True, False, False, True, False, False, False, False]"
26,0.9417684055401782,"[True, True, True, True, True, True, True, False, False, True, True, True, False, True, True, True, True, True, True, True, True, True, False, False, True, True, True, True, False, False, True, False, True, False, False, False, False, False, False, True]"
26,0.9999735317911764,"[True, True, True, True, True, True, True, True, True, True, True, True, True, True, True, True, True, True, False, True, False, False, True, True, True, False, False, True, False, True, True, True, True, True, False, True, True, False, True, False]"
26,0.9993776602307726,"[True, True, True, True, True, True, True, True, True, True, True, True, True, False, True, True, True, True, True, False, True, False, True, True, True, False, False, True, True, False, False, False, False, False, True, True, False, True, True, True]"
26,0.9999573719097645,"[True, True, True, True, True, True, True, True, True, True, True, True, True, True, True, True, True, False, True, True, True, False, False, False, False, True, True, True, True, False, True, True, False, False, False, False, False, True, False, True]"
26,0.9999964155871175,"[True, True, True, True, True, True, True, True, True, True, True, True, True, True, True, True, True, True, True, True, True, False, False, True, True, True, True, True, True, True, False, False, True, False, False, False, False, False, False, False]"
26,0.9999949729340222,"[True, True, True, True, True, True, True, True, True, True, True, True, True, True, True, True, True, True, True, True, False, True, True, True, True, False, False, True, False, False, False, False, True, True, True, False, False, False, True, False]"
26,0.7270556155979047,"[True, True, True, True, False, True, True, True, True, True, True, True, False, True, True, True, True, True, True, True, False, True, True, True, True, False, False, True, True, True, False, False, True, True, True, False, False, False, True, False]"
26,0.9984667535974446,"[True, True, True, True, True, True, True, True, True, True, True, True, False, True, False, True, True, True, True, True, False, False, False, True, True, True, False, True, True, True, False, False, True, True, True, False, False, False, True, False]"
26,0.9999978918751357,"[True, True, True, True, True, True, True, True, True, True, True, True, True, True, True, True, True, True, True, True, True, True, False, False, False, True, True, True, False, True, True, False, True, False, False, True, False, False, False, False]"
26,0.9996754198281883,"[True, True, True, True, True, True, True, True, True, True, True, True, True, True, False, True, True, True, False, True, True, True, True, True, False, True, False, True, True, True, False, True, True, False, False, False, False, False, True, False]"
26,0.9999687789407279,"[True, True, True, True, True, True, True, True, True, True, True, True, True, True, True, True, True, True, False, False, True, False, True, True, True, False, False, True, True, True, True, False, False, True, True, True, False, True, True, True]"
26,0.8542905860962909,"[True, True, True, True, True, False, True, True, True, True, True, True, True, True, True, True, True, True, True, True, True, True, True, True, False, True, True, True, True, True, False, True, True, False, False, False, False, False, True, False]"
26,0.9611680796101493,"[True, True, True, True, True, True, True, False, True, True, True, True, True, True, False, False, True, True, True, True, False, False, True, True, True, False, False, True, True, False, False, False, True, True, True, False, False, False, True, False]"
26,0.9999961199295729,"[True, True, True, True, True, True, True, True, True, True, True, True, True, True, True, True, True, True, True, True, True, False, False, True, False, True, True, True, True, True, False, True, True, False, False, False, False, True, False, False]"
26,0.008814047200065652,"[True, False, False, True, True, True, True, True, False, True, True, True, True, True, True, True, True, False, True, True, False, False, True, True, False, True, False, True, False, True, True, True, True, True, True, False, False, True, True, False]"
26,0.9999992246651322,"[True, True, True, True, True, True, True, True, True, True, True, True, True, True, True, True, True, True, True, True, True, True, True, False, True, False, True, True, False, False, True, False, True, True, True, True, True, True, True, False]"
26,0.9890616969287268,"[True, True, True, True, True, True, True, True, True, False, True, True, False, True, True, True, True, True, True, True, False, True, False, True, True, False, False, True, True, True, False, False, True, False, True, False, False, False, False, False]"
26,0.9999907624007587,"[True, True, True, True, True, True, True, True, True, True, True, True, True, True, True, True, True, True, True, True, False, False, False, False, True, False, False, False, False, False, False, False, False, True, True, True, False, True, True, False]"
26,0.05558435245589089,"[True, False, True, True, True, True, True, True, True, False, True, True, True, True, True, True, True, True, True, True, True, False, True, True, True, False, False, True, True, False, False, False, False, False, True, True, False, True, True, True]"
26,0.9972491362246413,"[True, True, True, True, True, True, True, True, True, True, True, False, True, True, False, True, True, True, True, True, False, False, True, True, False, False, False, True, False, True, True, True, True, True, True, False, False, True, True, False]"
26,0.999957616327115,"[True, True, True, True, True, True, True, True, True, True, True, True, True, True, True, True, True, False, True, True, True, False, False, False, True, True, True, False, False, True, False, False, False, False, False, False, False, False, False, False]"
26,0.9996548056701362,"[True, True, True, True, True, True, True, True, True, True, True, True, True, True, False, True, True, False, True, True, True, True, False, False, True, True, False, False, False, True, False, True, False, False, True, False, False, False, False, False]"
26,0.2630749395420324,"[True, True, False, True, True, True, True, True, True, True, True, True, True, True, True, True, True, True, True, True, True, True, False, False, False, True, True, True, False, False, True, False, True, False, False, True, False, False, False, True]"
26,0.9999930359481332,"[True, True, True, True, True, True, True, True, True, True, True, True, True, True, True, True, True, True, True, True, False, True, False, False, False, True, False, True, False, False, False, False, True, True, True, True, False, False, True, True]"
26,0.7279735338137904,"[True, True, True, True, False, True, True, True, True, True, True, True, True, True, True, True, True, True, True, True, True, False, True, False, False, False, True, False, False, True, False, False, True, True, True, False, False, True, True, False]"
26,0.9996876223123035,"[True, True, True, True, True, True, True, True, True, True, True, True, True, True, False, True, True, True, True, True, False, False, True, True, True, True, False, True, False, True, True, True, True, True, True, True, False, False, False, False]"
26,0.056312484886368475,"[True, False, True, True, True, True, True, True, True, True, True, True, True, True, True, True, True, True, True, False, True, False, False, False, True, True, True, True, True, True, False, True, False, False, True, True, False, False, False, True]"
26,0.9975146531792479,"[True, True, True, True, True, True, True, True, True, True, True, False, True, True, True, True, True, False, True, True, False, False, False, True, True, False, False, True, True, False, True, True, True, True, True, True, False, False, False, True]"
26,0.9974161457144326,"[True, True, True, True, True, True, True, True, True, True, True, False, True, True, True, True, False, False, False, False, True, False, True, True, True, True, True, True, False, True, True, False, True, False, False, True, False, False, False, False]"
26,0.998754268953213,"[True, True, True, True, True, True, True, True, True, True, True, True, False, True, True, True, True, True, False, True, False, True, False, False, True, True, False, True, False, True, True, False, False, True, True, False, True, False, True, True]"
26,0.9999835650611614,"[True, True, True, True, True, True, True, True, True, True, True, True, True, True, True, True, True, True, True, False, False, True, False, False, False, True, True, False, True, True, False, True, False, False, True, True, False, False, False, True]"
26,0.999996805577256,"[True, True, True, True, True, True, True, True, True, True, True, True, True, True, True, True, True, True, True, True, True, False, True, False, True, False, True, False, False, True, False, False, False, False, False, False, False, False, False, False]"
26,0.9999961199295729,"[True, True, True, True, True, True, True, True, True, True, True, True, True, True, True, True, True, True, True, True, True, False, False, True, False, True, True, True, True, True, False, True, True, False, False, False, False, True, False, False]"
26,0.9999054017716543,"[True, True, True, True, True, True, True, True, True, True, True, True, True, True, True, True, False, True, True, False, False, False, False, True, False, True, False, False, True, False, False, False, True, False, True, False, False, False, True, True]"
26,0.9999788372148004,"[True, True, True, True, True, True, True, True, True, True, True, True, True, True, True, True, True, True, False, True, True, True, False, False, False, True, True, True, True, True, True, False, True, False, False, True, False, False, False, False]"
26,0.9975609710637795,"[True, True, True, True, True, True, True, True, True, True, True, False, True, True, True, True, True, True, True, True, True, True, True, True, False, True, True, True, True, True, False, True, True, False, False, False, False, False, True, False]"
26,0.7132013571938118,"[True, True, True, True, False, True, True, True, False, True, True, True, True, True, False, True, True, True, True, True, False, True, False, False, False, True, False, True, False, False, False, False, True, True, False, True, False, False, True, True]"
26,0.6155468357595126,"[True, True, True, True, False, False, True, True, True, True, False, True, True, True, True, True, True, True, False, True, False, False, True, True, True, False, False, True, False, True, True, False, True, True, False, True, False, False, True, False]"
26,0.513463892713708,"[True, True, True, False, True, True, True, True, False, True, True, True, True, True, False, True, True, True, True, True, False, False, False, True, True, False, True, True, True, True, False, True, False, False, True, True, False, False, False, True]"
26,0.9999955238853665,"[True, True, True, True, True, True, True, True, True, True, True, True, True, True, True, True, True, True, True, True, True, False, False, False, False, True, True, True, True, True, False, True, True, False, False, False, False, True, False, False]"
26,0.05594763506220245,"[True, False, True, True, True, True, True, True, True, True, False, True, True, True, True, True, True, True, True, True, True, False, False, False, True, False, True, False, False, True, False, False, False, False, False, False, False, False, False, False]"
26,0.9999908945219634,"[True, True, True, True, True, True, True, True, True, True, True, True, True, True, True, True, True, True, True, True, False, False, False, False, True, False, True, True, True, False, False, True, False, False, True, True, False, True, False, True]"
26,0.0009717160506479071,"[False, True, True, True, True, True, True, True, True, True, True, False, True, True, True, True, True, False, True, True, False, False, True, True, True, False, False, True, True, False, True, False, True, True, True, True, False, False, False, False]"
26,0.2630750084477187,"[True, True, False, True, True, True, True, True, True, True, True, True, True, True, True, True, True, True, True, True, True, True, False, False, True, True, False, True, False, True, False, True, False, False, False, False, False, False, False, False]"
26,0.9999142277376787,"[True, True, True, True, True, True, True, True, True, True, True, True, True, True, True, True, False, True, True, True, False, False, False, False, False, False, False, True, False, True, True, True, True, False, True, False, True, False, True, True]"
26,0.7279747912118804,"[True, True, True, True, False, True, True, True, True, True, True, True, True, True, True, True, True, True, True, True, True, True, False, False, True, True, True, True, False, False, True, True, True, False, False, True, False, False, False, True]"
26,0.999694086656726,"[True, True, True, True, True, True, True, True, True, True, True, True, True, True, False, True, True, True, True, True, True, True, True, False, True, False, True, True, False, False, False, True, False, False, True, False, False, False, False, False]"
26,0.9999735504171844,"[True, True, True, True, True, True, True, True, True, True, True, True, True, True, True, True, True, True, False, True, False, False, True, True, True, False, False, True, True, True, True, True, True, True, False, True, True, False, True, False]"
26,0.9999949915603896,"[True, True, True, True, True, True, True, True, True, True, True, True, True, True, True, True, True, True, True, True, False, True, True, True, True, False, False, True, True, False, False, False, True, True, True, False, False, False, True, False]"
26,0.9999435717613859,"[True, True, True, True, True, True, True, True, True, True, True, True, True, True, True, True, True, False, True, False, False, False, False, True, False, True, False, True, False, False, True, True, True, False, True, False, False, False, True, True]"
26,0.9876650481329928,"[True, True, True, True, True, True, True, True, True, False, True, False, True, True, True, False, True, False, True, True, False, True, False, True, True, False, False, True, True, False, True, True, True, True, True, True, False, False, False, False]"
26,0.713172856633309,"[True, True, True, True, False, True, True, True, False, True, True, True, True, True, False, True, True, False, True, True, False, False, True, True, False, True, True, True, True, True, True, True, True, False, True, False, False, False, False, False]"
26,0.0562902907574445,"[True, False, True, True, True, True, True, True, True, True, True, True, True, True, False, True, True, True, True, True, True, False, False, False, True, True, True, True, True, False, True, False, True, False, False, False, False, True, False, True]"
26,0.9999687696277638,"[True, True, True, True, True, True, True, True, True, True, True, True, True, True, True, True, True, True, False, False, True, False, True, True, True, False, False, True, True, False, True, False, False, True, True, True, False, True, True, True]"
26,0.9896327430388479,"[True, True, True, True, True, True, True, True, True, False, True, True, True, False, True, True, True, False, True, True, True, True, False, False, True, True, True, True, False, False, True, False, True, False, False, True, False, False, False, True]"
26,0.0009670615167886609,"[False, True, True, True, True, True, True, True, True, True, False, True, True, True, True, True, True, True, True, True, True, False, True, False, True, True, False, False, False, False, True, True, True, True, True, False, True, False, True, True]"
26,0.0009753089309622187,"[False, True, True, True, True, True, True, True, True, True, True, True, True, False, True, True, True, True, False, False, True, False, True, False, True, False, False, True, False, False, False, True, True, True, True, False, False, False, True, True]"
26,0.9996945439157756,"[True, True, True, True, True, True, True, True, True, True, True, True, True, True, False, True, True, True, True, True, True, True, True, True, False, True, True, True, False, True, False, True, True, False, False, True, False, False, True, False]"
26,0.7278527235402942,"[True, True, True, True, False, True, True, True, True, True, True, True, True, True, True, False, True, True, True, False, True, True, False, False, False, True, True, False, False, True, True, False, False, True, True, False, False, False, False, False]"
26,0.9901843318319427,"[True, True, True, True, True, True, True, True, True, False, True, True, True, True, True, True, False, True, True, False, False, False, True, False, True, True, False, True, True, False, False, False, True, False, True, False, False, False, True, True]"
26,0.999997508451153,"[True, True, True, True, True, True, True, True, True, True, True, True, True, True, True, True, True, True, True, True, True, False, True, True, True, True, False, True, False, False, False, True, True, True, True, False, False, False, True, False]"
26,0.7279520102806721,"[True, True, True, True, False, True, True, True, True, True, True, True, True, True, True, True, True, True, False, False, True, False, True, False, False, False, False, True, False, True, True, False, True, True, True, False, True, False, True, False]"
26,0.9985470366700213,"[True, True, True, True, True, True, True, True, True, True, True, True, False, True, True, False, False, True, True, True, True, False, False, False, True, False, True, True, True, True, False, False, True, False, False, True, True, False, True, False]"
26,0.9519316821425918,"[True, True, True, True, True, True, True, False, True, False, True, True, True, True, False, True, True, True, True, True, False, False, True, True, False, True, False, False, True, True, False, False, True, False, True, False, False, False, True, True]"
26,0.9945185197366646,"[True, True, True, True, True, True, True, True, True, True, False, True, True, False, True, True, True, True, True, True, True, True, False, False, True, True, False, True, False, True, True, False, True, False, True, True, False, False, False, True]"
26,0.9998980613889499,"[True, True, True, True, True, True, True, True, True, True, True, True, True, True, True, True, False, True, False, True, False, True, False, False, True, True, True, True, False, True, True, True, True, False, True, True, False, False, False, False]"
26,0.989641867573445,"[True, True, True, True, True, True, True, True, True, False, True, True, True, False, True, True, True, True, False, False, True, True, False, False, False, True, True, False, False, True, True, False, False, True, True, True, False, False, False, False]"
26,0.9999978825710226,"[True, True, True, True, True, True, True, True, True, True, True, True, True, True, True, True, True, True, True, True, True, True, False, False, False, True, True, True, False, False, True, False, True, False, False, True, False, False, False, True]"
26,0.9245609655507658,"[True, True, True, True, True, True, False, True, True, True, True, True, True, True, True, True, True, True, True, True, True, False, False, False, False, True, True, True, True, True, False, True, True, False, False, False, False, True, False, False]"
26,0.0006690070527757827,"[False, True, True, True, True, False, True, True, False, False, True, True, True, True, True, True, True, False, True, True, False, True, True, True, True, False, False, True, True, False, False, False, False, True, True, False, False, False, True, False]"
26,0.9902334384909677,"[True, True, True, True, True, True, True, True, True, False, True, True, True, True, True, True, True, False, True, True, False, True, False, True, True, True, True, True, False, True, True, True, False, True, True, False, False, False, True, True]"
26,0.9222152321037156,"[True, True, True, True, True, True, False, True, True, True, True, False, True, True, True, True, False, True, True, True, False, True, False, False, False, True, False, True, False, False, False, False, True, True, False, True, False, False, True, True]"
26,0.26307478669118156,"[True, True, False, True, True, True, True, True, True, True, True, True, True, True, True, True, True, True, True, True, True, False, True, True, True, False, False, True, True, False, False, False, False, False, True, True, False, True, True, True]"
step,fitness,genome
27,0.9999981132275583,"[True, True, True, True, True, True, True, True, True, True, True, True, True, True, True, True, True, True, True, True, True, True, False, False, True, True, False, True, False, True, False, True, True, False, True, False, False, False, True, False]"
27,0.9234170907956025,"[True, True, True, True, True, True, False, True, True, True, True, True, False, True, True, True, True, True, True, False, True, False, True, True, True, True, False, True, True, True, True, False, False, True, False, True, False, True, True, True]"
27,0.9998315113657809,"[True, True, True, True, True, True, True, True, True, True, True, True, True, True, True, False, True, True, True, False, False, True, False, True, False, True, False, False, True, True, False, True, False, False, True, True, False, False, False, True]"
27,0.9983905675559612,"[True, True, True, True, True, True, True, True, True, True, True, True, False, True, False, True, False, True, True, True, False, False, False, True, True, True, False, True, True, True, False, False, True, True, True, False, False, False, True, False]"
27,0.1253626063596901,"[True, True, False, False, True, True, True, True, True, True, True, True, True, True, True, True, False, False, True, True, False, False, False, True, True, True, False, True, False, True, False, True, True, True, True, True, False, False, False, False]"
27,0.9999966461251147,"[True, True, True, True, True, True, True, True, True, True, True, True, True, True, True, True, True, True, True, True, True, False, True, False, False, True, False, True, True, True, True, True, True, False, False, False, False, True, False, False]"
27,0.9996548109890273,"[True, True, True, True, True, True, True, True, True, True, True, True, True, True, False, True, True, False, True, True, True, True, False, False, True, True, False, False, False, True, True, True, False, True, True, False, True, False, False, True]"
27,0.8542434989997421,"[True, True, True, True, True, False, True, True, True, True, True, True, True, True, True, True, True, False, True, False, False, True, False, False, False, True, True, True, False, True, False, True, True, False, True, False, True, False, True, True]"
27,0.7259090772461666,"[True, True, True, True, False, True, True, True, True, True, True, False, True, True, False, True, True, True, True, True, False, False, True, True, False, False, False, True, False, True, True, True, True, True, True, False, False, True, True, False]"
27,0.0009670535290938318,"[False, True, True, True, True, True, True, True, True, True, False, True, True, True, True, True, True, True, True, True, False, False, True, True, True, True, False, True, False, True, True, True, True, True, True, False, False, False, False, False]"
27,0.9999885766870332,"[True, True, True, True, True, True, True, True, True, True, True, True, True, True, True, True, True, True, True, False, True, True, False, False, True, True, False, True, False, True, False, True, True, False, True, True, False, False, True, False]"
27,0.9999954493798632,"[True, True, True, True, True, True, True, True, True, True, True, True, True, True, True, True, True, True, True, True, True, False, False, False, False, True, False, True, True, True, False, True, True, False, False, False, False, True, False, False]"
27,0.9999959709184914,"[True, True, True, True, True, True, True, True, True, True, True, True, True, True, True, True, True, True, True, True, True, False, False, True, False, False, True, True, True, True, False, True, True, False, False, False, False, True, False, False]"
27,0.9999961248772069,"[True, True, True, True, True, True, True, True, True, True, True, True, True, True, True, True, True, True, True, True, True, False, False, True, False, True, True, True, True, True, True, True, True, False, True, False, False, True, False, False]"
27,0.9996941332100349,"[True, True, True, True, True, True, True, True, True, True, True, True, True, True, False, True, True, True, True, True, True, True, True, False, True, True, False, False, False, True, False, True, False, False, True, False, False, False, False, False]"
27,0.262966876879281,"[True, True, False, True, True, True, True, True, True, True, True, True, True, True, False, True, True, False, True, False, False, False, False, True, False, True, False, True, False, False, True, True, True, False, True, False, False, False, True, True]"
27,0.990265284601053,"[True, True, True, True, True, True, True, True, True, False, True, True, True, True, True, True, True, True, True, False, True, False, True, True, True, True, False, True, True, True, True, False, False, True, False, True, False, True, True, True]"
27,0.7206654916156539,"[True, True, True, True, False, True, True, True, True, False, True, True, True, True, True, True, True, True, True, True, False, False, True, True, True, True, False, True, False, True, True, True, True, True, True, False, False, False, False, False]"
27,0.056290432240426846,"[True, False, True, True, True, True, True, True, True, True, True, True, True, True, False, True, True, True, True, True, True, True, False, False, False, False, True, False, False, True, False, False, False, False, True, False, False, False, False, False]"
27,0.9996182734179705,"[True, True, True, True, True, True, True, True, True, True, True, True, True, True, False, True, False, True, True, True, True, True, True, True, False, True, True, True, False, True, False, True, True, False, False, False, False, False, True, False]"
27,0.9999949915603896,"[True, True, True, True, True, True, True, True, True, True, True, True, True, True, True, True, True, True, True, True, False, True, True, True, True, False, False, True, True, False, False, False, True, True, True, False, False, False, True, False]"
27,0.9989295326699904,"[True, True, True, True, True, True, True, True, True, True, True, True, True, False, False, False, True, True, True, True, True, False, True, True, False, False, True, True, False, False, False, False, False, False, True, False, True, False, False, False]"
27,0.7279441234733314,"[True, True, True, True, False, True, True, True, True, True, True, True, True, True, True, True, True, False, True, True, True, False, False, False, False, True, True, True, True, False, True, True, False, False, False, False, True, True, False, True]"
27,0.9806135137909427,"[True, True, True, True, True, True, True, True, False, True, True, True, True, True, True, True, True, True, False, True, False, False, True, True, True, False, False, True, False, True, True, True, True, True, False, True, True, False, True, False]"
27,0.9592498735171514,"[True, True, True, True, True, True, True, False, True, True, True, False, True, True, True, True, True, True, True, False, True, False, False, True, True, False, False, True, True, False, False, True, False, True, False, True, False, True, True, True]"
27,0.989973957530235,"[True, True, True, True, True, True, True, True, True, False, True, True, True, True, False, True, True, True, True, True, True, True, True, False, True, False, True, True, False, True, True, True, False, False, True, False, False, False, False, False]"
27,0.8542880774809126,"[True, True, True, True, True, False, True, True, True, True, True, True, True, True, True, True, True, True, True, True, True, False, True, False, True, False, True, False, False, True, False, False, False, False, False, False, False, False, False, False]"
27,0.995120692873958,"[True, True, True, True, True, True, True, True, True, True, False, True, True, True, True, True, True, True, True, True, False, False, True, True, True, True, False, True, True, False, False, True, True, True, True, False, False, False, True, True]"
27,0.9951188916099639,"[True, True, True, True, True, True, True, True, True, True, False, True, True, True, True, True, True, True, True, True, False, False, False, False, True, True, False, True, False, False, False, False, True, True, False, True, False, True, True, False]"
27,0.9925436895683104,"[True, True, True, True, True, True, True, True, True, True, False, False, True, True, True, False, True, True, True, True, True, False, False, False, False, False, True, True, False, True, True, False, True, False, True, True, False, False, False, False]"
27,0.999987996117211,"[True, True, True, True, True, True, True, True, True, True, True, True, True, True, True, True, True, True, True, False, True, False, True, True, True, True, False, True, True, True, False, False, False, True, False, True, False, True, True, True]"
27,0.9542386305812911,"[True, True, True, True, True, True, True, False, True, True, False, False, True, True, False, True, True, False, True, True, True, True, False, False, True, True, False, False, False, True, False, True, False, False, True, False, False, False, False, False]"
27,0.9999790399373267,"[True, True, True, True, True, True, True, True, True, True, True, True, True, True, True, True, True, True, False, True, True, True, False, False, True, True, False, True, False, True, False, True, True, False, True, False, False, False, True, False]"
27,0.9996544216189949,"[True, True, True, True, True, True, True, True, True, True, True, True, True, True, False, True, True, False, True, True, True, True, False, False, False, False, True, False, False, False, False, False, False, False, True, False, False, False, False, False]"
27,0.999532475949738,"[True, True, True, True, True, True, True, True, True, True, True, True, True, True, False, False, True, True, True, False, True, True, True, True, False, True, True, True, False, True, False, True, True, False, True, True, False, False, False, False]"
27,0.8887968916427156,"[True, True, True, True, True, True, False, False, True, True, True, True, True, True, True, True, True, True, True, True, False, True, False, False, False, True, True, False, True, True, False, True, False, False, False, True, False, False, True, True]"
27,0.5190188668008283,"[True, True, True, False, True, True, True, True, True, False, True, True, True, True, True, True, True, True, True, True, False, False, True, True, True, True, False, True, False, True, True, True, True, True, True, False, False, False, False, False]"
27,0.7243083729791505,"[True, True, True, True, False, True, True, True, True, True, False, True, True, True, True, True, True, True, True, True, False, False, False, False, True, False, False, True, True, True, False, True, False, False, True, True, False, False, False, True]"
27,0.9154179132399974,"[True, True, True, True, True, True, False, True, True, False, True, True, True, True, True, True, False, True, True, False, False, False, False, True, False, True, False, False, True, False, False, False, True, True, True, False, False, False, True, True]"
27,0.9999981016588054,"[True, True, True, True, True, True, True, True, True, True, True, True, True, True, True, True, True, True, True, True, True, True, False, False, True, True, False, True, False, False, False, False, True, False, True, False, True, False, True, False]"
27,0.5242760896819905,"[True, True, True, False, True, True, True, True, True, True, True, True, True, True, False, True, True, True, False, True, False, True, True, False, True, True, True, True, False, False, False, False, False, False, True, True, False, True, False, False]"
27,0.9999927959885809,"[True, True, True, True, True, True, True, True, True, True, True, True, True, True, True, True, True, True, True, True, False, False, True, True, True, True, True, False, True, False, False, True, True, True, True, False, False, False, True, True]"
27,0.9999969170446118,"[True, True, True, True, True, True, True, True, True, True, True, True, True, True, True, True, True, True, True, True, True, False, True, False, True, True, False, True, False, False, True, True, True, True, True, False, False, False, False, False]"
27,0.9999955238853665,"[True, True, True, True, True, True, True, True, True, True, True, True, True, True, True, True, True, True, True, True, True, False, False, False, False, True, True, True, True, True, False, True, True, False, False, False, False, True, False, False]"
27,0.9899504687208314,"[True, True, True, True, True, True, True, True, True, False, True, True, True, True, False, True, True, True, False, True, False, True, True, False, True, True, True, True, False, False, True, False, True, False, True, True, True, True, True, False]"
27,0.9999932583273111,"[True, True, True, True, True, True, True, True, True, True, True, True, True, True, True, True, True, True, True, True, False, True, False, False, True, False, True, True, False, False, False, False, False, True, True, True, False, True, True, False]"
27,0.24050723652751413,"[True, True, False, True, True, True, False, True, True, True, True, True, True, True, True, True, True, True, True, True, True, False, False, True, False, True, True, True, True, True, False, True, True, False, False, False, False, True, True, False]"
27,0.9999924560308125,"[True, True, True, True, True, True, True, True, True, True, True, True, True, True, True, True, True, True, True, True, False, False, True, True, False, True, False, True, False, True, True, True, True, True, True, False, False, False, False, False]"
27,0.9154466393906144,"[True, True, True, True, True, True, False, True, True, False, True, True, True, True, True, True, True, False, False, True, False, True, False, True, False, True, True, True, False, True, True, True, True, True, True, False, False, False, False, True]"
27,3.4791711671146367e-10,"[False, False, False, True, True, True, False, False, True, True, True, True, True, True, True, True, True, True, False, True, False, False, True, False, False, True, False, False, False, False, False, True, True, False, True, False, False, False, False, True]"
27,0.9994651468193465,"[True, True, True, True, True, True, True, True, True, True, True, True, True, True, False, False, False, True, True, True, True, True, True, False, False, True, True, True, False, False, True, False, True, True, True, True, True, True, True, True]"
27,0.8458265912099912,"[True, True, True, True, True, False, True, True, True, False, True, True, True, True, True, True, True, True, False, False, True, False, True, True, True, False, False, False, True, True, True, False, False, True, True, True, False, True, True, True]"
27,0.9999968440669618,"[True, True, True, True, True, True, True, True, True, True, True, True, True, True, True, True, True, True, True, True, True, False, True, False, True, False, True, True, False, True, False, False, True, False, False, False, True, False, False, False]"
27,0.9794386977380053,"[True, True, True, True, True, True, True, True, False, True, True, True, False, True, True, True, True, True, True, True, True, True, False, False, False, True, True, True, False, True, True, False, False, False, False, True, False, False, False, False]"
27,0.9999991455027715,"[True, True, True, True, True, True, True, True, True, True, True, True, True, True, True, True, True, True, True, True, True, True, True, False, True, False, False, True, False, False, False, False, True, True, True, True, True, True, True, False]"
27,0.9993395352796252,"[True, True, True, True, True, True, True, True, True, True, True, True, True, False, True, True, True, False, True, False, True, False, True, True, True, False, False, True, True, False, False, False, False, False, True, True, False, True, True, True]"
27,0.05626746375630637,"[True, False, True, True, True, True, True, True, True, True, True, True, True, False, True, True, True, True, True, True, True, False, True, False, True, False, True, False, False, True, False, False, False, False, False, False, False, False, False, False]"
27,0.9222893108593783,"[True, True, True, True, True, True, False, True, True, True, True, False, True, True, True, True, True, True, True, True, True, False, False, True, True, True, True, True, True, True, False, True, True, False, False, False, False, True, False, False]"
27,0.9996940139171848,"[True, True, True, True, True, True, True, True, True, True, True, True, True, True, False, True, True, True, True, True, True, True, True, False, True, False, False, True, False, False, False, True, True, True, True, False, False, False, False, False]"
27,0.26307421265488923,"[True, True, False, True, True, True, True, True, True, True, True, True, True, True, True, True, True, True, True, True, True, False, False, False, False, True, True, False, False, True, False, False, False, False, True, True, False, False, False, False]"
27,0.9806387585440893,"[True, True, True, True, True, True, True, True, False, True, True, True, True, True, True, True, True, True, True, True, True, True, True, False, True, False, True, True, False, False, True, False, True, True, True, True, True, True, True, False]"
27,0.05628983055956513,"[True, False, True, True, True, True, True, True, True, True, True, True, True, True, False, True, True, True, True, False, True, True, True, False, True, False, True, True, False, False, False, True, False, False, True, False, False, False, False, False]"
27,0.9999835877072447,"[True, True, True, True, True, True, True, True, True, True, True, True, True, True, True, True, True, True, True, False, False, True, False, False, False, True, True, True, False, True, True, False, True, True, True, False, True, False, True, True]"
27,0.9901980025809144,"[True, True, True, True, True, True, True, True, True, False, True, True, True, True, True, True, False, True, True, True, True, False, False, True, True, True, True, True, True, True, False, False, True, False, False, False, False, False, False, False]"
27,0.999978000877907,"[True, True, True, True, True, True, True, True, True, True, True, True, True, True, True, True, True, True, False, True, True, False, True, True, False, False, False, True, False, True, True, True, False, True, False, True, True, False, True, False]"
27,0.9242736864430358,"[True, True, True, True, True, True, False, True, True, True, True, True, True, True, False, True, True, True, True, True, False, False, True, True, False, False, True, True, False, False, False, False, True, False, True, False, True, False, False, False]"
27,0.9996826134714102,"[True, True, True, True, True, True, True, True, True, True, True, True, True, True, False, True, True, True, True, False, True, False, True, True, False, True, True, True, False, False, False, False, False, False, False, False, True, True, False, False]"
27,0.9999930359481332,"[True, True, True, True, True, True, True, True, True, True, True, True, True, True, True, True, True, True, True, True, False, True, False, False, False, True, False, True, False, False, False, False, True, True, True, True, False, False, True, True]"
27,0.9999735502716687,"[True, True, True, True, True, True, True, True, True, True, True, True, True, True, True, True, True, True, False, True, False, False, True, True, True, False, False, True, True, True, True, True, True, True, False, False, True, False, True, False]"
27,0.9998979857259356,"[True, True, True, True, True, True, True, True, True, True, True, True, True, True, True, True, False, True, False, True, False, True, False, False, True, True, False, True, False, True, True, True, False, False, True, True, False, False, False, False]"
27,0.999998804424383,"[True, True, True, True, True, True, True, True, True, True, True, True, True, True, True, True, True, True, True, True, True, True, False, True, True, True, True, True, True, True, True, False, True, False, False, False, False, False, False, False]"
27,0.9999964179517962,"[True, True, True, True, True, True, True, True, True, True, True, True, True, True, True, True, True, True, True, True, True, False, False, True, True, True, True, True, True, True, False, True, True, False, False, False, False, True, False, False]"
27,0.9590611218085815,"[True, True, True, True, True, True, True, False, True, True, True, False, True, True, True, False, True, False, True, False, False, False, False, False, True, True, False, True, False, False, False, False, True, False, True, False, False, False, True, True]"
27,0.9996871845865491,"[True, True, True, True, True, True, True, True, True, True, True, True, True, True, False, True, True, True, True, True, False, False, True, True, False, False, False, True, True, False, True, True, True, True, True, False, False, False, True, False]"
27,0.9999975085966718,"[True, True, True, True, True, True, True, True, True, True, True, True, True, True, True, True, True, True, True, True, True, False, True, True, True, True, False, True, False, False, False, True, True, True, True, True, False, False, True, False]"
27,0.9951250186813015,"[True, True, True, True, True, True, True, True, True, True, False, True, True, True, True, True, True, True, True, True, True, False, True, True, False, False, True, False, False, True, False, False, False, False, False, False, False, False, False, False]"
27,0.923120081017925,"[True, True, True, True, True, True, False, True, True, True, True, True, False, True, False, True, True, True, False, True, False, True, False, False, False, True, True, True, False, False, True, False, True, False, False, True, False, False, False, True]"
27,0.8542845330960299,"[True, True, True, True, True, False, True, True, True, True, True, True, True, True, True, True, True, True, True, True, False, False, True, True, True, True, False, False, True, False, False, True, True, True, True, False, False, False, True, True]"
27,0.9974072236880679,"[True, True, True, True, True, True, True, True, True, True, True, False, True, True, True, False, True, True, True, True, True, True, False, False, True, True, True, True, False, True, False, True, True, False, True, False, False, False, True, False]"
27,0.9999908465828916,"[True, True, True, True, True, True, True, True, True, True, True, True, True, True, True, True, True, True, True, True, False, False, False, False, True, False, True, False, False, True, False, False, True, False, False, True, True, True, True, False]"
27,0.999692609899495,"[True, True, True, True, True, True, True, True, True, True, True, True, True, True, False, True, True, True, True, True, True, True, False, False, False, False, True, True, False, True, True, False, True, False, True, True, False, False, False, False]"
27,0.9425948538956307,"[True, True, True, True, True, True, True, False, False, True, True, True, True, True, False, True, True, False, True, True, False, False, True, True, True, True, False, True, True, False, False, False, True, True, False, False, False, False, True, False]"
27,0.9999960454240296,"[True, True, True, True, True, True, True, True, True, True, True, True, True, True, True, True, True, True, True, True, True, False, False, True, False, True, False, True, True, True, False, True, True, False, False, False, False, True, False, False]"
27,0.6991474245419826,"[True, True, True, True, False, True, True, False, True, True, True, True, True, True, True, True, True, True, True, True, True, False, True, True, True, True, False, True, False, True, False, True, True, True, True, False, False, False, True, False]"
27,0.9999964156053074,"[True, True, True, True, True, True, True, True, True, True, True, True, True, True, True, True, True, True, True, True, True, False, False, True, True, True, True, True, True, True, False, False, True, False, False, False, False, False, True, False]"
27,0.9806324007966711,"[True, True, True, True, True, True, True, True, False, True, True, True, True, True, True, True, True, True, True, True, False, False, True, True, True, True, False, True, False, True, True, True, True, True, True, False, False, False, False, True]"
27,0.0009670634399485914,"[False, True, True, True, True, True, True, True, True, True, False, True, True, True, True, True, True, True, True, True, True, True, False, False, False, True, True, False, True, True, True, False, True, False, False, True, False, False, False, False]"
27,0.8540229297272728,"[True, True, True, True, True, False, True, True, True, True, True, True, True, True, False, True, True, True, True, True, True, False, False, True, True, True, True, True, True, True, False, False, True, False, False, False, False, False, False, False]"
27,0.9996929042033359,"[True, True, True, True, True, True, True, True, True, True, True, True, True, True, False, True, True, True, True, True, True, True, False, False, True, False, True, True, False, True, False, True, False, False, True, False, False, False, False, False]"
27,0.9999990839664089,"[True, True, True, True, True, True, True, True, True, True, True, True, True, True, True, True, True, True, True, True, True, True, True, False, False, True, True, True, False, True, True, False, True, False, False, True, False, False, False, False]"
27,0.9993686462694531,"[True, True, True, True, True, True, True, True, True, True, True, True, True, False, True, True, True, True, False, True, True, True, False, False, False, True, True, True, False, True, True, False, True, False, False, True, False, False, False, False]"
27,0.999996805577256,"[True, True, True, True, True, True, True, True, True, True, True, True, True, True, True, True, True, True, True, True, True, False, True, False, True, False, True, False, False, True, False, False, False, False, False, False, False, False, False, False]"
27,0.9890653105526579,"[True, True, True, True, True, True, True, True, True, False, True, True, False, True, True, True, True, True, True, True, True, False, True, True, True, False, True, True, True, True, False, False, False, False, False, True, True, False, True, False]"
27,0.9986780631674742,"[True, True, True, True, True, True, True, True, True, True, True, True, False, True, True, True, False, True, False, True, False, True, False, False, True, True, False, True, False, True, True, False, False, True, True, False, True, False, True, True]"
27,0.9999202351665762,"[True, True, True, True, True, True, True, True, True, True, True, True, True, True, True, True, False, True, True, True, True, False, True, False, False, False, True, False, True, True, False, False, False, False, False, False, True, False, False, False]"
27,0.9999955238853665,"[True, True, True, True, True, True, True, True, True, True, True, True, True, True, True, True, True, True, True, True, True, False, False, False, False, True, True, True, True, True, False, True, True, False, False, False, False, True, False, False]"
27,0.985363676728643,"[True, True, True, True, True, True, True, True, True, False, False, True, True, True, True, True, False, True, True, True, False, False, False, True, False, False, False, True, False, False, True, True, True, False, True, False, True, False, True, True]"
27,0.9999955076964262,"[True, True, True, True, True, True, True, True, True, True, True, True, True, True, True, True, True, True, True, True, True, False, False, False, False, True, True, True, False, True, True, False, True, False, False, True, False, False, False, False]"
27,0.9890423545430259,"[True, True, True, True, True, True, True, True, True, False, True, True, False, True, True, True, True, True, False, True, False, True, False, False, True, True, False, True, False, True, True, False, False, True, True, False, True, False, True, True]"
27,0.9987737455642958,"[True, True, True, True, True, True, True, True, True, True, True, True, False, True, True, True, True, True, True, True, False, True, False, True, True, False, False, False, True, True, False, False, True, True, True, False, False, False, False, False]"
step,fitness,genome
28,0.9999949915603896,"[True, True, True, True, True, True, True, True, True, True, True, True, True, True, True, True, True, True, True, True, False, True, True, True, True, False, False, True, True, False, False, False, True, True, True, False, False, False, True, False]"
28,0.9999972082458556,"[True, True, True, True, True, True, True, True, True, True, True, True, True, True, True, True, True, True, True, True, True, False, True, True, False, True, False, True, False, False, False, False, True, True, True, True, False, False, True, False]"
28,0.999998112072502,"[True, True, True, True, True, True, True, True, True, True, True, True, True, True, True, True, True, True, True, True, True, True, False, False, True, True, False, True, False, True, False, True, False, False, True, False, False, False, True, True]"
28,0.9245621604315427,"[True, True, True, True, True, True, False, True, True, True, True, True, True, True, True, True, True, True, True, True, True, False, True, False, True, False, True, False, False, True, False, False, False, True, False, False, False, False, False, False]"
28,0.8542848706641936,"[True, True, True, True, True, False, True, True, True, True, True, True, True, True, True, True, True, True, True, True, False, True, False, False, False, True, True, True, False, False, False, False, True, True, True, True, False, False, True, True]"
28,0.8534618985423933,"[True, True, True, True, True, False, True, True, True, True, True, True, True, False, False, True, True, False, True, True, True, True, False, False, True, True, False, False, False, True, True, True, False, True, True, False, True, False, False, True]"
28,0.999976504298635,"[True, True, True, True, True, True, True, True, True, True, True, True, True, True, True, True, True, True, False, True, True, False, False, False, True, False, False, True, False, True, False, False, True, False, False, True, False, False, False, False]"
28,0.997404552387761,"[True, True, True, True, True, True, True, True, True, True, True, False, True, True, True, False, True, True, True, True, True, False, False, False, False, True, True, True, False, True, True, True, True, False, True, False, False, False, True, False]"
28,0.9999990420751182,"[True, True, True, True, True, True, True, True, True, True, True, True, True, True, True, True, True, True, True, True, True, True, True, False, False, True, True, False, False, True, False, False, True, False, False, True, False, False, True, False]"
28,0.9999990839664089,"[True, True, True, True, True, True, True, True, True, True, True, True, True, True, True, True, True, True, True, True, True, True, True, False, False, True, True, True, False, True, True, False, True, False, False, True, False, False, False, False]"
28,0.9996928297908646,"[True, True, True, True, True, True, True, True, True, True, True, True, True, True, False, True, True, True, True, True, True, True, False, False, True, False, False, True, False, True, False, True, False, False, True, False, True, False, False, False]"
28,0.05631336169473098,"[True, False, True, True, True, True, True, True, True, True, True, True, True, True, True, True, True, True, True, True, True, True, False, False, True, False, False, True, False, True, False, False, True, False, True, True, True, False, True, False]"
28,0.9999981013768625,"[True, True, True, True, True, True, True, True, True, True, True, True, True, True, True, True, True, True, True, True, True, True, False, False, True, True, False, True, False, False, False, False, True, False, False, False, True, False, True, True]"
28,0.9999930359390382,"[True, True, True, True, True, True, True, True, True, True, True, True, True, True, True, True, True, True, True, True, False, True, False, False, False, True, False, True, False, False, False, False, True, True, True, True, False, False, True, False]"
28,0.524117105902769,"[True, True, True, False, True, True, True, True, True, True, True, True, True, False, True, True, True, True, True, True, True, False, False, True, True, True, True, False, True, True, False, True, True, False, False, False, False, True, False, False]"
28,0.9996921605516532,"[True, True, True, True, True, True, True, True, True, True, True, True, True, True, False, True, True, True, True, True, True, False, True, True, False, True, True, True, False, True, False, True, True, False, True, False, False, True, False, False]"
28,0.5244537597846193,"[True, True, True, False, True, True, True, True, True, True, True, True, True, True, True, True, True, True, True, False, True, False, True, True, True, True, False, True, True, True, False, False, False, True, False, True, False, True, True, True]"
28,0.9776242843787131,"[True, True, True, True, True, True, True, True, False, True, True, False, True, False, True, True, True, True, False, True, True, True, False, False, False, True, False, True, False, True, True, False, True, False, False, True, True, False, False, False]"
28,0.009094905734039874,"[True, False, False, True, True, True, True, True, True, True, True, True, True, True, True, True, True, True, True, True, True, False, True, True, False, False, True, True, True, True, False, True, True, False, False, False, False, True, False, False]"
28,0.8542892022865689,"[True, True, True, True, True, False, True, True, True, True, True, True, True, True, True, True, True, True, True, True, True, True, False, False, True, True, False, True, False, False, False, False, True, False, True, False, True, False, True, False]"
28,0.9999879960808316,"[True, True, True, True, True, True, True, True, True, True, True, True, True, True, True, True, True, True, True, False, True, False, True, True, True, True, False, True, True, True, False, False, False, True, False, True, False, False, True, True]"
28,0.7233405351581115,"[True, True, True, True, False, True, True, True, True, True, False, True, False, True, True, True, False, True, True, True, False, True, False, False, True, False, True, False, False, True, True, False, False, True, True, False, True, False, True, True]"
28,0.9941763581667808,"[True, True, True, True, True, True, True, True, True, True, False, True, True, False, False, True, True, False, True, True, True, False, True, True, True, True, False, True, True, False, False, True, True, True, False, False, False, False, True, True]"
28,0.9951186245785425,"[True, True, True, True, True, True, True, True, True, True, False, True, True, True, True, True, True, True, True, True, False, False, False, False, False, True, False, True, True, True, False, True, True, False, True, False, False, True, False, False]"
28,0.9951236382785498,"[True, True, True, True, True, True, True, True, True, True, False, True, True, True, True, True, True, True, True, True, True, False, False, False, True, True, False, True, False, False, False, False, True, False, False, False, False, False, True, False]"
28,0.9616158834181889,"[True, True, True, True, True, True, True, False, True, True, True, True, True, True, True, True, True, True, True, True, True, True, False, True, True, True, True, True, True, True, False, False, True, False, True, True, True, False, False, False]"
28,0.9999968068141653,"[True, True, True, True, True, True, True, True, True, True, True, True, True, True, True, True, True, True, True, True, True, False, True, False, True, False, True, False, False, True, False, False, True, False, False, False, True, False, False, False]"
28,0.9999916496058183,"[True, True, True, True, True, True, True, True, True, True, True, True, True, True, True, True, True, True, True, True, False, False, False, True, True, True, True, True, True, True, False, True, True, False, False, False, False, True, False, False]"
28,0.9999908465828916,"[True, True, True, True, True, True, True, True, True, True, True, True, True, True, True, True, True, True, True, True, False, False, False, False, True, False, True, False, False, True, False, False, True, False, False, True, True, True, True, False]"
28,0.9999984718043884,"[True, True, True, True, True, True, True, True, True, True, True, True, True, True, True, True, True, True, True, True, True, True, False, True, False, True, True, False, True, True, True, True, True, False, True, False, False, True, False, False]"
28,0.999919158366299,"[True, True, True, True, True, True, True, True, True, True, True, True, True, True, True, True, False, True, True, True, True, False, False, False, False, True, False, True, True, True, False, True, True, False, False, False, False, True, False, False]"
28,0.9999979712738754,"[True, True, True, True, True, True, True, True, True, True, True, True, True, True, True, True, True, True, True, True, True, True, False, False, True, False, False, True, True, False, False, False, True, False, True, False, True, False, True, False]"
28,0.26307431928220865,"[True, True, False, True, True, True, True, True, True, True, True, True, True, True, True, True, True, True, True, True, True, False, False, False, True, True, True, True, True, True, False, False, True, False, False, False, False, False, True, False]"
28,0.9999979534114322,"[True, True, True, True, True, True, True, True, True, True, True, True, True, True, True, True, True, True, True, True, True, True, False, False, True, False, False, True, False, False, False, False, True, True, True, True, True, True, True, False]"
28,0.9987760169755572,"[True, True, True, True, True, True, True, True, True, True, True, True, False, True, True, True, True, True, True, True, True, False, False, True, False, True, False, True, True, True, False, True, True, False, False, False, False, True, False, False]"
28,0.9999978043000605,"[True, True, True, True, True, True, True, True, True, True, True, True, True, True, True, True, True, True, True, True, True, True, False, False, False, True, False, True, False, False, False, False, True, True, True, True, False, False, True, True]"
28,0.5244480594816149,"[True, True, True, False, True, True, True, True, True, True, True, True, True, True, True, True, True, True, False, True, True, False, True, False, True, True, False, False, False, False, True, True, True, True, True, False, False, False, False, False]"
28,0.05631326289571126,"[True, False, True, True, True, True, True, True, True, True, True, True, True, True, True, True, True, True, True, True, True, False, True, False, False, True, False, True, True, True, True, True, True, False, False, True, False, True, False, False]"
28,0.5244600841373102,"[True, True, True, False, True, True, True, True, True, True, True, True, True, True, True, True, True, True, True, True, True, True, True, False, True, True, False, True, False, False, True, True, True, True, True, False, False, False, False, False]"
28,0.9996922262717188,"[True, True, True, True, True, True, True, True, True, True, True, True, True, True, False, True, True, True, True, True, True, False, True, True, True, False, False, True, False, False, False, True, True, True, True, False, False, False, False, False]"
28,0.99814930678769,"[True, True, True, True, True, True, True, True, True, True, True, True, False, False, True, True, True, True, False, True, True, True, False, False, False, True, True, True, False, True, True, False, True, False, False, True, False, False, False, False]"
28,0.9999967272881799,"[True, True, True, True, True, True, True, True, True, True, True, True, True, True, True, True, True, True, True, True, True, False, True, False, True, False, False, False, False, False, True, False, False, True, True, False, False, False, False, False]"
28,0.9996850101080904,"[True, True, True, True, True, True, True, True, True, True, True, True, True, True, False, True, True, True, True, False, True, True, True, True, False, True, True, True, False, True, False, True, True, False, True, True, False, False, False, False]"
28,0.8542869656685111,"[True, True, True, True, True, False, True, True, True, True, True, True, True, True, True, True, True, True, True, True, True, False, False, False, False, True, True, True, True, True, False, True, True, True, False, False, False, True, False, False]"
28,0.999996045715067,"[True, True, True, True, True, True, True, True, True, True, True, True, True, True, True, True, True, True, True, True, True, False, False, True, False, True, False, True, True, True, False, True, True, False, True, False, False, True, False, False]"
28,0.9999969122606829,"[True, True, True, True, True, True, True, True, True, True, True, True, True, True, True, True, True, True, True, True, True, False, True, False, True, True, False, True, False, False, False, True, True, True, False, True, False, False, True, False]"
28,0.9995799912322598,"[True, True, True, True, True, True, True, True, True, True, True, True, True, True, False, True, False, False, True, True, True, True, True, True, False, False, True, True, False, True, False, True, True, False, False, False, False, False, False, False]"
28,0.9975393977230123,"[True, True, True, True, True, True, True, True, True, True, True, False, True, True, True, True, True, True, False, True, True, False, True, True, False, False, True, True, False, True, True, True, False, True, False, True, True, False, True, False]"
28,0.7134302700446007,"[True, True, True, True, False, True, True, True, False, True, True, True, True, True, True, True, True, True, True, True, True, True, False, False, True, True, False, True, False, True, False, True, True, False, True, False, False, False, True, False]"
28,0.8541555252493207,"[True, True, True, True, True, False, True, True, True, True, True, True, True, True, True, False, True, True, True, True, True, False, True, False, False, True, False, True, True, True, True, True, True, False, False, False, True, True, False, False]"
28,0.9999957823263699,"[True, True, True, True, True, True, True, True, True, True, True, True, True, True, True, True, True, True, True, True, True, False, False, False, True, True, True, False, True, True, False, False, True, False, False, False, False, True, False, False]"
28,0.9999979080641108,"[True, True, True, True, True, True, True, True, True, True, True, True, True, True, True, True, True, True, True, True, True, True, False, False, False, True, True, True, True, True, False, True, True, False, False, False, False, True, False, False]"
28,0.9999930359481332,"[True, True, True, True, True, True, True, True, True, True, True, True, True, True, True, True, True, True, True, True, False, True, False, False, False, True, False, True, False, False, False, False, True, True, True, True, False, False, True, True]"
28,0.9996941332100349,"[True, True, True, True, True, True, True, True, True, True, True, True, True, True, False, True, True, True, True, True, True, True, True, False, True, True, False, False, False, True, False, True, False, False, True, False, False, False, False, False]"
28,0.9999838763402572,"[True, True, True, True, True, True, True, True, True, True, True, True, True, True, True, True, True, True, True, False, False, True, False, False, True, True, True, True, False, False, True, False, True, True, True, False, False, False, True, True]"
28,0.2630734624474542,"[True, True, False, True, True, True, True, True, True, True, True, True, True, True, True, True, True, True, True, True, False, True, False, False, False, False, True, True, False, True, False, False, False, True, True, True, True, True, True, False]"
28,0.9616134856250135,"[True, True, True, True, True, True, True, False, True, True, True, True, True, True, True, True, True, True, True, True, True, False, False, True, True, True, False, True, False, False, False, True, True, True, True, True, False, False, True, True]"
28,0.9999972106105358,"[True, True, True, True, True, True, True, True, True, True, True, True, True, True, True, True, True, True, True, True, True, False, True, True, False, True, False, True, False, False, False, True, True, True, True, True, False, True, True, False]"
28,0.9999996706993022,"[True, True, True, True, True, True, True, True, True, True, True, True, True, True, True, True, True, True, True, True, True, True, True, True, False, True, True, True, False, False, True, False, True, False, False, True, False, False, False, False]"
28,0.9999885766688436,"[True, True, True, True, True, True, True, True, True, True, True, True, True, True, True, True, True, True, True, False, True, True, False, False, True, True, False, True, False, True, False, True, True, False, True, True, False, False, False, False]"
28,0.6989188068663729,"[True, True, True, True, False, True, True, False, True, True, True, True, True, True, False, True, True, True, True, False, True, False, True, False, False, True, True, True, False, False, False, False, False, False, True, False, True, True, False, False]"
28,0.980039285651199,"[True, True, True, True, True, True, True, True, False, True, True, True, True, False, True, True, True, True, True, True, True, True, True, False, True, True, False, True, False, False, False, False, True, False, True, False, True, False, True, False]"
28,0.9615345458378831,"[True, True, True, True, True, True, True, False, True, True, True, True, True, True, True, True, False, True, True, True, False, False, False, False, True, False, True, False, False, False, False, False, True, False, False, True, False, True, True, False]"
28,0.9999981039143484,"[True, True, True, True, True, True, True, True, True, True, True, True, True, True, True, True, True, True, True, True, True, True, False, False, True, True, False, True, False, False, False, True, True, False, True, False, False, False, True, False]"
28,0.9999961248772069,"[True, True, True, True, True, True, True, True, True, True, True, True, True, True, True, True, True, True, True, True, True, False, False, True, False, True, True, True, True, True, True, True, True, False, True, False, False, True, False, False]"
28,0.9998430215816347,"[True, True, True, True, True, True, True, True, True, True, True, True, True, True, True, False, True, True, True, True, True, False, False, False, True, False, False, True, True, True, False, True, True, False, False, False, False, True, False, False]"
28,0.9992214199458188,"[True, True, True, True, True, True, True, True, True, True, True, True, True, False, True, False, True, True, True, False, False, True, False, True, False, True, False, False, True, True, False, True, False, False, True, True, False, False, False, True]"
28,0.9999954540000774,"[True, True, True, True, True, True, True, True, True, True, True, True, True, True, True, True, True, True, True, True, True, False, False, False, False, True, False, True, True, True, True, True, True, False, False, False, False, False, False, False]"
28,0.9799866971419808,"[True, True, True, True, True, True, True, True, False, True, True, True, True, False, True, True, True, False, True, False, False, True, False, False, True, True, True, True, False, True, True, True, True, True, True, False, True, False, False, True]"
28,0.9996878794724003,"[True, True, True, True, True, True, True, True, True, True, True, True, True, True, False, True, True, True, True, True, False, True, False, False, False, True, False, False, False, True, True, False, False, True, True, False, True, False, True, True]"
28,0.9999927959885809,"[True, True, True, True, True, True, True, True, True, True, True, True, True, True, True, True, True, True, True, True, False, False, True, True, True, True, True, False, True, False, False, True, True, True, True, False, False, False, True, True]"
28,0.9999969170446118,"[True, True, True, True, True, True, True, True, True, True, True, True, True, True, True, True, True, True, True, True, True, False, True, False, True, True, False, True, False, False, True, True, True, True, True, False, False, False, False, False]"
28,0.9901760576221819,"[True, True, True, True, True, True, True, True, True, False, True, True, True, True, True, True, False, True, False, True, False, True, False, False, True, True, False, True, False, True, True, True, False, False, True, True, False, False, False, False]"
28,0.999998804715421,"[True, True, True, True, True, True, True, True, True, True, True, True, True, True, True, True, True, True, True, True, True, True, False, True, True, True, True, True, True, True, True, False, True, False, True, False, False, False, False, False]"
28,0.9999997599207096,"[True, True, True, True, True, True, True, True, True, True, True, True, True, True, True, True, True, True, True, True, True, True, True, True, True, False, False, True, True, False, False, False, True, True, True, False, False, False, True, False]"
28,0.9996834505861156,"[True, True, True, True, True, True, True, True, True, True, True, True, True, True, False, True, True, True, True, False, True, True, False, False, True, True, False, True, False, True, True, True, True, False, True, True, False, False, False, False]"
28,0.9975605040835557,"[True, True, True, True, True, True, True, True, True, True, True, False, True, True, True, True, True, True, True, True, True, True, True, False, True, False, True, True, False, True, False, False, True, False, False, False, False, False, False, False]"
28,0.7278524820670897,"[True, True, True, True, False, True, True, True, True, True, True, True, True, True, True, False, True, True, True, False, True, False, True, True, True, True, False, True, True, True, False, False, False, True, False, True, False, True, True, True]"
28,0.999532475949738,"[True, True, True, True, True, True, True, True, True, True, True, True, True, True, False, False, True, True, True, False, True, True, True, True, False, True, True, True, False, True, False, True, True, False, True, True, False, False, False, False]"
28,0.9999117079344337,"[True, True, True, True, True, True, True, True, True, True, True, True, True, True, True, True, False, True, True, False, True, False, True, True, True, True, False, True, True, True, False, True, False, True, False, True, False, True, True, False]"
28,0.9902753846744841,"[True, True, True, True, True, True, True, True, True, False, True, True, True, True, True, True, True, True, True, True, True, True, False, False, True, True, True, True, False, True, True, False, True, False, True, False, False, False, False, True]"
28,0.9986789560283754,"[True, True, True, True, True, True, True, True, True, True, True, True, False, True, True, True, False, True, False, True, False, True, True, False, False, True, False, True, False, True, True, False, False, True, False, True, True, False, True, True]"
28,0.9996917133134354,"[True, True, True, True, True, True, True, True, True, True, True, True, True, True, False, True, True, True, True, True, True, False, True, False, True, False, True, True, False, True, False, True, True, False, False, False, False, False, False, False]"
28,0.9806302885081721,"[True, True, True, True, True, True, True, True, False, True, True, True, True, True, True, True, True, True, True, True, False, False, False, False, False, False, True, True, True, True, False, False, True, False, False, False, True, True, False, False]"
28,0.7252270414581334,"[True, True, True, True, False, True, True, True, True, True, True, False, False, True, True, True, True, True, True, True, True, False, True, True, True, True, False, True, False, False, False, True, True, True, True, True, False, False, True, False]"
28,0.9989295419742432,"[True, True, True, True, True, True, True, True, True, True, True, True, True, False, False, False, True, True, True, True, True, False, True, True, False, False, True, True, False, True, False, False, False, False, True, False, True, False, False, False]"
28,0.9999961237130578,"[True, True, True, True, True, True, True, True, True, True, True, True, True, True, True, True, True, True, True, True, True, False, False, True, False, True, True, True, True, True, True, True, False, False, True, False, False, True, False, False]"
28,0.999995507705521,"[True, True, True, True, True, True, True, True, True, True, True, True, True, True, True, True, True, True, True, True, True, False, False, False, False, True, True, True, False, True, True, False, True, False, False, True, False, False, False, True]"
28,0.9993447301096835,"[True, True, True, True, True, True, True, True, True, True, True, True, True, False, True, True, True, False, True, True, False, True, False, False, False, True, False, True, False, False, False, False, True, False, True, True, False, False, True, True]"
28,0.9806326034442543,"[True, True, True, True, True, True, True, True, False, True, True, True, True, True, True, True, True, True, True, True, False, True, False, False, False, False, True, True, False, False, False, False, False, True, True, True, False, True, True, False]"
28,0.8497634045388222,"[True, True, True, True, True, False, True, True, True, True, False, True, True, True, False, True, True, False, True, True, True, False, True, False, True, False, True, False, False, True, False, False, False, False, True, False, False, False, False, False]"
28,0.9616137678621463,"[True, True, True, True, True, True, True, False, True, True, True, True, True, True, True, True, True, True, True, True, True, False, True, False, False, True, False, False, True, True, True, True, True, False, False, False, False, True, False, False]"
28,0.999693667422446,"[True, True, True, True, True, True, True, True, True, True, True, True, True, True, False, True, True, True, True, True, True, True, False, True, True, True, True, True, True, True, False, True, False, False, False, False, False, True, False, False]"
28,0.9998985817178182,"[True, True, True, True, True, True, True, True, True, True, True, True, True, True, True, True, False, True, False, True, False, True, False, True, True, True, False, True, False, True, True, True, False, False, True, True, False, False, False, False]"
28,0.9999787393186597,"[True, True, True, True, True, True, True, True, True, True, True, True, True, True, True, True, True, True, False, True, True, True, False, False, False, True, False, True, False, True, False, False, True, False, False, False, False, True, False, False]"
28,0.9993680715047,"[True, True, True, True, True, True, True, True, True, True, True, True, True, False, True, True, True, True, False, True, True, False, True, True, False, True, True, True, True, True, True, True, True, False, False, True, False, False, False, False]"
28,0.9995421947814045,"[True, True, True, True, True, True, True, True, True, True, True, True, True, True, False, False, True, True, True, True, True, True, True, True, True, True, False, False, False, True, False, True, True, False, True, False, False, False, True, False]"
28,0.788859697761221,"[True, True, True, True, True, False, False, True, True, True, True, True, True, True, True, True, True, True, True, True, True, True, False, True, False, True, True, True, True, True, True, False, False, False, False, False, False, False, False, False]"
28,0.9986780631674742,"[True, True, True, True, True, True, True, True, True, True, True, True, False, True, True, True, False, True, False, True, False, True, False, False, True, True, False, True, False, True, True, False, False, True, True, False, True, False, True, True]"
28,0.9999943156089899,"[True, True, True, True, True, True, True, True, True, True, True, True, True, True, True, True, True, True, True, True, False, True, True, False, False, True, True, True, False, True, True, False, True, False, False, True, False, False, False, False]"
step,fitness,genome
29,0.9999990816562943,"[True, True, True, True, True, True, True, True, True, True, True, True, True, True, True, True, True, True, True, True, True, True, True, False, False, True, True, True, False, True, False, True, True, False, False, True, False, False, True, False]"
29,0.9987759505647388,"[True, True, True, True, True, True, True, True, True, True, True, True, False, True, True, True, True, True, True, True, True, False, False, True, False, True, False, False, False, False, False, False, True, True, True, True, False, True, True, False]"
29,0.9806350493911344,"[True, True, True, True, True, True, True, True, False, True, True, True, True, True, True, True, True, True, True, True, True, False, False, False, False, True, False, True, True, True, False, True, True, False, True, False, False, True, False, False]"
29,0.8542232538976863,"[True, True, True, True, True, False, True, True, True, True, True, True, True, True, True, True, False, True, True, True, True, True, False, True, False, True, False, True, False, False, False, True, True, True, False, True, False, False, True, True]"
29,4.396401473508085e-05,"[False, True, False, True, True, True, False, True, True, True, False, True, True, True, True, True, True, True, True, True, True, True, False, False, False, True, True, True, False, True, False, False, True, False, False, True, False, False, False, False]"
29,0.999979954817545,"[True, True, True, True, True, True, True, True, True, True, True, True, True, True, True, True, True, True, False, True, True, True, True, False, False, True, False, True, True, True, True, False, True, False, False, True, False, True, False, False]"
29,0.9996921512410079,"[True, True, True, True, True, True, True, True, True, True, True, True, True, True, False, True, True, True, True, True, True, False, True, True, False, True, True, True, False, False, False, True, True, False, True, False, False, True, False, False]"
29,0.26307407033753005,"[True, True, False, True, True, True, True, True, True, True, True, True, True, True, True, True, True, True, True, True, False, True, True, True, True, False, False, True, True, False, False, False, True, True, True, False, False, False, True, False]"
29,0.9999892430125809,"[True, True, True, True, True, True, True, True, True, True, True, True, True, True, True, True, True, True, True, False, True, True, False, True, True, True, True, True, False, False, True, True, True, True, True, False, False, False, True, False]"
29,0.9999945330226073,"[True, True, True, True, True, True, True, True, True, True, True, True, True, True, True, True, True, True, True, True, False, True, True, False, True, True, False, True, False, False, True, True, True, True, True, True, False, False, False, True]"
29,0.9522237147975904,"[True, True, True, True, True, True, True, False, True, False, True, True, True, True, True, True, True, True, True, True, False, False, True, True, False, True, True, False, False, False, True, True, True, False, True, False, False, False, True, True]"
29,0.9993686484873592,"[True, True, True, True, True, True, True, True, True, True, True, True, True, False, True, True, True, True, False, True, True, True, False, False, False, True, True, True, False, True, True, True, True, False, False, False, False, True, False, False]"
29,0.9993681272068379,"[True, True, True, True, True, True, True, True, True, True, True, True, True, False, True, True, True, True, False, True, True, False, True, True, True, False, False, True, False, True, True, True, True, False, False, False, False, False, False, False]"
29,0.9996921704078443,"[True, True, True, True, True, True, True, True, True, True, True, True, True, True, False, True, True, True, True, True, True, False, True, True, False, True, True, True, True, False, False, True, True, True, True, False, False, False, False, False]"
29,0.7279616084524821,"[True, True, True, True, False, True, True, True, True, True, True, True, True, True, True, True, True, True, False, True, True, True, True, True, True, False, False, False, False, True, False, False, True, True, True, False, False, False, True, False]"
29,0.999979037336221,"[True, True, True, True, True, True, True, True, True, True, True, True, True, True, True, True, True, True, False, True, True, True, False, False, True, True, False, True, False, True, False, False, True, False, False, False, False, True, False, False]"
29,0.9999981013768625,"[True, True, True, True, True, True, True, True, True, True, True, True, True, True, True, True, True, True, True, True, True, True, False, False, True, True, False, True, False, False, False, False, True, False, False, False, True, False, True, True]"
29,0.9996879039763974,"[True, True, True, True, True, True, True, True, True, True, True, True, True, True, False, True, True, True, True, True, False, True, False, False, False, True, False, True, False, False, False, False, True, True, True, True, False, False, True, False]"
29,0.9999215317499375,"[True, True, True, True, True, True, True, True, True, True, True, True, True, True, True, True, False, True, True, True, True, True, False, False, False, True, False, True, True, False, False, False, True, True, True, True, False, False, True, True]"
29,0.056313377740589345,"[True, False, True, True, True, True, True, True, True, True, True, True, True, True, True, True, True, True, True, True, True, True, False, False, True, True, True, True, False, False, False, False, True, False, False, False, False, False, True, True]"
29,0.05631349349255749,"[True, False, True, True, True, True, True, True, True, True, True, True, True, True, True, True, True, True, True, True, True, True, True, True, True, False, False, False, False, True, True, False, True, False, True, False, False, False, True, False]"
29,0.9999610919431098,"[True, True, True, True, True, True, True, True, True, True, True, True, True, True, True, True, True, False, True, True, True, True, True, False, True, False, True, True, True, False, False, False, True, True, False, True, False, False, True, False]"
29,0.7279615780395842,"[True, True, True, True, False, True, True, True, True, True, True, True, True, True, True, True, True, True, False, True, True, True, True, True, False, True, True, True, False, False, True, True, True, False, False, False, False, False, False, False]"
29,0.9999968441397211,"[True, True, True, True, True, True, True, True, True, True, True, True, True, True, True, True, True, True, True, True, True, False, True, False, True, False, True, True, False, True, False, False, True, False, False, True, False, False, False, False]"
29,0.9999984718043884,"[True, True, True, True, True, True, True, True, True, True, True, True, True, True, True, True, True, True, True, True, True, True, False, True, False, True, True, False, True, True, True, True, True, False, True, False, False, True, False, False]"
29,0.9245609007081749,"[True, True, True, True, True, True, False, True, True, True, True, True, True, True, True, True, True, True, True, True, True, False, False, False, False, True, False, True, True, True, True, True, True, False, True, False, False, False, False, True]"
29,0.9999997622490154,"[True, True, True, True, True, True, True, True, True, True, True, True, True, True, True, True, True, True, True, True, True, True, True, True, True, False, False, True, True, False, False, True, True, True, True, False, False, False, True, False]"
29,0.9616140607496502,"[True, True, True, True, True, True, True, False, True, True, True, True, True, True, True, True, True, True, True, True, True, False, True, False, True, True, False, True, False, False, False, True, True, True, False, True, False, False, True, False]"
29,0.9999961237130578,"[True, True, True, True, True, True, True, True, True, True, True, True, True, True, True, True, True, True, True, True, True, False, False, True, False, True, True, True, True, True, True, True, False, False, True, False, False, True, False, False]"
29,0.9890658001939683,"[True, True, True, True, True, True, True, True, True, False, True, True, False, True, True, True, True, True, True, True, True, True, False, False, True, False, False, True, False, False, False, False, False, True, True, True, True, True, True, False]"
29,0.9999954540000774,"[True, True, True, True, True, True, True, True, True, True, True, True, True, True, True, True, True, True, True, True, True, False, False, False, False, True, False, True, True, True, True, True, True, False, False, False, False, False, False, False]"
29,0.9998453762787989,"[True, True, True, True, True, True, True, True, True, True, True, True, True, True, True, False, True, True, True, True, True, True, False, False, True, False, False, True, False, False, False, False, True, True, True, True, True, True, True, False]"
29,0.9999119927837639,"[True, True, True, True, True, True, True, True, True, True, True, True, True, True, True, True, False, True, True, False, True, True, False, False, False, True, False, True, False, True, True, True, True, False, True, True, False, False, False, False]"
29,0.8540202237678512,"[True, True, True, True, True, False, True, True, True, True, True, True, True, True, False, True, True, True, True, True, False, True, False, False, True, True, False, False, False, False, False, False, True, True, True, True, False, False, True, True]"
29,0.0009758141781686576,"[False, True, True, True, True, True, True, True, True, True, True, True, True, True, False, True, False, True, True, True, True, True, False, False, True, True, True, True, True, False, False, True, True, False, False, False, False, True, False, False]"
29,0.9612837044085746,"[True, True, True, True, True, True, True, False, True, True, True, True, True, True, False, True, True, False, True, True, True, True, False, False, True, False, False, True, True, True, False, False, True, False, True, False, True, False, True, False]"
29,0.9902762707623985,"[True, True, True, True, True, True, True, True, True, False, True, True, True, True, True, True, True, True, True, True, True, True, True, False, False, True, True, True, False, True, True, False, True, False, False, True, False, False, False, False]"
29,0.9998432054918717,"[True, True, True, True, True, True, True, True, True, True, True, True, True, True, True, False, True, True, True, True, True, False, False, False, True, True, True, False, True, True, False, False, True, False, False, False, False, True, False, False]"
29,0.9992214199458188,"[True, True, True, True, True, True, True, True, True, True, True, True, True, False, True, False, True, True, True, False, False, True, False, True, False, True, False, False, True, True, False, True, False, False, True, True, False, False, False, True]"
29,0.995040276523734,"[True, True, True, True, True, True, True, True, True, True, False, True, True, True, True, True, False, True, True, False, True, True, False, False, False, True, False, True, False, True, False, True, True, False, True, True, False, False, False, False]"
29,0.8531485243468615,"[True, True, True, True, True, False, True, True, True, True, True, True, False, True, True, True, False, True, False, True, True, True, True, False, False, True, False, True, False, True, True, False, False, True, False, False, True, False, True, True]"
29,0.9999996753559136,"[True, True, True, True, True, True, True, True, True, True, True, True, True, True, True, True, True, True, True, True, True, True, True, True, False, True, True, True, False, True, False, False, True, False, False, True, False, False, False, False]"
29,0.8542698879563816,"[True, True, True, True, True, False, True, True, True, True, True, True, True, True, True, True, True, True, False, True, False, True, True, True, False, True, True, True, True, False, False, True, True, True, True, True, False, False, True, True]"
29,0.9878140920678034,"[True, True, True, True, True, True, True, True, True, False, True, False, True, True, True, True, True, False, True, True, False, False, True, False, False, True, True, True, False, True, False, False, True, False, False, False, False, False, False, False]"
29,0.0009765583414233812,"[False, True, True, True, True, True, True, True, True, True, True, True, True, True, True, True, True, True, True, True, True, True, False, False, False, True, True, False, True, True, False, True, True, False, False, False, False, True, False, False]"
29,0.814738354572245,"[True, True, True, True, True, False, True, False, True, True, False, False, True, True, True, False, True, True, True, False, True, False, False, False, False, False, False, True, False, True, True, True, True, False, True, False, False, False, True, False]"
29,0.9616127631966305,"[True, True, True, True, True, True, True, False, True, True, True, True, True, True, True, True, True, True, True, True, True, False, False, False, True, False, False, True, False, False, False, False, True, False, False, False, True, False, True, True]"
29,0.9989320727338874,"[True, True, True, True, True, True, True, True, True, True, True, True, True, False, False, False, True, True, True, True, True, True, True, True, False, True, True, True, False, True, False, False, False, False, True, False, True, False, False, False]"
29,0.9999950683941583,"[True, True, True, True, True, True, True, True, True, True, True, True, True, True, True, True, True, True, True, True, False, True, True, True, True, False, True, True, True, False, False, True, True, True, True, False, False, False, True, False]"
29,5.4925487312396524e-05,"[False, True, False, True, True, True, True, True, True, True, True, True, True, True, False, False, True, True, True, True, False, False, True, True, True, False, False, True, False, False, False, True, True, True, True, False, False, False, False, False]"
29,0.7270528204908966,"[True, True, True, True, False, True, True, True, True, True, True, True, False, True, True, True, True, True, True, True, False, False, False, True, False, True, False, True, True, True, False, True, True, False, False, False, False, True, False, False]"
29,0.0009765585027692665,"[False, True, True, True, True, True, True, True, True, True, True, True, True, True, True, True, True, True, True, True, True, True, False, False, True, False, False, True, False, False, False, False, True, True, True, True, True, True, True, True]"
29,0.8542906434393509,"[True, True, True, True, True, False, True, True, True, True, True, True, True, True, True, True, True, True, True, True, True, True, True, True, True, False, False, True, True, False, False, True, True, True, True, False, False, False, True, True]"
29,0.9999996706993022,"[True, True, True, True, True, True, True, True, True, True, True, True, True, True, True, True, True, True, True, True, True, True, True, True, False, True, True, True, False, False, True, False, True, False, False, True, False, False, False, False]"
29,0.9999957822899903,"[True, True, True, True, True, True, True, True, True, True, True, True, True, True, True, True, True, True, True, True, True, False, False, False, True, True, True, False, True, True, False, False, True, False, False, False, False, False, False, False]"
29,0.961591869599098,"[True, True, True, True, True, True, True, False, True, True, True, True, True, True, True, True, True, True, False, True, False, True, False, False, False, True, False, False, False, False, False, False, True, True, True, True, False, False, True, True]"
29,0.9993680621967712,"[True, True, True, True, True, True, True, True, True, True, True, True, True, False, True, True, True, True, False, True, True, False, True, True, False, True, True, True, True, False, True, True, True, False, False, True, False, False, False, False]"
29,0.7279363581309832,"[True, True, True, True, False, True, True, True, True, True, True, True, True, True, True, True, True, False, True, False, False, True, True, True, False, False, True, False, False, True, False, False, True, False, False, True, False, False, True, False]"
29,0.7279752532222252,"[True, True, True, True, False, True, True, True, True, True, True, True, True, True, True, True, True, True, True, True, True, True, False, True, True, True, True, True, True, False, True, True, True, False, True, False, False, False, False, True]"
29,0.9999987116014575,"[True, True, True, True, True, True, True, True, True, True, True, True, True, True, True, True, True, True, True, True, True, True, False, True, True, True, False, True, False, True, True, False, True, False, True, False, False, False, True, False]"
29,0.0005094186860084544,"[False, True, True, True, False, True, True, True, True, True, True, False, True, True, True, True, False, True, True, True, False, True, True, True, True, False, False, False, True, False, True, False, True, True, True, False, False, False, True, False]"
29,0.980636003321736,"[True, True, True, True, True, True, True, True, False, True, True, True, True, True, True, True, True, True, True, True, True, False, False, True, True, True, True, True, True, True, True, False, True, False, True, False, False, False, False, False]"
29,0.9987797275387196,"[True, True, True, True, True, True, True, True, True, True, True, True, False, True, True, True, True, True, True, True, True, True, True, True, True, False, False, True, True, False, False, False, True, True, True, True, False, False, True, False]"
29,0.727975468310001,"[True, True, True, True, False, True, True, True, True, True, True, True, True, True, True, True, True, True, True, True, True, True, True, False, False, True, True, True, False, True, True, False, True, False, False, True, False, False, False, False]"
29,0.9987786988130706,"[True, True, True, True, True, True, True, True, True, True, True, True, False, True, True, True, True, True, True, True, True, True, False, True, True, True, False, True, True, True, True, False, True, False, True, False, False, False, False, False]"
29,0.9999885801612673,"[True, True, True, True, True, True, True, True, True, True, True, True, True, True, True, True, True, True, True, False, True, True, False, False, True, True, False, True, False, True, True, True, False, False, True, True, False, False, False, False]"
29,0.26307548560069555,"[True, True, False, True, True, True, True, True, True, True, True, True, True, True, True, True, True, True, True, True, True, True, True, True, False, True, True, True, True, True, True, False, True, False, True, False, False, False, False, False]"
29,0.999976504298635,"[True, True, True, True, True, True, True, True, True, True, True, True, True, True, True, True, True, True, False, True, True, False, False, False, True, False, False, True, False, True, False, False, True, False, False, True, False, False, False, False]"
29,0.9999895472720344,"[True, True, True, True, True, True, True, True, True, True, True, True, True, True, True, True, True, True, True, False, True, True, True, False, False, True, True, True, False, True, True, False, True, False, False, True, False, False, False, False]"
29,0.9999972070817053,"[True, True, True, True, True, True, True, True, True, True, True, True, True, True, True, True, True, True, True, True, True, False, True, True, False, True, False, True, False, False, False, False, False, True, True, True, False, False, True, False]"
29,0.4433223808303291,"[True, True, True, False, True, False, True, True, True, True, True, True, True, True, True, True, True, True, True, True, True, True, False, True, False, True, True, False, True, True, True, True, True, True, True, False, False, False, True, False]"
29,0.9999977590527894,"[True, True, True, True, True, True, True, True, True, True, True, True, True, True, True, True, True, True, True, True, True, True, False, False, False, False, True, True, True, True, False, True, True, False, False, False, False, True, False, False]"
29,0.9999990605560348,"[True, True, True, True, True, True, True, True, True, True, True, True, True, True, True, True, True, True, True, True, True, True, True, False, False, True, True, False, True, True, False, False, True, False, False, False, False, False, True, False]"
29,0.9999711315852893,"[True, True, True, True, True, True, True, True, True, True, True, True, True, True, True, True, True, True, False, False, True, True, True, True, True, False, False, True, False, False, False, False, True, True, True, True, False, False, True, False]"
29,0.9983637696138006,"[True, True, True, True, True, True, True, True, True, True, True, True, False, True, False, True, False, True, False, False, False, True, False, False, True, True, False, True, False, True, True, False, False, True, True, False, True, False, True, True]"
29,0.9985265600333998,"[True, True, True, True, True, True, True, True, True, True, True, True, False, True, True, False, False, True, False, True, False, True, True, False, False, True, False, True, False, True, True, False, False, True, False, True, True, False, True, True]"
29,0.9950849185232272,"[True, True, True, True, True, True, True, True, True, True, False, True, True, True, True, True, True, False, True, True, False, True, True, True, True, False, False, True, False, False, False, False, True, True, True, False, False, False, True, False]"
29,0.9997619736921064,"[True, True, True, True, True, True, True, True, True, True, True, True, True, True, True, False, False, True, True, True, False, False, False, False, True, False, False, True, True, True, False, True, True, False, False, False, False, True, True, False]"
29,0.0008940452646394842,"[False, True, True, True, True, True, True, False, True, True, False, True, True, True, True, True, True, True, True, True, True, True, False, True, False, True, False, True, False, True, False, True, True, False, True, False, False, True, False, False]"
29,0.9999953725460682,"[True, True, True, True, True, True, True, True, True, True, True, True, True, True, True, True, True, True, True, True, True, False, False, False, False, False, True, True, True, True, False, False, True, False, False, False, False, True, False, False]"
29,0.9999984694397054,"[True, True, True, True, True, True, True, True, True, True, True, True, True, True, True, True, True, True, True, True, True, True, False, True, False, True, True, False, True, True, True, False, True, False, True, False, False, False, False, False]"
29,0.9895022748362052,"[True, True, True, True, True, True, True, True, True, False, True, True, True, False, True, False, True, True, False, True, True, True, True, True, True, True, True, True, True, False, True, True, True, False, False, False, False, False, False, False]"
29,0.0009765446222969677,"[False, True, True, True, True, True, True, True, True, True, True, True, True, True, True, True, True, True, True, True, False, False, False, False, True, False, True, False, False, True, False, False, True, False, False, True, True, True, True, False]"
29,0.9996834483312114,"[True, True, True, True, True, True, True, True, True, True, True, True, True, True, False, True, True, True, True, False, True, True, False, False, True, True, False, True, False, True, True, False, True, False, True, True, True, False, False, False]"
29,0.9999983953341817,"[True, True, True, True, True, True, True, True, True, True, True, True, True, True, True, True, True, True, True, True, True, True, False, True, False, True, False, False, True, True, True, False, True, True, False, False, True, True, False, False]"
29,0.9993783895644355,"[True, True, True, True, True, True, True, True, True, True, True, True, True, False, True, True, True, True, True, False, True, True, False, False, True, True, False, True, False, False, False, True, True, False, True, False, False, False, True, True]"
29,0.9902752992905072,"[True, True, True, True, True, True, True, True, True, False, True, True, True, True, True, True, True, True, True, True, True, True, False, False, True, True, False, True, False, False, False, True, True, False, True, False, False, False, True, False]"
29,0.25726142941163255,"[True, True, False, True, True, True, True, True, False, True, True, True, True, True, True, True, True, True, True, True, True, True, False, False, True, True, False, True, False, False, False, True, True, False, True, False, False, False, True, True]"
29,0.9999969170446118,"[True, True, True, True, True, True, True, True, True, True, True, True, True, True, True, True, True, True, True, True, True, False, True, False, True, True, False, True, False, False, True, True, True, True, True, False, False, False, False, False]"
29,0.9999943156089899,"[True, True, True, True, True, True, True, True, True, True, True, True, True, True, True, True, True, True, True, True, False, True, True, False, False, True, True, True, False, True, True, False, True, False, False, True, False, False, False, False]"
29,0.9902751678202917,"[True, True, True, True, True, True, True, True, True, False, True, True, True, True, True, True, True, True, True, True, True, True, False, False, True, False, False, True, True, False, False, False, True, False, True, False, True, False, True, True]"
29,0.9981445463693738,"[True, True, True, True, True, True, True, True, True, True, True, True, False, False, True, True, True, True, False, True, False, True, False, False, False, True, True, True, False, True, True, False, True, False, False, True, False, False, False, False]"
29,0.9999979068999598,"[True, True, True, True, True, True, True, True, True, True, True, True, True, True, True, True, True, True, True, True, True, True, False, False, False, True, True, True, True, True, False, True, False, False, False, False, False, True, False, False]"
29,0.0009765184269328422,"[False, True, True, True, True, True, True, True, True, True, True, True, True, True, True, True, True, True, False, True, True, False, True, False, False, False, True, False, False, True, False, False, False, False, False, False, True, False, False, False]"
29,0.0009765606938107507,"[False, True, True, True, True, True, True, True, True, True, True, True, True, True, True, True, True, True, True, True, True, True, True, False, False, True, True, True, False, False, True, False, True, True, False, True, False, False, False, False]"
29,0.9999957823263699,"[True, True, True, True, True, True, True, True, True, True, True, True, True, True, True, True, True, True, True, True, True, False, False, False, True, True, True, False, True, True, False, False, True, False, False, False, False, True, False, False]"
29,0.9999943156089899,"[True, True, True, True, True, True, True, True, True, True, True, True, True, True, True, True, True, True, True, True, False, True, True, False, False, True, True, True, False, True, True, False, True, False, False, True, False, False, False, False]"
29,0.7134293059986572,"[True, True, True, True, False, True, True, True, False, True, True, True, True, True, True, True, True, True, True, True, True, False, True, False, True, False, True, False, False, True, False, False, True, False, False, False, True, False, False, False]"
29,0.9616161526701188,"[True, True, True, True, True, True, True, False, True, True, True, True, True, True, True, True, True, True, True, True, True, True, True, False, False, True, True, True, False, True, False, False, True, False, False, False, False, False, True, False]"
29,0.05613040705774839,"[True, False, True, True, True, True, True, True, True, True, True, False, True, True, True, True, True, True, True, True, True, True, True, False, True, False, False, True, False, False, True, False, False, True, True, True, False, False, False, False]"
