step,fitness,genome
0,2.314677881021013e-08,"[False, False, True, False, True, True, False, False, False, False, True, False, False, False, False, False, False, False, False, True, True, True, False, False, True, False, True, False, False, True, True, True, False, False, False, False, False, True, False, False]"
0,0.013515869931983608,"[True, False, True, False, False, True, True, False, False, True, True, True, False, True, True, True, False, False, True, False, True, True, True, False, False, False, True, False, True, True, False, True, False, False, False, True, False, False, False, False]"
0,2.903385970999712e-05,"[False, True, False, True, True, False, True, False, False, False, False, False, True, True, True, True, False, True, False, False, False, True, True, True, True, True, False, False, False, True, True, False, True, False, False, True, True, True, False, False]"
0,0.01439954101361639,"[True, False, True, False, False, True, True, True, True, False, False, False, False, True, False, True, True, True, True, False, True, True, False, True, False, False, True, False, False, True, True, False, False, False, False, False, True, True, True, False]"
0,0.21500009261858025,"[True, True, False, True, True, False, True, True, True, False, False, False, False, True, True, False, False, True, True, False, False, False, False, True, False, False, True, True, True, True, False, True, False, False, False, False, False, True, True, True]"
0,0.019164714399092952,"[True, False, True, False, True, True, False, False, False, True, True, False, False, False, False, True, True, False, False, True, True, True, True, False, False, False, True, False, False, True, True, False, False, False, False, False, False, False, False, False]"
0,0.11463835443965724,"[True, True, False, False, True, True, True, False, False, False, True, False, False, True, False, True, False, False, True, False, False, False, True, True, True, False, False, False, False, False, True, True, True, False, False, False, False, True, False, True]"
0,0.00010927218250670722,"[False, True, True, False, False, True, True, False, True, True, False, True, False, False, True, False, True, False, True, True, True, False, True, False, False, True, False, False, True, True, True, True, False, True, False, True, False, False, False, True]"
0,0.04072849595137601,"[True, False, True, True, True, False, False, True, True, True, True, False, False, False, False, False, True, True, True, True, False, True, True, True, False, True, True, False, True, True, False, False, False, True, False, True, False, False, False, False]"
0,0.08635850841956258,"[True, True, False, False, True, False, False, False, False, True, True, False, False, False, True, True, False, False, True, False, True, True, True, False, True, False, True, True, False, True, False, True, False, False, True, True, True, True, True, False]"
0,0.07152053439610451,"[True, True, False, False, False, True, False, False, True, False, True, False, False, True, False, True, False, False, True, False, False, False, True, False, True, False, True, False, False, False, True, True, True, True, True, False, False, True, False, True]"
0,0.09537517886744079,"[True, True, False, False, True, False, True, False, False, True, True, False, False, False, True, True, False, False, True, False, True, True, False, True, True, False, False, True, False, True, False, True, False, False, False, True, True, False, True, False]"
0,0.03858991054827782,"[True, False, True, True, True, False, False, False, True, True, True, False, False, False, False, False, True, True, True, True, True, True, True, True, False, True, True, False, True, True, False, False, False, True, False, True, False, False, False, False]"
0,3.8265758171197726e-05,"[False, True, False, True, True, True, False, False, True, False, False, True, False, True, False, False, True, False, True, True, False, False, False, False, False, True, False, False, False, False, True, True, False, True, True, False, True, False, False, False]"
0,2.923598321828223e-05,"[False, True, False, True, True, False, True, False, False, False, False, True, True, True, True, True, False, True, False, False, False, True, True, True, True, True, False, True, False, True, False, False, True, False, False, True, True, True, False, False]"
0,0.07728905763781645,"[True, True, False, False, False, True, True, False, False, False, True, False, True, True, False, True, False, False, True, False, False, False, True, True, True, False, False, False, False, False, True, True, True, True, False, False, False, False, False, True]"
0,0.04072849595239634,"[True, False, True, True, True, False, False, True, True, True, True, False, False, False, False, False, True, True, True, True, False, True, True, True, False, True, True, False, True, True, False, False, False, True, False, True, False, False, True, False]"
0,0.04072849595137601,"[True, False, True, True, True, False, False, True, True, True, True, False, False, False, False, False, True, True, True, True, False, True, True, True, False, True, True, False, True, True, False, False, False, True, False, True, False, False, False, False]"
0,0.07716726862752293,"[True, True, False, False, False, True, True, False, False, False, True, False, False, True, False, True, False, False, True, False, False, False, True, True, True, False, False, False, False, False, True, True, True, True, False, False, False, True, False, True]"
0,0.6032826787637193,"[True, True, True, True, False, False, True, True, False, True, True, False, False, False, True, False, False, True, False, False, True, True, True, False, True, True, False, False, True, True, False, False, False, False, True, False, False, False, False, False]"
0,0.3075078890039845,"[True, True, True, False, False, False, True, True, True, False, False, False, False, True, False, True, True, True, True, False, True, True, False, True, False, False, True, False, False, True, True, False, False, False, False, False, True, True, True, False]"
0,0.3075078890039845,"[True, True, True, False, False, False, True, True, True, False, False, False, False, True, False, True, True, True, True, False, True, True, False, True, False, False, True, False, False, True, True, False, False, False, False, False, True, True, True, False]"
0,0.013516586968179284,"[True, False, True, False, False, True, True, False, False, True, True, True, False, True, True, True, False, True, True, False, True, False, False, False, False, False, False, False, True, True, False, True, False, False, False, True, False, False, False, False]"
0,0.6032826787637193,"[True, True, True, True, False, False, True, True, False, True, True, False, False, False, True, False, False, True, False, False, True, True, True, False, True, True, False, False, True, True, False, False, False, False, True, False, False, False, False, False]"
0,0.07549505478190645,"[True, True, False, False, False, True, False, True, True, False, True, True, False, True, True, False, False, False, True, False, False, False, False, True, False, True, True, False, True, True, False, False, True, True, False, True, True, True, False, False]"
step,fitness,genome
1,0.04086564910653326,"[True, False, True, True, True, False, False, True, True, True, True, True, False, False, False, False, True, True, True, True, False, True, True, True, False, True, True, False, True, True, False, False, False, True, False, True, False, False, False, False]"
1,0.603282680241156,"[True, True, True, True, False, False, True, True, False, True, True, False, False, False, True, False, False, True, False, False, True, True, True, False, True, True, False, False, True, True, False, True, False, False, True, False, False, False, False, False]"
1,0.2101530392814586,"[True, True, False, True, True, False, True, True, False, False, False, False, False, True, True, False, False, True, True, False, False, False, False, True, False, False, True, True, True, True, False, True, False, False, False, False, False, True, True, True]"
1,0.6032826787637193,"[True, True, True, True, False, False, True, True, False, True, True, False, False, False, True, False, False, True, False, False, True, True, True, False, True, True, False, False, True, True, False, False, False, False, True, False, False, False, False, False]"
1,0.02934445632639241,"[True, False, True, True, False, False, True, True, True, True, True, False, False, False, True, False, False, True, False, False, True, True, True, False, True, True, False, False, True, True, False, False, False, False, True, False, False, False, False, False]"
1,0.3075079405645044,"[True, True, True, False, False, False, True, True, True, False, False, False, False, True, False, True, True, True, True, False, True, True, False, True, False, True, True, False, False, True, True, False, False, False, False, False, True, True, True, True]"
1,0.2150001674129432,"[True, True, False, True, True, False, True, True, True, False, False, False, False, True, True, False, False, True, True, False, False, False, False, True, True, False, True, True, True, True, False, True, False, False, True, False, False, True, True, True]"
1,0.07728905765234514,"[True, True, False, False, False, True, True, False, False, False, True, False, True, True, False, True, False, False, True, False, False, False, True, True, True, False, False, False, False, False, True, True, True, True, False, True, False, False, False, True]"
1,0.3075078890039845,"[True, True, True, False, False, False, True, True, True, False, False, False, False, True, False, True, True, True, True, False, True, True, False, True, False, False, True, False, False, True, True, False, False, False, False, False, True, True, True, False]"
1,0.6032826787637193,"[True, True, True, True, False, False, True, True, False, True, True, False, False, False, True, False, False, True, False, False, True, True, True, False, True, True, False, False, True, True, False, False, False, False, True, False, False, False, False, False]"
1,0.21500009261858025,"[True, True, False, True, True, False, True, True, True, False, False, False, False, True, True, False, False, True, True, False, False, False, False, True, False, False, True, True, True, True, False, True, False, False, False, False, False, True, True, True]"
1,0.09537510696033889,"[True, True, False, False, True, False, True, False, False, True, True, False, False, False, True, True, False, False, True, False, True, True, False, False, True, False, False, True, False, True, False, True, False, False, False, True, True, False, True, False]"
1,0.07549505478190645,"[True, True, False, False, False, True, False, True, True, False, True, True, False, True, True, False, False, False, True, False, False, False, False, True, False, True, True, False, True, True, False, False, True, True, False, True, True, True, False, False]"
1,0.6032826787637193,"[True, True, True, True, False, False, True, True, False, True, True, False, False, False, True, False, False, True, False, False, True, True, True, False, True, True, False, False, True, True, False, False, False, False, True, False, False, False, False, False]"
1,0.09537517886744079,"[True, True, False, False, True, False, True, False, False, True, True, False, False, False, True, True, False, False, True, False, True, True, False, True, True, False, False, True, False, True, False, True, False, False, False, True, True, False, True, False]"
1,0.603282666944225,"[True, True, True, True, False, False, True, True, False, True, True, False, False, False, True, False, False, True, False, False, True, True, True, False, True, True, False, False, False, True, False, False, False, False, True, False, False, False, False, False]"
1,0.6032826728539722,"[True, True, True, True, False, False, True, True, False, True, True, False, False, False, True, False, False, True, False, False, True, True, True, False, True, True, False, False, True, False, False, False, False, False, True, False, False, False, False, False]"
1,0.07561446613755016,"[True, True, False, False, False, True, False, True, True, False, True, True, True, True, True, False, False, False, True, False, False, False, False, True, False, True, True, False, True, True, False, False, True, True, False, True, True, True, False, False]"
1,0.6032826787637193,"[True, True, True, True, False, False, True, True, False, True, True, False, False, False, True, False, False, True, False, False, True, True, True, False, True, True, False, False, True, True, False, False, False, False, True, False, False, False, False, False]"
1,0.09537517886744079,"[True, True, False, False, True, False, True, False, False, True, True, False, False, False, True, True, False, False, True, False, True, True, False, True, True, False, False, True, False, True, False, True, False, False, False, True, True, False, True, False]"
1,0.07645511466272906,"[True, True, False, False, False, True, False, True, True, True, True, True, False, True, True, False, False, False, True, False, False, False, False, True, False, True, True, False, False, True, False, False, True, False, False, True, True, True, False, False]"
1,0.3075078889913973,"[True, True, True, False, False, False, True, True, True, False, False, False, False, True, False, True, True, True, True, False, True, True, False, True, False, False, True, False, False, True, True, False, False, False, False, False, True, False, True, False]"
1,0.09537517660278767,"[True, True, False, False, True, False, True, False, False, True, True, False, False, False, True, True, False, False, True, False, True, True, False, True, True, False, False, False, True, True, False, True, False, False, False, False, True, False, True, False]"
1,0.1473420765180431,"[True, True, False, True, False, False, True, True, False, True, True, False, False, False, True, False, False, True, False, True, True, True, True, False, True, True, False, False, True, True, False, False, True, False, True, False, False, False, False, False]"
1,0.3075070640870735,"[True, True, True, False, False, False, True, True, True, False, False, False, False, True, False, True, True, True, True, False, True, False, False, True, False, False, True, False, False, True, True, False, False, False, False, False, True, True, True, False]"
step,fitness,genome
2,0.07645511466272906,"[True, True, False, False, False, True, False, True, True, True, True, True, False, True, True, False, False, False, True, False, False, False, False, True, False, True, True, False, False, True, False, False, True, False, False, True, True, True, False, False]"
2,0.2815215424128423,"[True, True, True, False, False, False, False, True, True, False, False, False, False, True, False, True, True, True, True, False, True, True, False, True, False, False, True, False, False, True, True, False, False, False, False, False, True, True, True, False]"
2,0.6157915095843007,"[True, True, True, True, False, False, True, True, True, True, True, False, False, False, True, False, False, True, False, False, True, True, True, False, True, True, False, False, False, True, False, False, False, False, True, False, False, False, False, False]"
2,0.2150001674129432,"[True, True, False, True, True, False, True, True, True, False, False, False, False, True, True, False, False, True, True, False, False, False, False, True, True, False, True, True, True, True, False, True, False, False, True, False, False, True, True, True]"
2,4.291324772945817e-06,"[False, True, False, False, True, False, True, False, False, True, True, False, False, False, True, True, False, False, True, False, True, False, False, True, True, False, False, False, True, True, False, True, False, False, False, False, True, False, True, False]"
2,0.6032826787637193,"[True, True, True, True, False, False, True, True, False, True, True, False, False, False, True, False, False, True, False, False, True, True, True, False, True, True, False, False, True, True, False, False, False, False, True, False, False, False, False, False]"
2,0.612985692258032,"[True, True, True, True, False, False, True, True, True, True, False, False, False, True, False, True, True, True, False, False, True, True, False, True, False, False, True, False, False, True, True, False, False, False, False, False, True, False, False, False]"
2,0.2892468635804674,"[True, True, True, False, False, False, True, False, False, False, True, False, False, False, True, False, False, True, True, False, True, True, True, False, True, True, False, False, True, True, False, False, False, False, True, False, False, False, True, False]"
2,0.06094361595919826,"[True, True, False, False, False, False, False, True, True, False, False, False, False, True, False, True, True, True, True, False, True, False, False, True, False, False, True, False, False, True, True, False, False, False, False, False, True, True, True, False]"
2,0.6032826787637193,"[True, True, True, True, False, False, True, True, False, True, True, False, False, False, True, False, False, True, False, False, True, True, True, False, True, True, False, False, True, True, False, False, False, False, True, False, False, False, False, False]"
2,0.6032811688250204,"[True, True, True, True, False, False, True, True, False, True, True, False, False, False, True, False, False, True, False, False, True, False, True, False, True, True, False, False, True, True, True, False, False, False, True, False, False, False, False, False]"
2,0.6001884101098774,"[True, True, True, True, False, False, True, True, False, True, False, False, False, False, True, False, False, True, False, False, False, True, True, False, True, True, False, False, True, True, False, True, False, False, True, True, False, False, False, False]"
2,0.5526317697249241,"[True, True, True, True, False, False, False, True, False, True, False, False, False, False, True, False, False, True, False, False, True, True, True, False, True, True, False, False, True, True, False, False, False, False, True, True, False, False, False, False]"
2,0.6032826728597434,"[True, True, True, True, False, False, True, True, False, True, True, False, False, False, True, False, False, True, False, False, True, True, True, False, True, True, False, False, True, False, False, False, False, False, True, False, False, False, False, True]"
2,0.6032827142222031,"[True, True, True, True, False, False, True, True, False, True, True, False, False, False, True, False, False, True, False, False, True, True, True, False, True, True, True, False, False, True, False, False, False, False, True, False, False, False, False, False]"
2,0.6032826787637193,"[True, True, True, True, False, False, True, True, False, True, True, False, False, False, True, False, False, True, False, False, True, True, True, False, True, True, False, False, True, True, False, False, False, False, True, False, False, False, False, False]"
2,0.3075079413700884,"[True, True, True, False, False, False, True, True, True, False, False, False, False, True, False, True, True, True, True, False, True, True, False, True, False, True, True, False, False, True, True, True, False, False, False, False, True, True, True, True]"
2,0.6048336690583591,"[True, True, True, True, False, False, True, True, False, True, True, True, False, False, True, False, False, True, False, False, True, True, True, False, True, True, False, False, True, False, False, False, False, False, True, False, False, False, False, False]"
2,0.603282680241156,"[True, True, True, True, False, False, True, True, False, True, True, False, False, False, True, False, False, True, False, False, True, True, True, False, True, True, False, False, True, True, False, True, False, False, True, False, False, False, False, False]"
2,0.3056194565528414,"[True, True, True, False, False, False, True, True, False, True, True, False, False, False, True, False, False, False, False, False, True, True, True, False, True, True, False, False, True, True, False, False, False, False, True, False, False, False, False, False]"
2,0.2150001674129432,"[True, True, False, True, True, False, True, True, True, False, False, False, False, True, True, False, False, True, True, False, False, False, False, True, True, False, True, True, True, True, False, True, False, False, True, False, False, True, True, True]"
2,0.8348034691670791,"[True, True, True, True, True, False, True, True, False, True, True, False, True, False, True, True, False, True, False, False, True, True, True, False, True, True, False, False, True, False, False, False, False, False, True, False, False, False, False, False]"
2,0.2150006904633475,"[True, True, False, True, True, False, True, True, True, False, False, False, False, True, True, False, False, True, True, False, False, True, False, True, False, False, True, True, True, True, False, True, False, False, True, False, False, True, True, True]"
2,0.21500016733997307,"[True, True, False, True, True, False, True, True, True, False, False, False, False, True, True, False, False, True, True, False, False, False, False, True, True, False, True, True, True, True, False, True, False, False, False, False, False, True, True, True]"
2,0.603282680241156,"[True, True, True, True, False, False, True, True, False, True, True, False, False, False, True, False, False, True, False, False, True, True, True, False, True, True, False, False, True, True, False, True, False, False, True, False, False, False, False, False]"
step,fitness,genome
3,0.6157915103367902,"[True, True, True, True, False, False, True, True, True, True, True, False, False, False, True, False, False, True, False, False, True, True, True, False, True, True, False, False, False, True, False, False, True, False, True, False, False, False, False, False]"
3,0.30563259534031156,"[True, True, True, False, False, False, True, True, False, True, True, False, False, False, True, False, False, True, False, False, True, True, True, False, True, True, False, True, True, True, False, False, False, False, True, False, False, False, False, False]"
3,0.5762944799137388,"[True, True, True, True, False, False, True, False, False, True, False, False, False, True, False, True, True, True, False, False, True, True, False, True, False, False, True, False, True, True, True, False, False, False, False, False, True, False, False, False]"
3,0.6032827378611935,"[True, True, True, True, False, False, True, True, False, True, True, False, False, False, True, False, False, True, False, False, True, True, True, False, True, True, True, True, False, True, False, False, False, False, True, False, False, False, False, False]"
3,0.6157915095843007,"[True, True, True, True, False, False, True, True, True, True, True, False, False, False, True, False, False, True, False, False, True, True, True, False, True, True, False, False, False, True, False, False, False, False, True, False, False, False, False, False]"
3,0.3056260194738682,"[True, True, True, False, False, False, True, True, False, True, True, False, False, False, True, False, False, False, True, False, True, True, True, False, True, True, False, False, True, True, False, False, False, False, True, False, False, False, False, False]"
3,0.603282680241156,"[True, True, True, True, False, False, True, True, False, True, True, False, False, False, True, False, False, True, False, False, True, True, True, False, True, True, False, False, True, True, False, True, False, False, True, False, False, False, False, False]"
3,0.02853893390315869,"[True, False, True, True, False, False, True, True, False, True, True, False, False, False, True, False, False, True, False, False, True, True, True, False, True, True, False, False, True, True, False, False, False, False, True, False, False, False, False, False]"
3,0.6095051543137768,"[True, True, True, True, False, False, True, True, True, False, True, False, False, False, True, False, False, True, False, False, False, True, True, False, True, True, False, False, False, True, False, False, False, False, True, False, False, False, False, False]"
3,0.29246054972483493,"[True, True, True, False, False, False, True, False, False, True, True, False, False, False, True, False, False, True, True, False, True, True, True, False, True, True, False, False, True, True, False, False, True, False, True, False, False, False, True, True]"
3,0.028340691103236296,"[True, False, True, True, False, False, True, True, False, True, False, False, False, False, True, False, False, True, False, False, True, True, True, False, True, True, True, False, False, True, False, True, False, False, True, False, False, False, False, False]"
3,0.6036761491856053,"[True, True, True, True, False, False, True, True, False, True, True, False, False, True, True, False, False, True, False, True, True, True, True, False, True, True, False, False, True, True, False, True, True, False, True, False, False, False, False, False]"
3,0.6033311522625111,"[True, True, True, True, False, False, True, True, False, True, True, False, False, False, True, False, True, True, False, False, True, True, True, False, True, True, True, True, False, True, False, False, False, False, True, False, False, False, False, False]"
3,0.6032827024027083,"[True, True, True, True, False, False, True, True, False, True, True, False, False, False, True, False, False, True, False, False, True, True, True, False, True, True, False, True, True, True, False, False, False, False, True, False, False, False, False, False]"
3,0.21396662831159832,"[True, True, False, True, True, False, True, True, False, True, True, False, True, False, True, True, False, True, False, False, True, True, True, False, True, True, False, False, True, False, False, False, False, False, True, False, False, False, False, False]"
3,0.8368810245102942,"[True, True, True, True, True, False, True, True, False, True, True, True, True, False, True, True, False, True, False, False, True, True, True, False, True, True, False, False, True, False, True, False, False, False, True, True, False, False, False, False]"
3,0.30750959121013827,"[True, True, True, False, False, False, True, True, True, False, False, False, False, True, False, True, True, True, True, True, False, True, False, True, False, True, True, False, False, True, True, True, False, False, False, False, True, True, True, True]"
3,0.3075079381477524,"[True, True, True, False, False, False, True, True, True, False, False, False, False, True, False, True, True, True, True, False, True, True, False, True, False, True, True, False, False, False, True, True, False, False, False, False, True, True, True, True]"
3,0.8347710442922878,"[True, True, True, True, True, False, True, True, False, True, True, False, True, False, True, True, False, False, False, False, True, True, True, False, True, True, False, False, True, False, False, False, False, False, True, False, False, False, False, False]"
3,0.6157915095843007,"[True, True, True, True, False, False, True, True, True, True, True, False, False, False, True, False, False, True, False, False, True, True, True, False, True, True, False, False, False, True, False, False, False, False, True, False, False, False, False, False]"
3,0.6032827142222031,"[True, True, True, True, False, False, True, True, False, True, True, False, False, False, True, False, False, True, False, False, True, True, True, False, True, True, True, False, False, True, False, False, False, False, True, False, False, False, False, False]"
3,0.6001884086392625,"[True, True, True, True, False, False, True, True, False, True, False, False, False, False, True, False, False, True, False, False, False, True, True, False, True, True, False, False, True, True, False, False, False, False, True, True, False, False, False, False]"
3,0.14734037208252682,"[True, True, False, True, False, False, True, True, False, True, True, False, False, False, True, False, False, True, False, False, True, True, True, False, True, True, False, False, False, True, True, False, False, False, True, False, False, False, False, False]"
3,0.6157899805272545,"[True, True, True, True, False, False, True, True, True, True, True, False, False, False, True, False, False, True, False, False, True, False, True, False, True, True, False, False, True, True, False, False, False, False, True, False, False, False, False, False]"
3,0.8337669726728265,"[True, True, True, True, True, False, True, True, False, True, True, False, False, False, True, True, False, True, False, False, True, True, True, True, True, True, False, True, True, False, False, False, False, False, False, False, False, False, False, False]"
step,fitness,genome
4,0.6033311520778182,"[True, True, True, True, False, False, True, True, False, True, True, False, False, False, True, False, True, True, False, False, True, True, True, False, True, True, True, True, False, True, False, False, False, False, False, False, False, False, False, False]"
4,0.6095051543137768,"[True, True, True, True, False, False, True, True, True, False, True, False, False, False, True, False, False, True, False, False, False, True, True, False, True, True, False, False, False, True, False, False, False, False, True, False, False, False, False, False]"
4,0.6032797120772098,"[True, True, True, True, False, False, True, True, False, True, True, False, False, False, True, False, False, True, False, False, False, True, True, False, True, True, True, True, False, True, False, False, False, False, True, False, False, False, False, False]"
4,0.615839297349092,"[True, True, True, True, False, False, True, True, True, True, True, False, False, False, True, False, True, True, False, False, True, False, True, False, True, True, False, False, True, True, False, False, False, False, True, False, False, False, False, False]"
4,0.8347710442922878,"[True, True, True, True, True, False, True, True, False, True, True, False, True, False, True, True, False, False, False, False, True, True, True, False, True, True, False, False, True, False, False, False, False, False, True, False, False, False, False, False]"
4,0.8515546630925654,"[True, True, True, True, True, False, True, True, True, True, True, False, True, False, True, True, False, True, False, False, True, True, True, False, True, True, False, False, True, False, True, False, False, False, True, True, False, False, False, False]"
4,0.8358422027680226,"[True, True, True, True, True, False, True, True, False, True, True, True, False, False, True, True, False, True, False, False, True, True, True, True, True, True, False, True, True, False, False, False, False, False, True, False, False, False, False, False]"
4,0.0003459847053293863,"[False, True, True, True, False, False, True, True, False, True, True, False, False, False, True, False, False, True, False, False, True, True, True, False, True, True, True, True, False, True, False, False, False, False, True, False, False, False, False, False]"
4,0.6157915095843007,"[True, True, True, True, False, False, True, True, True, True, True, False, False, False, True, False, False, True, False, False, True, True, True, False, True, True, False, False, False, True, False, False, False, False, True, False, False, False, False, False]"
4,0.6040576815221599,"[True, True, True, True, False, False, True, True, False, True, True, False, True, False, True, False, False, True, False, False, True, True, True, False, True, False, True, False, True, True, False, False, False, False, True, False, False, False, False, False]"
4,0.6157668547085879,"[True, True, True, True, False, False, True, True, True, True, True, False, False, False, True, False, False, False, False, False, True, True, True, False, True, True, False, False, False, True, False, True, True, False, True, False, False, False, False, False]"
4,0.6032810949995212,"[True, True, True, True, False, False, True, True, False, True, True, False, False, False, True, False, False, True, False, False, True, False, True, False, True, False, False, True, True, True, False, False, False, False, True, False, True, False, False, False]"
4,0.3638519498549408,"[True, True, True, False, False, True, True, True, False, True, True, False, False, False, True, False, False, False, True, False, True, True, True, False, True, True, False, False, True, True, False, False, False, False, True, False, False, False, False, False]"
4,0.6157915095843007,"[True, True, True, True, False, False, True, True, True, True, True, False, False, False, True, False, False, True, False, False, True, True, True, False, True, True, False, False, False, True, False, False, False, False, True, False, False, False, False, False]"
4,0.6032827378611935,"[True, True, True, True, False, False, True, True, False, True, True, False, False, False, True, False, False, True, False, False, True, True, True, False, True, True, True, True, False, True, False, False, False, False, True, False, False, False, False, False]"
4,0.6156420513873516,"[True, True, True, True, False, False, True, True, True, True, True, False, False, False, False, False, True, True, False, False, True, False, True, False, True, True, False, False, True, True, False, False, False, False, True, False, False, False, False, False]"
4,0.6173698718423176,"[True, True, True, True, False, False, True, True, True, True, True, True, False, False, True, False, False, True, False, False, True, False, True, False, True, True, False, False, False, True, False, False, True, False, True, True, False, False, False, False]"
4,0.8348039797729276,"[True, True, True, True, True, False, True, True, False, True, True, False, True, False, True, True, False, True, False, False, True, True, True, True, True, True, False, False, True, False, True, False, False, False, True, False, False, False, False, False]"
4,0.04438015930349214,"[True, False, True, True, True, False, True, True, False, True, True, True, True, False, True, True, False, True, False, False, True, True, True, True, True, True, False, False, True, False, True, False, False, False, True, True, False, False, False, False]"
4,0.8253834108543405,"[True, True, True, True, True, False, True, True, False, False, True, False, False, False, True, False, False, True, False, False, True, True, True, False, True, True, False, False, False, True, False, False, False, False, True, False, False, False, False, False]"
4,0.6032827378611935,"[True, True, True, True, False, False, True, True, False, True, True, False, False, False, True, False, False, True, False, False, True, True, True, False, True, True, True, True, False, True, False, False, False, False, True, False, False, False, False, False]"
4,0.6157899805272545,"[True, True, True, True, False, False, True, True, True, True, True, False, False, False, True, False, False, True, False, False, True, False, True, False, True, True, False, False, True, True, False, False, False, False, True, False, False, False, False, False]"
4,0.6001884086392625,"[True, True, True, True, False, False, True, True, False, True, False, False, False, False, True, False, False, True, False, False, False, True, True, False, True, True, False, False, True, True, False, False, False, False, True, True, False, False, False, False]"
4,0.5558642235442987,"[True, True, True, True, False, False, False, True, False, True, True, False, False, True, True, False, False, True, False, True, False, True, True, False, True, True, False, False, True, True, False, True, True, False, True, False, False, False, False, False]"
4,0.8286127313374929,"[True, True, True, True, True, False, True, True, False, False, True, True, True, False, True, True, False, True, True, False, True, False, True, False, True, True, False, False, True, False, True, False, False, False, True, True, False, False, False, False]"
step,fitness,genome
5,0.8275690763001469,"[True, True, True, True, True, False, True, True, False, False, True, True, False, False, True, True, False, True, False, False, True, True, True, True, True, True, False, True, True, False, False, False, False, False, True, False, False, False, False, False]"
5,0.6173698718423176,"[True, True, True, True, False, False, True, True, True, True, True, True, False, False, True, False, False, True, False, False, True, False, True, False, True, True, False, False, False, True, False, False, True, False, True, True, False, False, False, False]"
5,0.8253834108543405,"[True, True, True, True, True, False, True, True, False, False, True, False, False, False, True, False, False, True, False, False, True, True, True, False, True, True, False, False, False, True, False, False, False, False, True, False, False, False, False, False]"
5,0.8515546630925654,"[True, True, True, True, True, False, True, True, True, True, True, False, True, False, True, True, False, True, False, False, True, True, True, False, True, True, False, False, True, False, True, False, False, False, True, True, False, False, False, False]"
5,0.8286126065042433,"[True, True, True, True, True, False, True, True, False, False, True, True, True, False, True, True, False, True, True, False, True, False, True, False, True, False, False, False, True, False, True, False, True, False, True, True, False, False, False, False]"
5,0.615839297349092,"[True, True, True, True, False, False, True, True, True, True, True, False, False, False, True, False, True, True, False, False, True, False, True, False, True, True, False, False, True, True, False, False, False, False, True, False, False, False, False, False]"
5,0.04423243328939622,"[True, False, True, True, True, False, True, True, False, True, True, False, True, False, True, True, False, True, False, False, True, True, True, True, True, True, False, False, True, True, True, False, False, False, True, False, False, False, False, False]"
5,0.6157915110892798,"[True, True, True, True, False, False, True, True, True, True, True, False, False, False, True, False, False, True, False, False, True, True, True, False, True, True, False, False, False, True, False, True, False, False, True, False, False, False, False, False]"
5,0.6040577880205984,"[True, True, True, True, False, False, True, True, False, True, True, False, True, False, True, False, False, True, False, False, True, True, True, False, True, True, True, True, False, True, False, False, False, False, True, False, False, False, False, False]"
5,0.8358422027680226,"[True, True, True, True, True, False, True, True, False, True, True, True, False, False, True, True, False, True, False, False, True, True, True, True, True, True, False, True, True, False, False, False, False, False, True, False, False, False, False, False]"
5,0.0003613321345557188,"[False, True, True, True, False, False, True, True, True, True, True, False, False, False, True, False, True, True, False, False, True, False, True, False, True, True, False, False, True, True, False, False, False, False, True, False, False, False, False, False]"
5,0.15082069257766573,"[True, True, False, True, False, False, True, True, True, True, True, False, False, False, False, False, True, True, False, False, True, False, True, False, True, True, False, False, True, True, False, False, False, False, True, False, False, False, False, False]"
5,0.8337340544952399,"[True, True, True, True, True, False, True, True, False, True, True, False, False, False, True, True, False, False, False, False, True, True, True, False, True, True, False, False, True, True, False, False, False, False, True, False, False, False, False, False]"
5,0.6010352611524137,"[True, True, True, True, False, False, True, True, False, True, False, False, True, False, True, True, False, False, False, False, True, True, True, False, True, True, False, False, True, False, False, False, False, False, True, False, False, False, False, False]"
5,0.612690176982886,"[True, True, True, True, False, False, True, True, True, True, False, False, False, False, True, False, True, True, False, False, True, False, True, False, True, True, False, False, True, True, False, False, False, False, True, False, False, False, False, False]"
5,0.6155942773980989,"[True, True, True, True, False, False, True, True, True, True, True, False, False, False, False, False, False, True, False, False, True, True, True, False, True, True, False, False, False, True, False, False, False, False, True, False, False, False, False, False]"
5,0.8358422027680226,"[True, True, True, True, True, False, True, True, False, True, True, True, False, False, True, True, False, True, False, False, True, True, True, True, True, True, False, True, True, False, False, False, False, False, True, False, False, False, False, False]"
5,0.7245786852658578,"[True, True, True, True, False, True, True, True, True, True, True, False, False, False, True, False, False, True, False, False, True, True, True, False, True, True, False, False, False, True, False, False, False, False, True, False, False, False, False, False]"
5,0.6157915217181947,"[True, True, True, True, False, False, True, True, True, True, True, False, False, False, True, False, False, True, False, False, True, True, True, False, True, True, False, False, True, True, False, False, False, False, True, True, False, False, False, False]"
5,0.6173698718423176,"[True, True, True, True, False, False, True, True, True, True, True, True, False, False, True, False, False, True, False, False, True, False, True, False, True, True, False, False, False, True, False, False, True, False, True, True, False, False, False, False]"
5,0.213966629510395,"[True, True, False, True, True, False, True, True, False, True, True, False, True, False, True, True, False, True, False, False, True, True, True, False, True, True, False, False, True, False, True, False, False, False, True, True, False, False, False, False]"
5,0.8286087052279868,"[True, True, True, True, True, False, True, True, False, False, True, True, True, False, True, True, False, True, True, False, False, False, True, False, True, True, False, False, True, False, True, False, False, False, True, True, False, False, False, False]"
5,0.15132891349858144,"[True, True, False, True, False, False, True, True, True, True, True, True, False, False, True, True, False, False, False, False, True, False, True, False, True, True, False, False, False, True, False, False, False, False, True, True, False, False, False, False]"
5,0.8348040440934518,"[True, True, True, True, True, False, True, True, False, True, True, False, True, False, True, True, False, True, False, False, True, True, True, True, True, True, True, False, True, False, True, False, True, False, True, False, False, False, False, False]"
5,0.8286127313374929,"[True, True, True, True, True, False, True, True, False, False, True, True, True, False, True, True, False, True, True, False, True, False, True, False, True, True, False, False, True, False, True, False, False, False, True, True, False, False, False, False]"
step,fitness,genome
6,0.15087805221436892,"[True, True, False, True, False, False, True, True, True, True, True, False, False, False, True, False, True, True, False, True, True, False, True, False, True, True, False, False, True, True, False, True, False, False, True, False, False, False, False, False]"
6,0.6174803234362006,"[True, True, True, True, False, False, True, True, True, True, True, True, False, False, True, True, False, True, True, False, True, False, False, False, True, True, False, False, False, True, False, False, True, False, True, True, False, False, False, False]"
6,0.8348688972838344,"[True, True, True, True, True, False, True, True, False, True, True, False, True, False, True, True, True, True, False, False, True, True, True, True, True, True, True, False, True, False, True, False, True, False, True, False, False, False, False, False]"
6,0.8031899881115949,"[True, True, True, True, True, False, True, False, False, True, True, True, False, False, True, True, False, True, False, False, True, True, True, True, True, True, False, True, True, False, False, False, False, False, True, False, False, False, False, False]"
6,0.7245786852658578,"[True, True, True, True, False, True, True, True, True, True, True, False, False, False, True, False, False, True, False, False, True, True, True, False, True, True, False, False, False, True, False, False, False, False, True, False, False, False, False, False]"
6,0.9954785376129753,"[True, True, True, True, True, True, True, True, True, True, True, False, False, False, True, False, False, True, False, False, True, True, True, False, True, True, False, False, False, True, False, False, False, False, True, False, False, False, False, False]"
6,0.8515546630925654,"[True, True, True, True, True, False, True, True, True, True, True, False, True, False, True, True, False, True, False, False, True, True, True, False, True, True, False, False, True, False, True, False, False, False, True, True, False, False, False, False]"
6,0.5987476997658742,"[True, True, True, True, False, False, True, True, False, False, True, True, False, False, True, True, False, True, False, False, True, True, True, True, True, True, False, True, True, False, False, False, False, False, True, False, False, False, False, False]"
6,0.8363860962973534,"[True, True, True, True, True, False, True, True, False, True, True, True, False, True, True, True, False, True, True, True, True, True, True, True, True, True, False, True, True, False, False, False, False, False, True, False, False, False, False, False]"
6,0.8286126065042433,"[True, True, True, True, True, False, True, True, False, False, True, True, True, False, True, True, False, True, True, False, True, False, True, False, True, False, False, False, True, False, True, False, True, False, True, True, False, False, False, False]"
6,0.8286085794123484,"[True, True, True, True, True, False, True, True, False, False, True, True, True, False, True, True, False, True, True, False, False, False, True, False, True, False, False, False, True, False, True, False, False, False, True, True, False, False, False, False]"
6,0.0006800277976024777,"[False, True, True, True, True, False, True, True, False, True, True, True, False, False, True, True, False, True, False, False, True, True, True, True, True, True, False, True, True, False, False, False, False, False, True, False, False, False, False, False]"
6,0.6157903546078857,"[True, True, True, True, False, False, True, True, True, True, True, False, False, False, True, False, False, True, False, False, True, False, True, True, True, True, False, False, False, True, False, False, True, False, True, True, False, False, False, False]"
6,0.6173698718423176,"[True, True, True, True, False, False, True, True, True, True, True, True, False, False, True, False, False, True, False, False, True, False, True, False, True, True, False, False, False, True, False, False, True, False, True, True, False, False, False, False]"
6,0.8358419496559533,"[True, True, True, True, True, False, True, True, False, True, True, True, False, False, True, True, False, True, False, False, True, True, True, True, False, True, False, True, True, False, False, False, False, True, True, False, False, False, False, False]"
6,0.8515546630925654,"[True, True, True, True, True, False, True, True, True, True, True, False, True, False, True, True, False, True, False, False, True, True, True, False, True, True, False, False, True, False, True, False, False, False, True, True, False, False, False, False]"
6,0.834803473125263,"[True, True, True, True, True, False, True, True, False, True, True, False, True, False, True, True, False, True, False, False, True, True, True, False, True, True, False, False, True, False, True, False, False, False, True, False, False, False, False, False]"
6,0.7264058817795036,"[True, True, True, True, False, True, True, True, True, True, True, True, False, False, True, False, False, True, False, False, True, False, True, False, True, True, False, False, False, True, False, False, True, False, True, False, False, False, False, False]"
6,0.8358584337854226,"[True, True, True, True, True, False, True, True, False, True, True, True, False, False, True, True, False, True, True, False, True, True, True, True, True, True, False, True, True, False, False, False, False, False, True, False, False, False, False, False]"
6,0.8285965021740384,"[True, True, True, True, True, False, True, True, False, False, True, True, True, False, True, True, False, True, False, False, True, False, True, False, True, False, False, False, True, False, True, False, True, False, True, True, False, False, False, False]"
6,0.6173702580057223,"[True, True, True, True, False, False, True, True, True, True, True, True, False, False, True, False, False, True, False, False, True, False, True, True, True, True, False, False, False, True, False, False, True, False, True, True, False, False, False, False]"
6,0.041855760422119415,"[True, False, True, True, True, False, True, False, False, True, True, False, False, False, True, True, False, False, False, False, True, True, True, False, True, True, False, False, True, True, False, False, False, False, True, False, False, False, False, False]"
6,0.8348040440934518,"[True, True, True, True, True, False, True, True, False, True, True, False, True, False, True, True, False, True, False, False, True, True, True, True, True, True, True, False, True, False, True, False, True, False, True, False, False, False, False, False]"
6,0.8348040440934518,"[True, True, True, True, True, False, True, True, False, True, True, False, True, False, True, True, False, True, False, False, True, True, True, True, True, True, True, False, True, False, True, False, True, False, True, False, False, False, False, False]"
6,0.1510432864250901,"[True, True, False, True, False, False, True, True, True, True, True, False, True, False, False, False, True, True, False, False, True, False, True, False, True, True, False, False, True, True, False, False, False, False, True, False, False, False, False, False]"
step,fitness,genome
7,0.6049309390159471,"[True, True, True, True, False, False, True, True, False, True, True, True, False, False, True, True, False, True, False, False, True, True, True, True, False, True, False, True, True, False, False, False, False, True, True, False, False, False, False, False]"
7,0.8358418228522811,"[True, True, True, True, True, False, True, True, False, True, True, True, False, False, True, True, False, True, False, False, True, True, True, True, False, False, False, True, True, False, False, False, False, True, True, False, False, False, False, False]"
7,0.6173702580057223,"[True, True, True, True, False, False, True, True, True, True, True, True, False, False, True, False, False, True, False, False, True, False, True, True, True, True, False, False, False, True, False, False, True, False, True, True, False, False, False, False]"
7,0.851554695329327,"[True, True, True, True, True, False, True, True, True, True, True, False, True, False, True, True, False, True, False, False, True, True, True, False, True, True, False, True, True, False, True, False, False, False, True, True, False, False, False, False]"
7,0.7264076690551636,"[True, True, True, True, False, True, True, True, True, True, True, True, False, False, True, False, False, True, False, False, True, True, True, False, True, True, False, False, False, True, False, False, False, False, True, False, False, False, False, True]"
7,0.9954785376129753,"[True, True, True, True, True, True, True, True, True, True, True, False, False, False, True, False, False, True, False, False, True, True, True, False, True, True, False, False, False, True, False, False, False, False, True, False, False, False, False, False]"
7,0.8363536161034903,"[True, True, True, True, True, False, True, True, False, True, True, True, False, True, True, True, False, False, True, True, True, True, True, True, True, True, False, True, True, False, False, False, False, False, True, False, False, False, False, False]"
7,0.835841949779785,"[True, True, True, True, True, False, True, True, False, True, True, True, False, False, True, True, False, True, False, False, True, True, True, True, False, True, False, True, True, False, False, False, False, True, True, True, False, False, False, False]"
7,0.0006784157596788402,"[False, True, True, True, True, False, True, True, False, True, True, False, True, False, True, True, True, True, False, False, True, True, True, True, True, True, True, False, True, False, True, False, True, False, True, False, False, False, False, False]"
7,0.8363860967929704,"[True, True, True, True, True, False, True, True, False, True, True, True, False, True, True, True, False, True, True, True, True, True, True, True, True, True, False, True, True, False, False, False, False, True, True, False, False, False, False, False]"
7,0.5894824625014335,"[True, True, True, True, False, False, True, False, True, True, False, True, False, False, True, False, False, True, False, False, True, False, True, False, True, True, False, False, False, True, False, False, True, True, True, True, False, False, False, False]"
7,0.8516212675923877,"[True, True, True, True, True, False, True, True, True, True, True, False, True, False, True, True, True, True, False, False, True, True, True, True, True, True, True, False, True, False, True, False, True, False, True, True, False, False, False, False]"
7,0.8515546630925654,"[True, True, True, True, True, False, True, True, True, True, True, False, True, False, True, True, False, True, False, False, True, True, True, False, True, True, False, False, True, False, True, False, False, False, True, True, False, False, False, False]"
7,0.8358584337854226,"[True, True, True, True, True, False, True, True, False, True, True, True, False, False, True, True, False, True, True, False, True, True, True, True, True, True, False, True, True, False, False, False, False, False, True, False, False, False, False, False]"
7,0.8348040757898656,"[True, True, True, True, True, False, True, True, False, True, True, False, True, False, True, True, False, True, False, False, True, True, True, True, True, True, True, True, True, False, True, False, True, False, True, False, False, True, False, False]"
7,0.8515546630925654,"[True, True, True, True, True, False, True, True, True, True, True, False, True, False, True, True, False, True, False, False, True, True, True, False, True, True, False, False, True, False, True, False, False, False, True, True, False, False, False, False]"
7,0.8348040440934518,"[True, True, True, True, True, False, True, True, False, True, True, False, True, False, True, True, False, True, False, False, True, True, True, True, True, True, True, False, True, False, True, False, True, False, True, False, False, False, False, False]"
7,0.8348040440934518,"[True, True, True, True, True, False, True, True, False, True, True, False, True, False, True, True, False, True, False, False, True, True, True, True, True, True, True, False, True, False, True, False, True, False, True, False, False, False, False, False]"
7,0.8348034741148089,"[True, True, True, True, True, False, True, True, False, True, True, False, True, False, True, True, False, True, False, False, True, True, True, False, True, True, False, False, True, False, True, False, True, False, True, False, False, False, False, False]"
7,0.8513570079220806,"[True, True, True, True, True, False, True, True, True, True, True, False, True, False, False, True, True, True, False, False, True, True, True, True, True, False, False, False, True, False, True, False, False, False, True, True, False, False, False, False]"
7,0.8369222201196604,"[True, True, True, True, True, False, True, True, False, True, True, True, True, False, True, True, True, False, False, True, True, True, True, True, True, True, True, False, True, False, True, False, True, False, True, False, False, False, False, False]"
7,0.8515546630925654,"[True, True, True, True, True, False, True, True, True, True, True, False, True, False, True, True, False, True, False, False, True, True, True, False, True, True, False, False, True, False, True, False, False, False, True, True, False, False, False, False]"
7,0.0006680890316711215,"[False, True, True, True, True, False, True, True, False, False, True, True, True, False, True, True, False, True, True, False, False, False, True, False, True, False, False, False, True, False, True, False, False, False, True, True, False, False, False, False]"
7,0.6157656975634367,"[True, True, True, True, False, False, True, True, True, True, True, False, False, False, True, False, False, False, False, False, True, False, True, True, True, True, False, False, False, True, False, False, True, False, True, True, True, False, False, False]"
7,0.8358584337854226,"[True, True, True, True, True, False, True, True, False, True, True, True, False, False, True, True, False, True, True, False, True, True, True, True, True, True, False, True, True, False, False, False, False, False, True, False, False, False, False, False]"
step,fitness,genome
8,0.0005783304420456028,"[False, True, True, True, True, False, False, True, False, True, True, True, False, True, True, True, False, True, True, True, True, True, True, True, True, True, False, True, True, False, False, False, False, False, True, False, False, False, False, False]"
8,0.8515546631555279,"[True, True, True, True, True, False, True, True, True, True, True, False, True, False, True, True, False, True, False, False, True, True, True, False, True, True, False, False, True, False, True, False, False, False, True, True, True, False, False, False]"
8,0.8513570076702835,"[True, True, True, True, True, False, True, True, True, True, True, False, True, False, False, True, True, True, False, False, True, True, True, True, True, False, False, False, True, False, True, False, False, False, False, True, False, False, False, False]"
8,0.8515546631240467,"[True, True, True, True, True, False, True, True, True, True, True, False, True, False, True, True, False, True, False, False, True, True, True, False, True, True, False, False, True, False, True, False, False, False, True, True, False, True, False, False]"
8,0.8348683580671116,"[True, True, True, True, True, False, True, True, False, True, True, False, True, False, True, True, True, True, False, False, True, True, True, False, True, True, False, True, True, False, True, False, False, False, True, True, False, False, False, False]"
8,0.8358584335996717,"[True, True, True, True, True, False, True, True, False, True, True, True, False, False, True, True, False, True, True, False, True, True, True, True, True, True, False, True, True, False, False, False, False, False, False, False, True, False, False, False]"
8,0.8348040757898656,"[True, True, True, True, True, False, True, True, False, True, True, False, True, False, True, True, False, True, False, False, True, True, True, True, True, True, True, True, True, False, True, False, True, False, True, False, False, True, False, False]"
8,0.4337048375587711,"[True, True, True, False, True, False, True, True, False, True, True, True, True, False, True, True, True, False, False, True, True, True, True, True, True, True, True, False, True, False, True, False, True, False, True, False, False, False, False, False]"
8,0.8515546958330265,"[True, True, True, True, True, False, True, True, True, True, True, False, True, False, True, True, False, True, False, False, True, True, True, False, True, True, False, True, True, False, True, False, False, True, True, True, False, False, False, False]"
8,0.8515546630925654,"[True, True, True, True, True, False, True, True, True, True, True, False, True, False, True, True, False, True, False, False, True, True, True, False, True, True, False, False, True, False, True, False, False, False, True, True, False, False, False, False]"
8,0.6042035743401059,"[True, True, True, True, False, False, True, True, False, True, True, False, True, False, True, True, True, True, False, False, True, True, True, True, True, True, True, False, True, False, True, False, True, False, True, False, False, False, False, False]"
8,0.8515546630925654,"[True, True, True, True, True, False, True, True, True, True, True, False, True, False, True, True, False, True, False, False, True, True, True, False, True, True, False, False, True, False, True, False, False, False, True, True, False, False, False, False]"
8,0.9975326776518246,"[True, True, True, True, True, True, True, True, True, True, True, False, True, True, True, True, True, True, False, False, True, True, True, True, True, True, True, False, True, False, True, False, True, False, True, True, False, False, False, False]"
8,0.8515546630925654,"[True, True, True, True, True, False, True, True, True, True, True, False, True, False, True, True, False, True, False, False, True, True, True, False, True, True, False, False, True, False, True, False, False, False, True, True, False, False, False, False]"
8,0.8515545382380871,"[True, True, True, True, True, False, True, True, True, True, True, False, True, False, True, True, False, True, False, False, True, True, True, False, True, False, False, False, True, True, False, False, False, False, True, True, True, False, False, False]"
8,0.8358584337854226,"[True, True, True, True, True, False, True, True, False, True, True, True, False, False, True, True, False, True, True, False, True, True, True, True, True, True, False, True, True, False, False, False, False, False, True, False, False, False, False, False]"
8,0.9954785376129753,"[True, True, True, True, True, True, True, True, True, True, True, False, False, False, True, False, False, True, False, False, True, True, True, False, True, True, False, False, False, True, False, False, False, False, True, False, False, False, False, False]"
8,0.9954785376129753,"[True, True, True, True, True, True, True, True, True, True, True, False, False, False, True, False, False, True, False, False, True, True, True, False, True, True, False, False, False, True, False, False, False, False, True, False, False, False, False, False]"
8,0.8347796611208713,"[True, True, True, True, True, False, True, True, False, True, True, False, True, False, True, True, False, False, False, True, True, True, True, True, True, True, False, False, True, False, True, False, False, False, True, True, False, False, False, False]"
8,0.8369542123643369,"[True, True, True, True, True, False, True, True, False, True, True, True, True, False, True, True, True, True, False, True, True, True, True, False, True, True, True, False, True, False, True, False, True, False, True, False, False, False, False, False]"
8,0.9203701897953129,"[True, True, True, True, True, True, False, True, True, True, True, False, False, False, True, False, False, True, True, False, True, True, True, True, True, True, False, True, False, True, False, False, False, False, True, False, False, False, False, False]"
8,0.8358548515247661,"[True, True, True, True, True, False, True, True, False, True, True, True, False, False, True, True, False, True, True, False, True, False, False, False, True, True, False, False, True, False, False, False, False, False, True, False, False, False, False, False]"
8,0.8512576799590243,"[True, True, True, True, True, False, True, True, True, True, True, False, True, False, False, True, False, False, False, False, True, True, True, False, True, True, True, False, True, False, True, False, False, False, False, True, False, False, True, False]"
8,0.8512576157417767,"[True, True, True, True, True, False, True, True, True, True, True, False, True, False, False, True, False, False, False, False, True, True, True, False, True, True, False, False, True, False, True, False, False, False, True, True, False, False, False, False]"
8,0.7863140988911356,"[True, True, True, True, True, False, False, True, True, True, True, False, True, False, True, True, False, True, False, False, True, True, True, False, True, True, False, False, True, False, True, False, False, False, True, True, False, False, False, False]"
step,fitness,genome
9,0.8515546631555279,"[True, True, True, True, True, False, True, True, True, True, True, False, True, False, True, True, False, True, False, False, True, True, True, False, True, True, False, False, True, False, True, False, False, False, True, True, True, False, False, False]"
9,0.8520829776563749,"[True, True, True, True, True, False, True, True, True, True, True, False, True, True, True, True, False, True, False, False, True, True, True, False, True, True, False, False, True, False, True, False, False, False, True, True, False, True, False, False]"
9,0.8515546958330265,"[True, True, True, True, True, False, True, True, True, True, True, False, True, False, True, True, False, True, False, False, True, True, True, False, True, True, False, True, True, False, True, False, False, True, True, True, False, False, False, False]"
9,0.8515216491956592,"[True, True, True, True, True, False, True, True, True, True, True, False, True, False, True, True, False, False, False, False, True, True, True, False, True, True, False, False, True, False, False, False, False, False, True, True, False, False, False, False]"
9,0.8514226316184453,"[True, True, True, True, True, False, True, True, True, True, True, False, True, False, True, False, False, True, False, False, True, True, True, False, True, True, False, False, True, False, True, False, True, False, True, True, True, False, True, False]"
9,0.9205107006723013,"[True, True, True, True, True, True, False, True, True, True, True, False, False, False, True, True, False, True, True, False, True, True, False, True, True, True, False, True, False, True, False, False, False, False, True, False, False, False, False, False]"
9,0.9951746463036789,"[True, True, True, True, True, True, True, True, True, True, True, False, False, False, False, False, False, True, False, False, True, True, True, False, True, True, False, False, False, True, False, False, False, True, True, False, False, False, False, False]"
9,0.261716558946101,"[True, True, False, True, True, True, True, True, True, True, True, False, False, False, True, False, False, True, False, False, True, True, True, False, True, True, False, False, False, True, False, False, False, False, True, False, False, False, False, False]"
9,0.9975326776518246,"[True, True, True, True, True, True, True, True, True, True, True, False, True, True, True, True, True, True, False, False, True, True, True, True, True, True, True, False, True, False, True, False, True, False, True, True, False, False, False, False]"
9,0.8513570076781521,"[True, True, True, True, True, False, True, True, True, True, True, False, True, False, False, True, True, True, False, False, True, True, True, True, True, False, False, False, True, False, True, False, False, False, False, True, False, False, False, True]"
9,0.9203701897953129,"[True, True, True, True, True, True, False, True, True, True, True, False, False, False, True, False, False, True, True, False, True, True, True, True, True, True, False, True, False, True, False, False, False, False, True, False, False, False, False, False]"
9,0.9975326776518246,"[True, True, True, True, True, True, True, True, True, True, True, False, True, True, True, True, True, True, False, False, True, True, True, True, True, True, True, False, True, False, True, False, True, False, True, True, False, False, False, False]"
9,0.8514226144793176,"[True, True, True, True, True, False, True, True, True, True, True, False, True, False, True, False, False, True, False, False, True, True, True, False, True, True, False, False, False, False, True, False, False, False, True, True, True, False, False, False]"
9,0.8515545382695684,"[True, True, True, True, True, False, True, True, True, True, True, False, True, False, True, True, False, True, False, False, True, True, True, False, True, False, False, False, True, True, False, False, False, False, True, True, True, True, False, False]"
9,0.21889262579831364,"[True, True, False, True, True, False, True, True, True, True, True, False, True, False, True, True, False, True, False, False, True, True, True, False, False, True, True, False, True, False, True, False, False, False, True, True, False, True, False, False]"
9,0.8515545382380871,"[True, True, True, True, True, False, True, True, True, True, True, False, True, False, True, True, False, True, False, False, True, True, True, False, True, False, False, False, True, True, False, False, False, False, True, True, True, False, False, False]"
9,0.8520829776563749,"[True, True, True, True, True, False, True, True, True, True, True, False, True, True, True, True, False, True, False, False, True, True, True, False, True, True, False, False, True, False, True, False, False, False, True, True, False, True, False, False]"
9,0.43370457354295755,"[True, True, True, False, True, False, True, True, False, True, True, True, True, False, True, True, True, False, False, True, True, True, True, False, True, True, True, True, True, False, True, False, False, False, True, False, False, False, False, False]"
9,0.997531339526536,"[True, True, True, True, True, True, True, True, True, True, True, False, True, True, True, True, True, True, False, False, True, True, False, True, True, False, True, False, True, False, True, False, True, False, True, True, False, False, False, False]"
9,0.8515546631240467,"[True, True, True, True, True, False, True, True, True, True, True, False, True, False, True, True, False, True, False, False, True, True, True, False, True, True, False, False, True, False, True, False, False, False, True, True, False, True, False, False]"
9,0.8317089746325087,"[True, True, True, True, True, False, True, True, False, True, False, True, False, False, True, True, False, True, True, False, True, False, False, False, True, True, False, False, True, False, False, False, True, False, True, False, False, False, False, False]"
9,0.8515545382380871,"[True, True, True, True, True, False, True, True, True, True, True, False, True, False, True, True, False, True, False, False, True, True, True, False, True, False, False, False, True, True, False, False, False, False, True, True, True, False, False, False]"
9,0.8518187835587233,"[True, True, True, True, True, False, True, True, True, True, True, False, True, True, False, True, False, True, False, False, True, True, True, False, True, True, False, False, True, False, True, False, False, False, True, True, True, False, False, False]"
9,0.9203347885246815,"[True, True, True, True, True, True, False, True, True, True, True, False, False, False, True, False, False, False, True, False, True, True, True, True, True, True, False, True, False, True, False, False, False, False, True, False, False, False, False, False]"
9,0.9954785387723902,"[True, True, True, True, True, True, True, True, True, True, True, False, False, False, True, False, False, True, False, False, True, True, True, False, True, True, False, False, False, True, False, False, True, False, True, False, False, False, False, False]"
step,fitness,genome
10,0.9973743440407575,"[True, True, True, True, True, True, True, True, True, True, True, False, True, True, True, False, True, True, False, False, False, True, False, True, True, False, True, False, True, False, True, False, True, False, True, True, False, False, False, False]"
10,0.9205107006723013,"[True, True, True, True, True, True, False, True, True, True, True, False, False, False, True, True, False, True, True, False, True, True, False, True, True, True, False, True, False, True, False, False, False, False, True, False, False, False, False, False]"
10,0.8521484580609928,"[True, True, True, True, True, False, True, True, True, True, True, False, True, True, True, True, True, True, False, False, True, True, False, True, True, False, True, False, True, False, True, False, True, False, True, True, False, False, False, False]"
10,0.9968471367171305,"[True, True, True, True, True, True, True, True, True, True, True, False, True, False, True, True, False, True, False, False, True, True, True, False, True, True, False, True, True, False, True, False, False, True, True, True, False, False, False, False]"
10,0.9975326776518246,"[True, True, True, True, True, True, True, True, True, True, True, False, True, True, True, True, True, True, False, False, True, True, True, True, True, True, True, False, True, False, True, False, True, False, True, True, False, False, False, False]"
10,0.8515546631240467,"[True, True, True, True, True, False, True, True, True, True, True, False, True, False, True, True, False, True, False, False, True, True, True, False, True, True, False, False, True, False, True, False, False, False, True, True, False, True, False, False]"
10,0.9951698988003521,"[True, True, True, True, True, True, True, True, True, True, True, False, False, False, False, False, False, True, False, False, False, True, True, False, True, True, False, False, False, True, False, False, False, True, True, True, False, False, False, False]"
10,0.8513570076702835,"[True, True, True, True, True, False, True, True, True, True, True, False, True, False, False, True, True, True, False, False, True, True, True, True, True, False, False, False, True, False, True, False, False, False, False, True, False, False, False, False]"
10,0.8520994922377959,"[True, True, True, True, True, False, True, True, True, True, True, False, True, True, True, True, False, True, True, False, True, True, True, False, True, True, False, False, True, False, True, False, False, False, True, True, False, True, False, False]"
10,0.9969225114869444,"[True, True, True, True, True, True, True, True, True, True, True, False, True, False, True, True, True, True, False, False, True, True, False, True, True, False, True, False, True, False, True, False, True, False, True, True, False, False, False, False]"
10,0.9969225068432311,"[True, True, True, True, True, True, True, True, True, True, True, False, True, False, True, True, True, True, False, False, True, True, False, True, True, False, True, False, True, False, False, False, True, False, True, True, False, False, False, False]"
10,0.9572521161661642,"[True, True, True, True, True, True, True, False, True, True, True, False, False, False, True, False, False, True, False, False, True, True, True, False, True, True, False, False, False, True, True, False, True, False, True, False, False, False, False, False]"
10,0.9954785387723902,"[True, True, True, True, True, True, True, True, True, True, True, False, False, False, True, False, False, True, False, False, True, True, True, False, True, True, False, False, False, True, False, False, True, False, True, False, False, False, False, False]"
10,0.0009717488628502648,"[False, True, True, True, True, True, True, True, True, True, True, False, True, True, True, True, True, True, False, False, True, True, True, True, True, True, True, False, True, False, True, False, True, False, True, True, False, False, False, False]"
10,0.8847288776357094,"[True, True, True, True, True, True, False, False, True, True, True, False, False, False, True, False, False, False, True, True, True, True, True, True, True, True, False, True, False, True, False, False, False, False, True, False, False, False, False, False]"
10,0.9205107006723013,"[True, True, True, True, True, True, False, True, True, True, True, False, False, False, True, True, False, True, True, False, True, True, False, True, True, True, False, True, False, True, False, False, False, False, True, False, False, False, False, False]"
10,0.009059066682833005,"[True, False, False, True, True, True, True, True, True, True, True, False, True, True, True, True, True, True, False, False, True, True, True, True, True, True, True, False, True, False, True, False, True, False, True, True, False, False, False, False]"
10,0.9951746463036789,"[True, True, True, True, True, True, True, True, True, True, True, False, False, False, False, False, False, True, False, False, True, True, True, False, True, True, False, False, False, True, False, False, False, True, True, False, False, False, False, False]"
10,0.785346326013201,"[True, True, True, True, True, False, False, True, True, True, True, False, False, False, True, True, False, True, True, False, True, True, False, True, True, True, False, True, False, True, False, False, False, False, True, False, False, False, False, False]"
10,0.9979222010319472,"[True, True, True, True, True, True, True, True, True, True, True, True, False, False, True, False, False, True, False, True, True, True, True, False, True, True, False, False, False, True, False, False, True, False, True, False, False, False, False, False]"
10,0.8514226305954488,"[True, True, True, True, True, False, True, True, True, True, True, False, True, False, True, False, False, True, False, False, True, True, True, False, True, True, False, False, True, False, True, False, False, False, True, True, True, False, False, False]"
10,0.997532686944367,"[True, True, True, True, True, True, True, True, True, True, True, False, True, True, True, True, True, True, False, False, True, True, True, True, True, True, True, False, True, True, True, False, True, False, True, True, False, False, False, False]"
10,0.920369083487055,"[True, True, True, True, True, True, False, True, True, True, True, False, False, False, True, False, False, True, True, False, True, True, False, True, True, True, False, True, False, True, False, False, False, False, True, False, False, False, False, False]"
10,0.9203701897953129,"[True, True, True, True, True, True, False, True, True, True, True, False, False, False, True, False, False, True, True, False, True, True, True, True, True, True, False, True, False, True, False, False, False, False, True, False, False, False, False, False]"
10,0.9975326799749602,"[True, True, True, True, True, True, True, True, True, True, True, False, True, True, True, True, True, True, False, False, True, True, True, True, True, True, True, False, True, False, True, True, True, False, True, True, False, False, False, False]"
step,fitness,genome
11,0.9979221995794771,"[True, True, True, True, True, True, True, True, True, True, True, True, False, False, True, False, False, True, False, True, True, True, True, False, True, True, False, False, False, True, False, False, False, False, False, False, False, False, False, False]"
11,0.9205107006723013,"[True, True, True, True, True, True, False, True, True, True, True, False, False, False, True, True, False, True, True, False, True, True, False, True, True, True, False, True, False, True, False, False, False, False, True, False, False, False, False, False]"
11,0.9975326799749602,"[True, True, True, True, True, True, True, True, True, True, True, False, True, True, True, True, True, True, False, False, True, True, True, True, True, True, True, False, True, False, True, True, True, False, True, True, False, False, False, False]"
11,0.9966182182538326,"[True, True, True, True, True, True, True, True, True, True, True, False, True, False, False, True, True, True, False, False, True, True, False, True, True, False, True, False, True, False, False, False, True, False, True, True, False, False, False, False]"
11,0.980455446472944,"[True, True, True, True, True, True, True, True, False, True, True, True, True, True, True, False, True, True, False, False, False, True, False, True, True, False, True, False, True, False, True, False, True, False, True, True, False, False, False, False]"
11,0.997380144096812,"[True, True, True, True, True, True, True, True, True, True, True, False, True, True, True, False, True, True, False, False, True, True, True, True, False, True, True, False, True, False, True, True, True, False, True, True, False, False, False, False]"
11,0.9975326822980958,"[True, True, True, True, True, True, True, True, True, True, True, False, True, True, True, True, True, True, False, False, True, True, True, True, True, True, True, False, True, True, False, False, True, False, True, True, False, False, False, False]"
11,0.9975326867991711,"[True, True, True, True, True, True, True, True, True, True, True, False, True, True, True, True, True, True, False, False, True, True, True, True, True, True, True, False, True, True, True, False, True, False, True, False, False, False, False, False]"
11,0.9975326776518246,"[True, True, True, True, True, True, True, True, True, True, True, False, True, True, True, True, True, True, False, False, True, True, True, True, True, True, True, False, True, False, True, False, True, False, True, True, False, False, False, False]"
11,0.8516201029581356,"[True, True, True, True, True, False, True, True, True, True, True, False, True, False, True, True, True, True, False, False, True, True, False, True, True, False, True, False, True, False, False, False, True, False, True, True, False, False, False, False]"
11,0.9227792444787992,"[True, True, True, True, True, True, False, True, True, True, True, True, False, False, True, True, False, True, True, False, True, True, False, True, True, True, False, True, False, True, False, False, False, False, True, False, True, False, False, False]"
11,0.9975323826136447,"[True, True, True, True, True, True, True, True, True, True, True, False, True, True, True, True, True, True, False, False, True, True, True, True, False, True, True, False, True, False, True, True, True, False, True, True, False, False, False, False]"
11,0.056128325369912364,"[True, False, True, True, True, True, True, True, True, True, True, False, True, True, True, True, True, True, False, False, True, True, True, True, True, True, True, False, True, False, True, True, True, False, True, True, False, False, False, False]"
11,0.9572521161661642,"[True, True, True, True, True, True, True, False, True, True, True, False, False, False, True, False, False, True, False, False, True, True, True, False, True, True, False, False, False, True, True, False, True, False, True, False, False, False, False, False]"
11,0.956958749644217,"[True, True, True, True, True, True, True, False, True, True, True, False, False, False, False, False, False, True, False, False, True, True, True, False, True, True, False, False, False, True, True, True, True, False, True, False, False, False, False, False]"
11,0.7256070164879714,"[True, True, True, True, False, True, True, True, True, True, True, False, True, False, True, True, False, True, False, False, True, True, True, False, True, True, False, True, True, False, True, False, False, False, True, True, False, False, False, False]"
11,0.9951698988003521,"[True, True, True, True, True, True, True, True, True, True, True, False, False, False, False, False, False, True, False, False, False, True, True, False, True, True, False, False, False, True, False, False, False, True, True, True, False, False, False, False]"
11,0.9969225143892652,"[True, True, True, True, True, True, True, True, True, True, True, False, True, False, True, True, True, True, False, False, True, True, False, True, True, False, True, False, True, False, True, True, True, True, True, True, False, False, False, False]"
11,0.9954773561698864,"[True, True, True, True, True, True, True, True, True, True, True, False, False, False, True, False, False, True, False, False, True, True, False, False, True, True, False, False, False, True, True, False, True, False, True, False, False, False, False, False]"
11,0.9761969559201905,"[True, True, True, True, True, True, True, True, False, True, True, False, False, False, True, False, False, True, False, False, True, True, True, False, True, True, False, False, True, True, False, False, True, False, True, True, False, False, False, False]"
11,0.9951698988003521,"[True, True, True, True, True, True, True, True, True, True, True, False, False, False, False, False, False, True, False, False, False, True, True, False, True, True, False, False, False, True, False, False, False, True, True, True, False, False, False, False]"
11,0.9776157158254538,"[True, True, True, True, True, True, True, True, False, True, True, False, True, False, True, True, True, True, False, False, True, True, False, True, True, False, True, False, True, False, True, False, True, False, True, True, False, False, False, True]"
11,0.9205107006807429,"[True, True, True, True, True, True, False, True, True, True, True, False, False, False, True, True, False, True, True, False, True, True, False, True, True, True, False, True, False, True, False, False, False, False, True, False, False, False, False, True]"
11,0.9973743812056176,"[True, True, True, True, True, True, True, True, True, True, True, False, True, True, True, False, True, True, False, False, False, True, False, True, True, False, True, True, True, False, True, False, True, False, True, True, False, False, False, False]"
11,0.9979222016855587,"[True, True, True, True, True, True, True, True, True, True, True, True, False, False, True, False, False, True, False, True, True, True, True, False, True, True, False, False, False, True, False, False, True, True, True, False, True, False, False, False]"
step,fitness,genome
12,0.9966176083718967,"[True, True, True, True, True, True, True, True, True, True, True, False, True, False, False, True, True, True, False, False, True, True, False, False, True, False, True, False, False, False, False, True, True, True, True, True, False, False, True, False]"
12,0.9969225143892652,"[True, True, True, True, True, True, True, True, True, True, True, False, True, False, True, True, True, True, False, False, True, True, False, True, True, False, True, False, True, False, True, True, True, True, True, True, False, False, False, False]"
12,0.2506760556717516,"[True, True, False, True, True, True, True, False, True, True, True, False, True, False, True, True, True, True, False, False, True, True, True, True, True, False, True, False, True, False, True, True, True, False, True, True, False, False, False, False]"
12,0.9975517101035022,"[True, True, True, True, True, True, True, True, True, True, True, False, True, True, True, True, True, True, True, False, True, True, True, True, True, True, True, False, True, False, True, True, False, False, True, True, False, False, False, False]"
12,0.9979222016855587,"[True, True, True, True, True, True, True, True, True, True, True, True, False, False, True, False, False, True, False, True, True, True, True, False, True, True, False, False, False, True, False, False, True, True, True, False, True, False, False, False]"
12,0.9979221995794771,"[True, True, True, True, True, True, True, True, True, True, True, True, False, False, True, False, False, True, False, True, True, True, True, False, True, True, False, False, False, True, False, False, False, False, False, False, False, False, False, False]"
12,0.9969225143892652,"[True, True, True, True, True, True, True, True, True, True, True, False, True, False, True, True, True, True, False, False, True, True, False, True, True, False, True, False, True, False, True, True, True, True, True, True, False, False, False, False]"
12,0.9966183668118455,"[True, True, True, True, True, True, True, True, True, True, True, False, True, False, False, True, True, True, False, False, True, True, False, True, True, True, True, False, True, False, False, False, True, False, True, True, False, False, False, False]"
12,0.997532681136528,"[True, True, True, True, True, True, True, True, True, True, True, False, True, True, True, True, True, True, False, False, True, True, True, True, True, True, True, False, True, True, False, False, False, False, True, True, False, False, False, False]"
12,0.9975326867991711,"[True, True, True, True, True, True, True, True, True, True, True, False, True, True, True, True, True, True, False, False, True, True, True, True, True, True, True, False, True, True, True, False, True, False, True, False, False, False, False, False]"
12,0.9975326867991711,"[True, True, True, True, True, True, True, True, True, True, True, False, True, True, True, True, True, True, False, False, True, True, True, True, True, True, True, False, True, True, True, False, True, False, True, False, False, False, False, False]"
12,0.9969225121036875,"[True, True, True, True, True, True, True, True, True, True, True, False, True, False, True, True, True, True, False, False, True, True, False, True, True, False, True, False, True, False, True, False, True, True, True, True, False, True, False, False]"
12,0.9804554465801617,"[True, True, True, True, True, True, True, True, False, True, True, True, True, True, True, False, True, True, False, False, False, True, False, True, True, False, True, False, True, False, True, False, True, False, True, True, True, True, False, False]"
12,0.9991412915094071,"[True, True, True, True, True, True, True, True, True, True, True, True, True, False, True, False, False, True, False, True, True, True, True, False, True, True, False, False, False, True, False, False, True, True, True, False, True, False, True, False]"
12,0.9951793964353669,"[True, True, True, True, True, True, True, True, True, True, True, False, False, False, False, False, False, True, False, True, False, True, True, False, True, True, False, False, False, True, False, True, False, True, True, True, False, False, False, False]"
12,0.9975326822980958,"[True, True, True, True, True, True, True, True, True, True, True, False, True, True, True, True, True, True, False, False, True, True, True, True, True, True, True, False, True, True, False, False, True, False, True, True, False, False, False, False]"
12,0.9975326799749602,"[True, True, True, True, True, True, True, True, True, True, True, False, True, True, True, True, True, True, False, False, True, True, True, True, True, True, True, False, True, False, True, True, True, False, True, True, False, False, False, False]"
12,0.7260075306013646,"[True, True, True, True, False, True, True, True, True, True, True, False, True, True, True, False, True, True, False, False, True, True, True, True, False, True, True, True, False, False, True, True, True, False, True, True, False, False, False, False]"
12,0.9973804437401,"[True, True, True, True, True, True, True, True, True, True, True, False, True, True, True, False, True, True, False, False, True, True, True, True, True, True, True, False, True, True, False, False, True, False, True, True, False, False, False, False]"
12,0.9954880352902514,"[True, True, True, True, True, True, True, True, True, True, True, False, False, False, True, False, False, True, False, True, True, True, True, False, True, True, False, False, False, True, False, False, False, False, False, False, False, False, False, False]"
12,0.9975326613898756,"[True, True, True, True, True, True, True, True, True, True, True, False, True, True, True, True, True, True, False, False, True, True, True, True, True, True, True, False, False, False, True, True, True, False, True, True, False, False, False, False]"
12,0.9979218974657579,"[True, True, True, True, True, True, True, True, True, True, True, True, False, False, True, False, False, True, False, True, True, True, True, False, False, True, False, False, False, False, True, False, False, False, False, False, False, False, False, False]"
12,0.9572509706316006,"[True, True, True, True, True, True, True, False, True, True, True, False, False, False, True, False, False, True, False, False, True, True, False, False, True, True, False, False, False, True, True, False, True, True, True, False, False, True, False, False]"
12,0.9972219759796263,"[True, True, True, True, True, True, True, True, True, True, True, False, True, True, False, True, True, True, False, False, False, True, False, True, False, True, True, False, True, False, False, True, True, False, False, True, False, False, False, False]"
12,0.5230803175076609,"[True, True, True, False, True, True, True, True, True, True, True, False, True, True, True, True, True, True, False, False, True, True, True, True, True, True, True, True, True, False, True, False, True, False, True, True, False, False, False, False]"
step,fitness,genome
13,0.056116903491152385,"[True, False, True, True, True, True, True, True, True, True, True, False, True, True, True, False, True, True, False, False, True, True, True, True, True, True, True, False, True, True, False, False, True, False, True, True, False, False, False, False]"
13,0.9975326613898756,"[True, True, True, True, True, True, True, True, True, True, True, False, True, True, True, True, True, True, False, False, True, True, True, True, True, True, True, False, False, False, True, True, True, False, True, True, False, False, False, False]"
13,0.9991412915094071,"[True, True, True, True, True, True, True, True, True, True, True, True, True, False, True, False, False, True, False, True, True, True, True, False, True, True, False, False, False, True, False, False, True, True, True, False, True, False, True, False]"
13,0.9975323894378537,"[True, True, True, True, True, True, True, True, True, True, True, False, True, True, True, True, True, True, False, False, True, True, True, True, False, True, True, False, True, True, True, False, True, False, True, False, False, False, False, False]"
13,0.9975326822980958,"[True, True, True, True, True, True, True, True, True, True, True, False, True, True, True, True, True, True, False, False, True, True, True, True, True, True, True, False, True, True, False, False, True, False, True, True, False, False, False, False]"
13,0.9975326846212313,"[True, True, True, True, True, True, True, True, True, True, True, False, True, True, True, True, True, True, False, False, True, True, True, True, True, True, True, False, True, True, False, True, True, False, True, True, False, False, False, False]"
13,0.999141289964461,"[True, True, True, True, True, True, True, True, True, True, True, True, True, False, True, False, False, True, False, True, True, True, True, False, True, True, False, False, False, True, False, False, False, True, False, False, False, False, False, False]"
13,0.852487656667297,"[True, True, True, True, True, False, True, True, True, True, True, True, False, False, True, False, False, True, False, True, True, True, True, False, True, True, False, False, False, True, False, False, True, False, True, False, True, False, True, False]"
13,0.9975517101398017,"[True, True, True, True, True, True, True, True, True, True, True, False, True, True, True, True, True, True, True, False, True, True, True, True, True, True, True, False, True, False, True, True, False, False, True, True, False, True, False, False]"
13,0.9979222017037145,"[True, True, True, True, True, True, True, True, True, True, True, True, False, False, True, False, False, True, False, True, True, True, True, False, True, True, False, False, False, True, False, False, True, True, True, False, True, False, True, False]"
13,0.9999713440195626,"[True, True, True, True, True, True, True, True, True, True, True, True, True, True, True, True, True, True, False, False, True, True, True, True, True, True, True, False, True, True, False, False, False, False, True, True, False, False, False, False]"
13,0.9972219759796263,"[True, True, True, True, True, True, True, True, True, True, True, False, True, True, False, True, True, True, False, False, False, True, False, True, False, True, True, False, True, False, False, True, True, False, False, True, False, False, False, False]"
13,0.9975326823071705,"[True, True, True, True, True, True, True, True, True, True, True, False, True, True, True, True, True, True, False, False, True, True, True, True, True, True, True, False, True, True, False, False, True, False, True, True, False, False, False, True]"
13,0.9975326867991711,"[True, True, True, True, True, True, True, True, True, True, True, False, True, True, True, True, True, True, False, False, True, True, True, True, True, True, True, False, True, True, True, False, True, False, True, False, False, False, False, False]"
13,0.2623334728921134,"[True, True, False, True, True, True, True, True, True, True, True, False, True, True, True, True, True, True, False, False, True, True, False, True, True, False, True, False, True, False, True, True, True, True, True, True, False, False, False, False]"
13,0.05575250050253504,"[True, False, True, True, True, True, True, True, True, True, False, False, True, True, True, False, True, True, False, False, True, True, True, True, True, True, True, False, True, True, False, False, True, False, True, True, False, False, False, False]"
13,0.9979218974657579,"[True, True, True, True, True, True, True, True, True, True, True, True, False, False, True, False, False, True, False, True, True, True, True, False, False, True, False, False, False, False, True, False, False, False, False, False, False, False, False, False]"
13,0.9991401003384844,"[True, True, True, True, True, True, True, True, True, True, True, True, True, False, True, False, False, True, False, True, True, True, False, False, True, True, False, False, False, True, False, False, True, True, True, False, True, False, True, False]"
13,0.2623338769586443,"[True, True, False, True, True, True, True, True, True, True, True, False, True, True, True, True, True, True, False, False, True, True, True, True, True, True, True, False, True, True, True, False, True, False, True, False, False, False, False, False]"
13,0.9882175735756674,"[True, True, True, True, True, True, True, True, True, False, True, True, False, False, True, False, False, True, False, True, True, True, True, False, True, True, False, False, False, True, False, True, False, False, True, False, False, False, False, False]"
13,0.9999688165654671,"[True, True, True, True, True, True, True, True, True, True, True, True, True, True, True, True, True, True, False, False, True, False, True, True, True, False, True, False, True, True, True, False, True, False, True, False, False, False, False, False]"
13,0.9222305295568678,"[True, True, True, True, True, True, False, True, True, True, True, False, True, True, True, True, True, False, False, False, True, True, True, True, True, True, True, False, True, False, True, True, True, False, True, True, False, False, False, False]"
13,0.5232966762827449,"[True, True, True, False, True, True, True, True, True, True, True, True, False, False, True, False, False, True, False, True, True, False, True, False, False, True, False, False, False, False, True, True, False, False, False, False, False, False, False, False]"
13,0.9782339373028534,"[True, True, True, True, True, True, True, True, False, True, True, False, True, True, True, True, True, True, True, False, True, True, True, True, True, True, True, False, True, False, True, True, False, False, True, True, False, False, False, False]"
13,0.26233369820746705,"[True, True, False, True, True, True, True, True, True, True, True, False, True, True, True, True, True, True, False, False, True, True, True, False, True, True, True, False, True, True, True, False, True, False, True, False, False, False, False, False]"
step,fitness,genome
14,0.05631117336555835,"[True, False, True, True, True, True, True, True, True, True, True, True, True, True, True, True, True, True, False, False, True, False, True, True, True, False, True, False, True, True, True, False, True, True, True, False, False, False, False, False]"
14,0.2623338769695544,"[True, True, False, True, True, True, True, True, True, True, True, False, True, True, True, True, True, True, False, False, True, True, True, True, True, True, True, False, True, True, True, False, True, False, True, False, False, True, False, False]"
14,0.5244430302872474,"[True, True, True, False, True, True, True, True, True, True, True, True, True, True, True, True, True, True, False, False, True, False, True, True, True, False, True, False, True, True, True, False, True, False, True, False, False, False, False, False]"
14,0.9738940362475945,"[True, True, True, True, True, True, True, True, False, True, False, True, False, False, True, False, True, True, False, True, True, True, True, False, False, True, False, False, False, False, True, False, False, False, False, False, False, False, False, False]"
14,0.9991412915094071,"[True, True, True, True, True, True, True, True, True, True, True, True, True, False, True, False, False, True, False, True, True, True, True, False, True, True, False, False, False, True, False, False, True, True, True, False, True, False, True, False]"
14,0.7261290644240616,"[True, True, True, True, False, True, True, True, True, True, True, False, True, True, True, True, True, True, False, True, True, True, True, True, False, True, True, False, True, True, True, False, True, False, True, False, False, False, False, False]"
14,0.0009748859831142343,"[False, True, True, True, True, True, True, True, True, True, True, True, True, False, True, False, False, True, False, True, True, True, True, False, True, True, False, False, False, True, False, False, True, True, True, False, True, False, True, False]"
14,0.9999713440195626,"[True, True, True, True, True, True, True, True, True, True, True, True, True, True, True, True, True, True, False, False, True, True, True, True, True, True, True, False, True, True, False, False, False, False, True, True, False, False, False, False]"
14,0.9942729603083283,"[True, True, True, True, True, True, True, True, True, True, False, True, True, False, True, False, False, True, False, True, True, True, True, False, True, True, False, False, False, True, False, False, True, True, True, False, True, False, True, False]"
14,0.9988363934669323,"[True, True, True, True, True, True, True, True, True, True, True, True, True, False, False, False, False, True, False, True, True, True, True, False, True, True, False, False, False, True, False, False, True, True, True, False, True, False, True, False]"
14,0.9979218974657579,"[True, True, True, True, True, True, True, True, True, True, True, True, False, False, True, False, False, True, False, True, True, True, True, False, False, True, False, False, False, False, True, False, False, False, False, False, False, False, False, False]"
14,0.0009013333965424414,"[False, True, True, True, True, True, True, False, True, True, True, True, True, False, True, False, False, True, False, True, True, True, True, False, True, True, False, False, False, True, False, False, True, True, True, False, True, False, True, False]"
14,0.6173775950692212,"[True, True, True, True, False, False, True, True, True, True, True, True, False, False, True, False, False, True, False, True, True, True, True, False, True, True, False, False, False, True, False, False, True, False, True, False, False, False, True, False]"
14,0.9999688166382246,"[True, True, True, True, True, True, True, True, True, True, True, True, True, True, True, True, True, True, False, False, True, False, True, True, True, False, True, False, True, True, True, False, True, False, True, False, True, False, False, False]"
14,0.9999713440195626,"[True, True, True, True, True, True, True, True, True, True, True, True, True, True, True, True, True, True, False, False, True, True, True, True, True, True, True, False, True, True, False, False, False, False, True, True, False, False, False, False]"
14,0.9975326613898756,"[True, True, True, True, True, True, True, True, True, True, True, False, True, True, True, True, True, True, False, False, True, True, True, True, True, True, True, False, False, False, True, True, True, False, True, True, False, False, False, False]"
14,0.9875281942847578,"[True, True, True, True, True, True, True, True, True, False, True, False, True, True, False, True, True, True, False, False, True, True, False, True, False, True, True, False, True, False, False, True, True, False, True, True, False, False, False, False]"
14,0.2630655268454412,"[True, True, False, True, True, True, True, True, True, True, True, True, True, True, True, True, True, True, False, False, False, True, True, True, True, True, True, False, True, True, False, False, False, False, False, True, False, False, False, False]"
14,0.7275014727255718,"[True, True, True, True, False, True, True, True, True, True, True, True, True, False, True, True, True, True, False, True, True, False, True, True, True, True, True, False, False, True, True, False, True, False, True, False, False, False, False, False]"
14,0.9997416786318831,"[True, True, True, True, True, True, True, True, True, True, True, True, True, True, True, False, False, True, False, False, True, True, True, False, True, False, False, False, True, True, True, False, True, True, True, False, True, False, True, False]"
14,0.9991412915094071,"[True, True, True, True, True, True, True, True, True, True, True, True, True, False, True, False, False, True, False, True, True, True, True, False, True, True, False, False, False, True, False, False, True, True, True, False, True, False, True, False]"
14,0.9801616887102708,"[True, True, True, True, True, True, True, True, False, True, True, True, True, True, False, False, True, True, False, False, True, True, True, True, True, True, True, False, True, True, False, False, False, False, False, True, False, False, False, False]"
14,0.9219822978419996,"[True, True, True, True, True, True, False, True, True, True, True, False, True, True, False, True, True, True, False, False, True, True, True, True, True, True, True, False, True, True, False, False, True, False, True, True, False, False, False, False]"
14,0.999140100483891,"[True, True, True, True, True, True, True, True, True, True, True, True, True, False, True, False, False, True, False, True, True, True, False, False, True, True, False, False, False, True, False, False, True, True, True, True, True, False, True, False]"
14,0.9979222017037145,"[True, True, True, True, True, True, True, True, True, True, True, True, False, False, True, False, False, True, False, True, True, True, True, False, True, True, False, False, False, True, False, False, True, True, True, False, True, False, True, False]"
step,fitness,genome
15,0.999930671390979,"[True, True, True, True, True, True, True, True, True, True, True, True, True, True, True, True, True, False, False, False, True, False, True, True, True, False, True, False, True, True, True, False, True, False, True, False, True, False, False, False]"
15,0.9999713440195626,"[True, True, True, True, True, True, True, True, True, True, True, True, True, True, True, True, True, True, False, False, True, True, True, True, True, True, True, False, True, True, False, False, False, False, True, True, False, False, False, False]"
15,0.9738940362475945,"[True, True, True, True, True, True, True, True, False, True, False, True, False, False, True, False, True, True, False, True, True, True, True, False, False, True, False, False, False, False, True, False, False, False, False, False, False, False, False, False]"
15,0.9979195270378941,"[True, True, True, True, True, True, True, True, True, True, True, True, False, False, True, False, False, True, False, True, True, False, True, False, False, True, False, False, False, True, True, False, False, False, False, False, False, False, False, False]"
15,0.9999689598978185,"[True, True, True, True, True, True, True, True, True, True, True, True, True, True, True, True, True, True, False, False, True, False, True, True, True, True, True, False, True, True, False, False, False, False, True, True, False, False, False, False]"
15,0.9991413286608157,"[True, True, True, True, True, True, True, True, True, True, True, True, True, False, True, False, False, True, False, True, True, True, True, False, True, True, False, True, False, True, False, False, True, True, True, False, False, False, True, False]"
15,0.9801616887102708,"[True, True, True, True, True, True, True, True, False, True, True, True, True, True, False, False, True, True, False, False, True, True, True, True, True, True, True, False, True, True, False, False, False, False, False, True, False, False, False, False]"
15,0.9999689599341973,"[True, True, True, True, True, True, True, True, True, True, True, True, True, True, True, True, True, True, False, False, True, False, True, True, True, True, True, False, True, True, False, False, False, False, True, True, False, True, False, False]"
15,0.9998283057695222,"[True, True, True, True, True, True, True, True, True, True, True, True, True, True, True, False, True, True, False, True, True, True, True, True, True, True, True, False, True, True, False, False, False, False, True, True, False, False, False, False]"
15,0.9988362469372589,"[True, True, True, True, True, True, True, True, True, True, True, True, True, False, False, False, False, True, False, True, True, True, True, False, True, False, False, False, False, True, False, True, True, True, True, False, True, False, True, False]"
15,0.00012218391200847673,"[False, True, True, False, False, True, True, True, True, True, True, True, True, False, True, False, False, True, False, True, True, True, False, False, True, True, False, False, False, True, False, False, True, True, True, True, True, False, True, False]"
15,0.9991377180731766,"[True, True, True, True, True, True, True, True, True, True, True, True, True, False, True, False, False, True, False, True, True, False, False, False, True, True, False, False, False, True, False, False, True, True, True, True, False, False, True, False]"
15,0.9993611013422575,"[True, True, True, True, True, True, True, True, True, True, True, True, True, False, True, True, True, True, False, False, True, True, True, True, True, True, False, False, True, True, False, False, False, False, True, True, False, False, False, False]"
15,0.9991401004657152,"[True, True, True, True, True, True, True, True, True, True, True, True, True, False, True, False, False, True, False, True, True, True, False, False, True, True, False, False, False, True, False, False, True, True, True, True, True, False, False, False]"
15,0.9999713440195626,"[True, True, True, True, True, True, True, True, True, True, True, True, True, True, True, True, True, True, False, False, True, True, True, True, True, True, True, False, True, True, False, False, False, False, True, True, False, False, False, False]"
15,0.9758243689442926,"[True, True, True, True, True, True, True, True, False, True, False, True, True, True, True, True, True, True, False, False, True, True, True, True, True, True, True, False, False, True, False, False, False, False, True, True, False, False, False, False]"
15,0.9991389138218438,"[True, True, True, True, True, True, True, True, True, True, True, True, True, False, True, False, False, True, False, True, True, False, True, False, True, True, False, False, False, True, True, False, True, True, True, False, True, False, True, False]"
15,0.7261290644240616,"[True, True, True, True, False, True, True, True, True, True, True, False, True, True, True, True, True, True, False, True, True, True, True, True, False, True, True, False, True, True, True, False, True, False, True, False, False, False, False, False]"
15,0.9902487736738279,"[True, True, True, True, True, True, True, True, True, False, True, True, True, True, True, True, True, True, False, False, True, True, True, True, True, True, True, False, True, True, False, False, False, False, True, True, False, False, False, False]"
15,0.9999713253935916,"[True, True, True, True, True, True, True, True, True, True, True, True, True, True, True, True, True, True, False, False, True, True, True, True, True, True, True, False, False, True, False, False, False, False, True, True, False, False, False, False]"
15,0.8542659807102171,"[True, True, True, True, True, False, True, True, True, True, True, True, True, True, True, True, True, True, False, False, True, True, True, True, True, True, True, False, True, True, False, False, False, False, True, True, True, False, False, False]"
15,0.9991412909277804,"[True, True, True, True, True, True, True, True, True, True, True, True, True, False, True, False, False, True, False, True, True, True, True, False, True, True, False, False, False, True, False, False, True, False, True, False, True, False, True, False]"
15,0.9999688189664657,"[True, True, True, True, True, True, True, True, True, True, True, True, True, True, True, True, True, True, False, False, True, False, True, True, True, False, True, False, True, True, True, True, True, False, True, False, True, False, False, False]"
15,0.9226286810423301,"[True, True, True, True, True, True, False, True, True, True, True, True, False, False, True, False, False, True, False, True, True, True, True, False, False, True, False, False, False, False, True, False, False, False, False, False, False, False, False, False]"
15,0.7261286175425142,"[True, True, True, True, False, True, True, True, True, True, True, False, True, True, True, True, True, True, False, True, True, True, True, False, False, True, True, False, True, True, True, False, True, False, True, False, False, False, False, False]"
step,fitness,genome
16,0.9930568559645606,"[True, True, True, True, True, True, True, True, True, True, False, True, False, False, True, False, False, True, False, True, True, False, True, False, True, True, False, False, False, True, True, True, True, True, True, True, True, False, True, False]"
16,0.9993611013422575,"[True, True, True, True, True, True, True, True, True, True, True, True, True, False, True, True, True, True, False, False, True, True, True, True, True, True, False, False, True, True, False, False, False, False, True, True, False, False, False, False]"
16,0.9991389138218438,"[True, True, True, True, True, True, True, True, True, True, True, True, True, False, True, False, False, True, False, True, True, False, True, False, True, True, False, False, False, True, True, False, True, True, True, False, True, False, True, False]"
16,0.9999713253935916,"[True, True, True, True, True, True, True, True, True, True, True, True, True, True, True, True, True, True, False, False, True, True, True, True, True, True, True, False, False, True, False, False, False, False, True, True, False, False, False, False]"
16,0.9596112019548426,"[True, True, True, True, True, True, True, False, True, True, True, True, False, False, True, False, False, True, False, True, True, True, True, False, True, True, False, True, False, True, False, False, False, True, True, False, False, False, True, False]"
16,0.9999904544302659,"[True, True, True, True, True, True, True, True, True, True, True, True, True, True, True, True, True, True, True, False, True, True, True, True, True, True, True, True, True, True, False, False, False, False, True, True, False, False, False, False]"
16,0.5241024310985646,"[True, True, True, False, True, True, True, True, True, True, True, True, True, False, True, True, True, True, False, False, True, True, False, True, True, True, True, False, False, True, False, False, False, False, True, True, False, False, False, False]"
16,0.727789074882446,"[True, True, True, True, False, True, True, True, True, True, True, True, True, True, True, False, False, True, False, True, True, True, True, False, False, True, False, False, False, True, False, False, True, True, True, True, True, True, False, False]"
16,0.7270342795229313,"[True, True, True, True, False, True, True, True, True, True, True, True, False, True, True, True, True, True, False, False, False, True, True, True, True, True, True, False, True, True, False, False, False, False, True, True, False, False, False, False]"
16,0.9999689598978185,"[True, True, True, True, True, True, True, True, True, True, True, True, True, True, True, True, True, True, False, False, True, False, True, True, True, True, True, False, True, True, False, False, False, False, True, True, False, False, False, False]"
16,0.9999689412718876,"[True, True, True, True, True, True, True, True, True, True, True, True, True, True, True, True, True, True, False, False, True, False, True, True, True, True, True, False, False, True, False, False, False, False, True, True, False, False, False, False]"
16,0.9993611059961928,"[True, True, True, True, True, True, True, True, True, True, True, True, True, False, True, True, True, True, False, False, True, True, True, True, True, True, False, False, True, True, True, False, False, False, True, True, False, False, False, False]"
16,0.9999641928701722,"[True, True, True, True, True, True, True, True, True, True, True, True, True, True, True, True, True, True, False, False, False, False, True, True, True, True, True, False, True, True, False, False, True, False, True, True, False, True, False, False]"
16,0.9999713438740472,"[True, True, True, True, True, True, True, True, True, True, True, True, True, True, True, True, True, True, False, False, True, True, True, True, True, True, True, False, True, True, False, False, False, False, True, False, False, False, False, False]"
16,0.48128035433772504,"[True, True, True, False, True, True, False, True, True, True, True, True, False, False, True, False, False, True, False, True, True, True, True, False, False, True, False, False, False, False, True, False, False, False, False, False, False, False, False, False]"
16,0.9902676798497871,"[True, True, True, True, True, True, True, True, True, False, True, True, True, True, True, True, True, True, True, False, True, True, True, True, True, True, True, False, True, True, False, False, False, False, True, True, False, False, False, False]"
16,0.9991413286608157,"[True, True, True, True, True, True, True, True, True, True, True, True, True, False, True, False, False, True, False, True, True, True, True, False, True, True, False, True, False, True, False, False, True, True, True, False, False, False, True, False]"
16,0.9999308146456546,"[True, True, True, True, True, True, True, True, True, True, True, True, True, True, True, True, True, False, False, False, True, False, True, True, True, True, True, False, True, True, False, False, False, False, True, True, False, False, False, False]"
16,0.996400065996863,"[True, True, True, True, True, True, True, True, True, True, True, False, True, False, False, False, False, True, False, True, True, True, True, False, True, False, False, False, False, False, False, True, True, False, True, False, True, False, False, False]"
16,0.9944912134990569,"[True, True, True, True, True, True, True, True, True, True, False, True, True, False, True, True, True, True, False, False, True, True, True, False, True, True, False, False, True, True, False, False, False, True, True, True, False, False, True, False]"
16,0.9999331983945264,"[True, True, True, True, True, True, True, True, True, True, True, True, True, True, True, True, True, False, False, False, True, True, True, True, True, True, True, False, True, True, False, False, False, False, False, True, False, False, False, False]"
16,0.9999689599341973,"[True, True, True, True, True, True, True, True, True, True, True, True, True, True, True, True, True, True, False, False, True, False, True, True, True, True, True, False, True, True, False, False, False, False, True, True, False, True, False, False]"
16,0.9614489932912987,"[True, True, True, True, True, True, True, False, True, True, True, True, True, True, True, False, True, True, False, True, True, False, True, True, True, True, True, False, True, True, True, False, False, False, True, True, False, False, False, False]"
16,0.9999713451836857,"[True, True, True, True, True, True, True, True, True, True, True, True, True, True, True, True, True, True, False, False, True, True, True, True, True, True, True, False, True, True, False, False, True, False, True, True, False, False, False, False]"
16,0.9987488180896397,"[True, True, True, True, True, True, True, True, True, True, True, True, False, True, True, True, True, True, False, False, True, False, True, True, True, False, True, False, True, True, True, False, True, False, True, False, True, False, False, False]"
step,fitness,genome
17,0.9999641928701722,"[True, True, True, True, True, True, True, True, True, True, True, True, True, True, True, True, True, True, False, False, False, False, True, True, True, True, True, False, True, True, False, False, True, False, True, True, False, True, False, False]"
17,0.9999331983945264,"[True, True, True, True, True, True, True, True, True, True, True, True, True, True, True, True, True, False, False, False, True, True, True, True, True, True, True, False, True, True, False, False, False, False, False, True, False, False, False, False]"
17,0.9980745868805624,"[True, True, True, True, True, True, True, True, True, True, True, True, False, False, True, True, False, True, False, True, True, True, True, False, True, True, True, False, False, False, True, True, True, True, True, True, True, False, True, False]"
17,0.9949450782281579,"[True, True, True, True, True, True, True, True, True, True, False, True, True, True, True, False, True, True, False, False, True, False, True, True, True, True, True, False, False, True, False, True, False, False, True, True, False, False, False, False]"
17,0.9999641917060565,"[True, True, True, True, True, True, True, True, True, True, True, True, True, True, True, True, True, True, False, False, False, False, True, True, True, True, True, False, True, True, False, False, False, False, True, True, False, True, False, False]"
17,0.9987487436677397,"[True, True, True, True, True, True, True, True, True, True, True, True, False, True, True, True, True, True, False, False, True, False, True, True, True, False, False, False, True, True, True, False, True, False, True, False, True, False, False, False]"
17,0.9999712753362962,"[True, True, True, True, True, True, True, True, True, True, True, True, True, True, True, True, True, True, False, False, True, True, True, True, True, True, False, False, True, True, True, False, True, False, True, True, False, False, False, False]"
17,0.9999689599341973,"[True, True, True, True, True, True, True, True, True, True, True, True, True, True, True, True, True, True, False, False, True, False, True, True, True, True, True, False, True, True, False, False, False, False, True, True, False, True, False, False]"
17,0.9999713440559413,"[True, True, True, True, True, True, True, True, True, True, True, True, True, True, True, True, True, True, False, False, True, True, True, True, True, True, True, False, True, True, False, False, False, False, True, True, False, True, False, False]"
17,0.9999689598978185,"[True, True, True, True, True, True, True, True, True, True, True, True, True, True, True, True, True, True, False, False, True, False, True, True, True, True, True, False, True, True, False, False, False, False, True, True, False, False, False, False]"
17,0.9806301412746504,"[True, True, True, True, True, True, True, True, False, True, True, True, True, True, True, True, True, True, True, False, True, True, True, True, True, True, True, True, True, True, False, False, False, False, True, True, False, False, False, False]"
17,0.9999688015774152,"[True, True, True, True, True, True, True, True, True, True, True, True, True, True, True, True, True, True, False, False, True, False, True, True, True, False, True, False, True, False, False, False, False, False, True, True, False, False, False, False]"
17,0.8887429515907989,"[True, True, True, True, True, True, False, False, True, True, True, True, True, True, True, True, True, False, False, False, True, True, True, True, True, True, False, False, True, True, False, False, False, False, True, True, False, False, False, False]"
17,0.9902747703265056,"[True, True, True, True, True, True, True, True, True, False, True, True, True, True, True, True, True, True, True, True, True, False, True, True, True, True, True, False, True, True, False, False, False, True, True, True, False, False, False, False]"
17,0.9999713253935916,"[True, True, True, True, True, True, True, True, True, True, True, True, True, True, True, True, True, True, False, False, True, True, True, True, True, True, True, False, False, True, False, False, False, False, True, True, False, False, False, False]"
17,0.9996638345470653,"[True, True, True, True, True, True, True, True, True, True, True, True, True, True, False, True, True, True, False, False, True, False, True, True, True, True, True, False, True, True, False, False, False, False, True, True, False, False, False, False]"
17,0.9988362369614671,"[True, True, True, True, True, True, True, True, True, True, True, True, True, False, False, False, False, True, False, True, True, True, True, False, True, False, False, False, False, False, False, True, True, False, True, False, False, False, False, False]"
17,0.9996853231765715,"[True, True, True, True, True, True, True, True, True, True, True, True, True, True, False, True, True, True, True, False, True, True, True, True, True, True, True, True, True, True, False, False, False, False, True, True, False, False, False, False]"
17,0.9999308146456546,"[True, True, True, True, True, True, True, True, True, True, True, True, True, True, True, True, True, False, False, False, True, False, True, True, True, True, True, False, True, True, False, False, False, False, True, True, False, False, False, False]"
17,0.9245384335264822,"[True, True, True, True, True, True, False, True, True, True, True, True, True, True, True, True, True, True, False, False, True, True, True, True, True, True, True, False, True, True, False, False, False, False, True, False, False, False, False, False]"
17,0.9999687014721488,"[True, True, True, True, True, True, True, True, True, True, True, True, True, True, True, True, True, True, False, False, True, False, True, True, False, True, True, True, True, True, False, True, False, False, True, True, False, False, False, True]"
17,0.997530292992012,"[True, True, True, True, True, True, True, True, True, True, True, False, True, True, True, True, True, True, False, False, True, False, True, True, True, True, True, False, True, False, False, False, False, False, True, True, False, True, False, False]"
17,0.9999904544302659,"[True, True, True, True, True, True, True, True, True, True, True, True, True, True, True, True, True, True, True, False, True, True, True, True, True, True, True, True, True, True, False, False, False, False, True, True, False, False, False, False]"
17,0.99995230844925,"[True, True, True, True, True, True, True, True, True, True, True, True, True, True, True, True, True, False, True, False, True, True, True, True, True, True, True, True, True, True, False, False, False, False, True, True, False, False, False, True]"
17,0.7270342795229313,"[True, True, True, True, False, True, True, True, True, True, True, True, False, True, True, True, True, True, False, False, False, True, True, True, True, True, True, False, True, True, False, False, False, False, True, True, False, False, False, False]"
step,fitness,genome
18,0.9999713440559413,"[True, True, True, True, True, True, True, True, True, True, True, True, True, True, True, True, True, True, False, False, True, True, True, True, True, True, True, False, True, True, False, False, False, False, True, True, False, True, False, False]"
18,0.0009763808899695785,"[False, True, True, True, True, True, True, True, True, True, True, True, True, True, True, True, False, True, True, False, False, False, True, True, True, True, True, True, True, True, False, False, False, False, True, True, False, False, False, False]"
18,0.9902109620080158,"[True, True, True, True, True, True, True, True, True, False, True, True, True, True, True, True, True, False, False, False, True, True, True, True, True, True, True, False, True, True, False, False, False, False, False, True, False, False, False, False]"
18,0.9999904544302659,"[True, True, True, True, True, True, True, True, True, True, True, True, True, True, True, True, True, True, True, False, True, True, True, True, True, True, True, True, True, True, False, False, False, False, True, True, False, False, False, False]"
18,0.2572415985306944,"[True, True, False, True, True, True, True, True, False, True, True, True, True, True, True, True, True, False, False, False, True, False, True, True, True, True, True, False, True, False, False, False, False, False, True, True, False, False, False, False]"
18,0.9999713440559413,"[True, True, True, True, True, True, True, True, True, True, True, True, True, True, True, True, True, True, False, False, True, True, True, True, True, True, True, False, True, True, False, False, False, False, True, True, False, True, False, False]"
18,0.9999996931092452,"[True, True, True, True, True, True, True, True, True, True, True, True, True, True, True, True, True, True, True, True, True, True, True, True, False, True, True, True, True, True, False, False, False, False, True, True, False, False, False, False]"
18,0.02358896635604323,"[True, False, True, False, True, True, True, True, True, True, True, True, True, True, True, True, True, True, False, False, True, True, True, True, True, True, True, False, False, True, False, False, False, False, True, True, False, False, False, False]"
18,0.6989212019351311,"[True, True, True, True, False, True, True, False, True, True, True, True, True, True, False, True, True, True, True, False, True, True, True, True, True, True, True, True, True, True, False, False, False, False, True, True, False, False, False, False]"
18,0.9999904544302659,"[True, True, True, True, True, True, True, True, True, True, True, True, True, True, True, True, True, True, True, False, True, True, True, True, True, True, True, True, True, True, False, False, False, False, True, True, False, False, False, False]"
18,0.9999832647050194,"[True, True, True, True, True, True, True, True, True, True, True, True, True, True, True, True, True, True, True, False, False, False, True, True, True, True, True, False, True, True, False, False, False, False, True, True, False, False, False, False]"
18,0.05486338353812937,"[True, False, True, True, True, True, True, True, False, True, True, True, True, True, True, True, True, True, True, False, True, True, True, True, True, True, True, True, True, True, False, False, False, False, True, False, False, False, False, False]"
18,0.9973995084205105,"[True, True, True, True, True, True, True, True, True, True, True, False, True, True, True, False, True, True, True, False, True, True, True, True, True, True, True, True, True, True, False, False, False, False, True, True, False, False, False, False]"
18,0.9999689598978185,"[True, True, True, True, True, True, True, True, True, True, True, True, True, True, True, True, True, True, False, False, True, False, True, True, True, True, True, False, True, True, False, False, False, False, True, True, False, False, False, False]"
18,0.0009759060262379545,"[False, True, True, True, True, True, True, True, True, True, True, True, True, True, False, True, True, True, False, False, True, False, True, True, True, True, True, False, True, True, False, False, False, False, True, True, False, True, False, False]"
18,0.7271016509416366,"[True, True, True, True, False, True, True, True, True, True, True, True, True, False, False, False, False, True, False, True, True, True, True, False, True, False, False, False, False, False, False, True, True, False, True, False, False, False, False, False]"
18,0.9999712753362962,"[True, True, True, True, True, True, True, True, True, True, True, True, True, True, True, True, True, True, False, False, True, True, True, True, True, True, False, False, True, True, True, False, True, False, True, True, False, False, False, False]"
18,0.999342150688949,"[True, True, True, True, True, True, True, True, True, True, True, True, True, False, True, True, True, False, True, False, True, True, True, True, True, True, True, True, True, True, False, False, False, False, True, True, False, False, False, True]"
18,0.9902770597830556,"[True, True, True, True, True, True, True, True, True, False, True, True, True, True, True, True, True, True, True, True, True, True, True, True, True, True, False, False, True, True, False, False, False, True, True, True, False, False, False, False]"
18,0.9996948571142382,"[True, True, True, True, True, True, True, True, True, True, True, True, True, True, False, True, True, True, True, True, True, True, True, True, True, True, True, True, True, True, False, False, False, False, True, False, False, False, False, False]"
18,0.9996590676647708,"[True, True, True, True, True, True, True, True, True, True, True, True, True, True, False, True, True, True, False, False, False, False, True, True, True, True, True, False, True, True, False, False, False, False, True, True, False, True, False, False]"
18,0.9245316310483,"[True, True, True, True, True, True, False, True, True, True, True, True, True, True, True, True, True, True, False, False, False, False, True, True, True, False, True, False, True, True, False, False, True, False, True, True, False, True, False, False]"
18,0.9999687014721488,"[True, True, True, True, True, True, True, True, True, True, True, True, True, True, True, True, True, True, False, False, True, False, True, True, False, True, True, True, True, True, False, True, False, False, True, True, False, False, False, True]"
18,0.990241683977657,"[True, True, True, True, True, True, True, True, True, False, True, True, True, True, True, True, True, True, False, False, False, False, True, True, True, True, True, False, True, True, False, False, False, False, True, True, False, True, False, False]"
18,0.9999681106811898,"[True, True, True, True, True, True, True, True, True, True, True, True, True, True, True, True, True, True, False, False, True, False, True, False, False, True, True, True, True, True, True, True, False, True, True, True, False, False, False, True]"
step,fitness,genome
19,0.9902416838334165,"[True, True, True, True, True, True, True, True, True, False, True, True, True, True, True, True, True, True, False, False, False, False, True, True, True, True, True, False, True, True, False, False, False, False, True, False, False, True, False, False]"
19,0.9999996931092452,"[True, True, True, True, True, True, True, True, True, True, True, True, True, True, True, True, True, True, True, True, True, True, True, True, False, True, True, True, True, True, False, False, False, False, True, True, False, False, False, False]"
19,0.990241683977657,"[True, True, True, True, True, True, True, True, True, False, True, True, True, True, True, True, True, True, False, False, False, False, True, True, True, True, True, False, True, True, False, False, False, False, True, True, False, True, False, False]"
19,0.9999996931092452,"[True, True, True, True, True, True, True, True, True, True, True, True, True, True, True, True, True, True, True, True, True, True, True, True, False, True, True, True, True, True, False, False, False, False, True, True, False, False, False, False]"
19,0.9999712753362962,"[True, True, True, True, True, True, True, True, True, True, True, True, True, True, True, True, True, True, False, False, True, True, True, True, True, True, False, False, True, True, True, False, True, False, True, True, False, False, False, False]"
19,0.9999713440559413,"[True, True, True, True, True, True, True, True, True, True, True, True, True, True, True, True, True, True, False, False, True, True, True, True, True, True, True, False, True, True, False, False, False, False, True, True, False, True, False, False]"
19,0.9999712753362962,"[True, True, True, True, True, True, True, True, True, True, True, True, True, True, True, True, True, True, False, False, True, True, True, True, True, True, False, False, True, True, True, False, True, False, True, True, False, False, False, False]"
19,0.9999681106811898,"[True, True, True, True, True, True, True, True, True, True, True, True, True, True, True, True, True, True, False, False, True, False, True, False, False, True, True, True, True, True, True, True, False, True, True, True, False, False, False, True]"
19,0.9999904544302659,"[True, True, True, True, True, True, True, True, True, True, True, True, True, True, True, True, True, True, True, False, True, True, True, True, True, True, True, True, True, True, False, False, False, False, True, True, False, False, False, False]"
19,0.6989212053084354,"[True, True, True, True, False, True, True, False, True, True, True, True, True, True, False, True, True, True, True, False, True, True, True, True, True, True, True, True, True, True, True, False, False, False, True, True, False, False, False, False]"
19,0.999342150688949,"[True, True, True, True, True, True, True, True, True, True, True, True, True, False, True, True, True, False, True, False, True, True, True, True, True, True, True, True, True, True, False, False, False, False, True, True, False, False, False, True]"
19,0.0009765013710569871,"[False, True, True, True, True, True, True, True, True, True, True, True, True, True, True, True, True, True, False, False, True, False, True, True, False, True, True, True, True, True, False, True, False, False, True, True, True, False, False, True]"
19,0.999818701867121,"[True, True, True, True, True, True, True, True, True, True, True, True, True, True, True, False, True, True, False, False, True, True, True, True, True, True, False, False, True, True, True, False, True, False, True, True, False, False, False, False]"
19,0.990241683977657,"[True, True, True, True, True, True, True, True, True, False, True, True, True, True, True, True, True, True, False, False, False, False, True, True, True, True, True, False, True, True, False, False, False, False, True, True, False, True, False, False]"
19,0.9999689994870177,"[True, True, True, True, True, True, True, True, True, True, True, True, True, True, True, True, True, True, False, False, True, False, True, True, True, True, True, True, True, True, False, True, False, False, True, True, False, False, False, True]"
19,0.9999687014721488,"[True, True, True, True, True, True, True, True, True, True, True, True, True, True, True, True, True, True, False, False, True, False, True, True, False, True, True, True, True, True, False, True, False, False, True, True, False, False, False, True]"
19,0.9999713440559413,"[True, True, True, True, True, True, True, True, True, True, True, True, True, True, True, True, True, True, False, False, True, True, True, True, True, True, True, False, True, True, False, False, False, False, True, True, False, True, False, False]"
19,0.9245648159079356,"[True, True, True, True, True, True, False, True, True, True, True, True, True, True, True, True, True, True, True, True, True, True, True, True, False, True, True, False, True, True, False, False, False, False, True, True, False, False, False, False]"
19,0.9902464121916288,"[True, True, True, True, True, True, True, True, True, False, True, True, True, True, True, True, True, True, False, False, True, False, True, True, True, True, True, False, True, True, False, False, True, True, True, True, False, True, False, False]"
19,0.980611364213021,"[True, True, True, True, True, True, True, True, False, True, True, True, True, True, True, True, True, True, False, False, True, True, True, True, True, True, True, False, True, True, False, False, False, False, True, True, False, True, False, False]"
19,0.9999832647050194,"[True, True, True, True, True, True, True, True, True, True, True, True, True, True, True, True, True, True, True, False, False, False, True, True, True, True, True, False, True, True, False, False, False, False, True, True, False, False, False, False]"
19,0.9245316310483,"[True, True, True, True, True, True, False, True, True, True, True, True, True, True, True, True, True, True, False, False, False, False, True, True, True, False, True, False, True, True, False, False, True, False, True, True, False, True, False, False]"
19,0.999966426664935,"[True, True, True, True, True, True, True, True, True, True, True, True, True, True, True, True, True, True, False, False, False, True, True, True, True, False, True, False, True, True, False, False, False, False, True, False, False, True, False, False]"
19,0.9999689598978185,"[True, True, True, True, True, True, True, True, True, True, True, True, True, True, True, True, True, True, False, False, True, False, True, True, True, True, True, False, True, True, False, False, False, False, True, True, False, False, False, False]"
19,0.9999996960196275,"[True, True, True, True, True, True, True, True, True, True, True, True, True, True, True, True, True, True, True, True, True, True, True, True, False, True, True, True, True, True, False, True, False, True, True, True, False, False, False, False]"
step,fitness,genome
20,0.9245648527914838,"[True, True, True, True, True, True, False, True, True, True, True, True, True, True, True, True, True, True, True, True, True, True, True, True, False, True, True, True, True, True, False, True, False, False, True, True, False, False, False, False]"
20,0.9999785360050281,"[True, True, True, True, True, True, True, True, True, True, True, True, True, True, True, True, True, True, False, True, True, False, True, True, True, True, True, True, True, True, False, True, False, False, True, True, False, False, False, True]"
20,0.9900951748031473,"[True, True, True, True, True, True, True, True, True, False, True, True, True, True, True, False, True, True, False, False, True, False, True, True, True, True, True, False, True, True, False, False, True, True, True, True, False, True, False, False]"
20,0.9999713440559413,"[True, True, True, True, True, True, True, True, True, True, True, True, True, True, True, True, True, True, False, False, True, True, True, True, True, True, True, False, True, True, False, False, False, False, True, True, False, True, False, False]"
20,0.9999904544302659,"[True, True, True, True, True, True, True, True, True, True, True, True, True, True, True, True, True, True, True, False, True, True, True, True, True, True, True, True, True, True, False, False, False, False, True, True, False, False, False, False]"
20,0.9998471157377152,"[True, True, True, True, True, True, True, True, True, True, True, True, True, True, True, False, True, True, True, True, True, True, True, True, False, True, True, True, True, True, False, False, False, False, True, True, False, False, False, False]"
20,0.999968950584853,"[True, True, True, True, True, True, True, True, True, True, True, True, True, True, True, True, True, True, False, False, True, False, True, True, True, True, True, False, True, False, False, False, False, False, True, True, False, False, False, False]"
20,0.9999996960196275,"[True, True, True, True, True, True, True, True, True, True, True, True, True, True, True, True, True, True, True, True, True, True, True, True, False, True, True, True, True, True, False, True, False, True, True, True, False, False, False, False]"
20,0.9902464496672772,"[True, True, True, True, True, True, True, True, True, False, True, True, True, True, True, True, True, True, False, False, True, False, True, True, True, True, True, True, True, True, False, True, False, False, True, True, False, False, False, True]"
20,0.9998471186476978,"[True, True, True, True, True, True, True, True, True, True, True, True, True, True, True, False, True, True, True, True, True, True, True, True, False, True, True, True, True, True, False, True, False, True, True, True, False, False, False, False]"
20,0.9984701028812477,"[True, True, True, True, True, True, True, True, True, True, True, True, False, True, False, True, True, True, True, True, False, True, True, True, False, True, True, True, True, True, False, True, False, True, True, False, False, False, False, False]"
20,0.9999713440559413,"[True, True, True, True, True, True, True, True, True, True, True, True, True, True, True, True, True, True, False, False, True, True, True, True, True, True, True, False, True, True, False, False, False, False, True, True, False, True, False, False]"
20,0.0009765019620355365,"[False, True, True, True, True, True, True, True, True, True, True, True, True, True, True, True, True, True, False, False, True, False, True, True, True, True, True, True, True, True, True, True, False, False, True, True, False, False, False, False]"
20,0.9999904544302659,"[True, True, True, True, True, True, True, True, True, True, True, True, True, True, True, True, True, True, True, False, True, True, True, True, True, True, True, True, True, True, False, False, False, False, True, True, False, False, False, False]"
20,0.999966428993171,"[True, True, True, True, True, True, True, True, True, True, True, True, True, True, True, True, True, True, False, False, False, True, True, True, True, False, True, False, True, True, False, True, False, False, True, False, False, True, False, False]"
20,0.9245384347807618,"[True, True, True, True, True, True, False, True, True, True, True, True, True, True, True, True, True, True, False, False, True, True, True, True, True, True, True, False, True, True, False, False, True, False, True, True, False, True, False, False]"
20,0.9987790681708392,"[True, True, True, True, True, True, True, True, True, True, True, True, False, True, True, True, True, True, True, True, True, True, True, False, False, True, True, True, True, True, False, True, False, True, True, True, False, False, False, False]"
20,0.9999234045689693,"[True, True, True, True, True, True, True, True, True, True, True, True, True, True, True, True, False, True, True, True, True, True, True, True, False, True, True, True, True, True, False, True, False, True, True, False, False, False, False, False]"
20,0.99867279537727,"[True, True, True, True, True, True, True, True, True, True, True, True, False, True, True, True, False, True, False, False, True, False, True, True, True, True, True, True, True, True, False, True, False, False, True, True, True, False, False, False]"
20,0.9616167481661414,"[True, True, True, True, True, True, True, False, True, True, True, True, True, True, True, True, True, True, True, True, True, True, True, True, False, True, True, True, True, True, False, True, False, True, True, True, False, False, False, True]"
20,0.9486974159025795,"[True, True, True, True, True, True, True, False, True, False, True, False, False, True, True, True, True, True, False, False, False, False, True, False, False, True, True, False, True, True, False, False, False, False, True, False, False, True, False, False]"
20,0.9999712753362962,"[True, True, True, True, True, True, True, True, True, True, True, True, True, True, True, True, True, True, False, False, True, True, True, True, True, True, False, False, True, True, True, False, True, False, True, True, False, False, False, False]"
20,0.9999996960378172,"[True, True, True, True, True, True, True, True, True, True, True, True, True, True, True, True, True, True, True, True, True, True, True, True, False, True, True, True, True, True, False, True, False, True, True, True, False, False, True, False]"
20,0.9806368762188324,"[True, True, True, True, True, True, True, True, False, True, True, True, True, True, True, True, True, True, True, True, True, False, True, True, False, True, True, True, True, True, False, False, False, False, True, True, False, False, False, False]"
20,0.9999832647050194,"[True, True, True, True, True, True, True, True, True, True, True, True, True, True, True, True, True, True, True, False, False, False, True, True, True, True, True, False, True, True, False, False, False, False, True, True, False, False, False, False]"
step,fitness,genome
21,0.999968950584853,"[True, True, True, True, True, True, True, True, True, True, True, True, True, True, True, True, True, True, False, False, True, False, True, True, True, True, True, False, True, False, False, False, False, False, True, True, False, False, False, False]"
21,0.9975609707733801,"[True, True, True, True, True, True, True, True, True, True, True, False, True, True, True, True, True, True, True, True, True, True, True, True, False, True, True, True, True, True, False, True, False, True, True, False, False, False, True, False]"
21,0.9999234047144784,"[True, True, True, True, True, True, True, True, True, True, True, True, True, True, True, True, False, True, True, True, True, True, True, True, False, True, True, True, True, True, False, True, False, True, True, True, False, False, False, False]"
21,0.9999832647050194,"[True, True, True, True, True, True, True, True, True, True, True, True, True, True, True, True, True, True, True, False, False, False, True, True, True, True, True, False, True, True, False, False, False, False, True, True, False, False, False, False]"
21,0.9615893775107224,"[True, True, True, True, True, True, True, False, True, True, True, True, True, True, True, True, True, True, False, False, True, True, True, True, True, True, True, False, True, True, False, False, False, False, True, True, False, True, False, False]"
21,0.9987790402982051,"[True, True, True, True, True, True, True, True, True, True, True, True, False, True, True, True, True, True, True, True, True, True, True, False, False, True, True, True, False, False, False, True, False, True, True, True, False, True, False, False]"
21,0.9984701028812477,"[True, True, True, True, True, True, True, True, True, True, True, True, False, True, False, True, True, True, True, True, False, True, True, True, False, True, True, True, True, True, False, True, False, True, True, False, False, False, False, False]"
21,0.9999996867064043,"[True, True, True, True, True, True, True, True, True, True, True, True, True, True, True, True, True, True, True, True, True, True, True, True, False, True, True, True, True, False, False, True, False, True, True, True, False, False, False, False]"
21,0.9999712753362962,"[True, True, True, True, True, True, True, True, True, True, True, True, True, True, True, True, True, True, False, False, True, True, True, True, True, True, False, False, True, True, True, False, True, False, True, True, False, False, False, False]"
21,0.9999713440559413,"[True, True, True, True, True, True, True, True, True, True, True, True, True, True, True, True, True, True, False, False, True, True, True, True, True, True, True, False, True, True, False, False, False, False, True, True, False, True, False, False]"
21,0.999923404277951,"[True, True, True, True, True, True, True, True, True, True, True, True, True, True, True, True, False, True, True, True, True, True, True, True, False, True, True, True, True, True, False, True, False, True, False, False, False, False, False, False]"
21,0.9902605899957324,"[True, True, True, True, True, True, True, True, True, False, True, True, True, True, True, True, True, True, True, False, False, False, True, True, True, True, True, False, True, True, False, False, False, False, True, True, False, False, False, False]"
21,0.990274514147692,"[True, True, True, True, True, True, True, True, True, False, True, True, True, True, True, True, True, True, True, True, True, False, True, True, False, True, True, True, True, True, False, True, False, True, True, True, False, False, False, False]"
21,0.999983255391934,"[True, True, True, True, True, True, True, True, True, True, True, True, True, True, True, True, True, True, True, False, False, False, True, True, True, True, True, False, True, False, False, False, False, False, True, True, False, False, False, False]"
21,0.9440497845523864,"[True, True, True, True, True, True, True, False, True, False, False, False, False, True, True, True, True, True, False, False, False, False, False, False, False, True, True, False, True, True, False, False, False, False, True, False, False, True, False, False]"
21,0.9770377977566135,"[True, True, True, True, True, True, True, True, False, True, True, False, False, True, True, True, True, True, True, False, True, True, True, True, True, True, False, True, True, True, False, False, False, False, True, True, False, False, False, False]"
21,0.9987704367727078,"[True, True, True, True, True, True, True, True, True, True, True, True, False, True, True, True, True, True, True, False, True, True, True, True, True, True, True, True, True, True, True, False, False, False, True, True, False, False, False, False]"
21,0.9999713440195626,"[True, True, True, True, True, True, True, True, True, True, True, True, True, True, True, True, True, True, False, False, True, True, True, True, True, True, True, False, True, True, False, False, False, False, True, True, False, False, False, False]"
21,0.9245562066188777,"[True, True, True, True, True, True, False, True, True, True, True, True, True, True, True, True, True, True, True, False, True, True, True, True, True, True, True, False, True, True, False, False, False, False, False, True, False, False, False, False]"
21,0.9902458600096893,"[True, True, True, True, True, True, True, True, True, False, True, True, True, True, True, True, True, True, False, False, True, False, True, False, True, True, True, True, True, True, False, True, True, False, True, True, False, False, False, True]"
21,0.9999996960378172,"[True, True, True, True, True, True, True, True, True, True, True, True, True, True, True, True, True, True, True, True, True, True, True, True, False, True, True, True, True, True, False, True, False, True, True, True, False, False, True, False]"
21,0.9951275997310192,"[True, True, True, True, True, True, True, True, True, True, False, True, True, True, True, True, True, True, True, True, True, True, True, True, False, True, True, True, True, True, False, True, False, True, True, True, False, False, False, False]"
21,0.999966428993171,"[True, True, True, True, True, True, True, True, True, True, True, True, True, True, True, True, True, True, False, False, False, True, True, True, True, False, True, False, True, True, False, True, False, False, True, False, False, True, False, False]"
21,0.9998471157377152,"[True, True, True, True, True, True, True, True, True, True, True, True, True, True, True, False, True, True, True, True, True, True, True, True, False, True, True, True, True, True, False, False, False, False, True, True, False, False, False, False]"
21,0.9999904544302659,"[True, True, True, True, True, True, True, True, True, True, True, True, True, True, True, True, True, True, True, False, True, True, True, True, True, True, True, True, True, True, False, False, False, False, True, True, False, False, False, False]"
step,fitness,genome
22,0.524441695274623,"[True, True, True, False, True, True, True, True, True, True, True, True, True, True, True, True, True, True, False, False, False, True, True, True, True, False, True, False, True, True, False, True, True, False, True, False, False, True, False, False]"
22,0.9200248924308526,"[True, True, True, True, True, True, False, True, True, True, False, True, True, True, True, True, True, True, True, True, True, True, True, True, False, True, True, True, True, True, False, True, False, True, True, True, False, False, False, False]"
22,0.9999450351650457,"[True, True, True, True, True, True, True, True, True, True, True, True, True, True, True, True, True, False, True, False, False, False, True, True, True, True, False, False, True, False, False, False, False, False, True, True, False, False, True, False]"
22,0.99999045413923,"[True, True, True, True, True, True, True, True, True, True, True, True, True, True, True, True, True, True, True, False, True, True, True, True, True, True, True, True, True, True, False, False, False, False, False, True, False, False, False, False]"
22,0.26270592762481726,"[True, True, False, True, True, True, True, True, True, True, True, True, False, True, True, True, True, True, True, False, True, True, True, True, True, True, True, True, True, True, True, False, False, False, True, True, False, False, True, False]"
22,0.9999234044234602,"[True, True, True, True, True, True, True, True, True, True, True, True, True, True, True, True, False, True, True, True, True, True, True, True, False, True, True, True, True, True, False, True, False, True, False, True, False, False, False, False]"
22,0.9998471157377152,"[True, True, True, True, True, True, True, True, True, True, True, True, True, True, True, False, True, True, True, True, True, True, True, True, False, True, True, True, True, True, False, False, False, False, True, True, False, False, False, False]"
22,0.9616066756154881,"[True, True, True, True, True, True, True, False, True, True, True, True, True, True, True, True, True, True, True, False, True, True, False, True, True, True, True, True, True, True, False, False, False, False, True, True, False, False, False, False]"
22,0.2630754595685811,"[True, True, False, True, True, True, True, True, True, True, True, True, True, True, True, True, True, True, True, True, True, True, True, True, False, True, False, True, True, False, False, True, False, True, True, True, False, False, False, False]"
22,0.9987704367727078,"[True, True, True, True, True, True, True, True, True, True, True, True, False, True, True, True, True, True, True, False, True, True, True, True, True, True, True, True, True, True, True, False, False, False, True, True, False, False, False, False]"
22,0.9999832658691551,"[True, True, True, True, True, True, True, True, True, True, True, True, True, True, True, True, True, True, True, False, False, False, True, True, True, True, True, False, True, True, False, False, True, False, True, True, False, False, False, False]"
22,0.9951275996133035,"[True, True, True, True, True, True, True, True, True, True, False, True, True, True, True, True, True, True, True, True, True, True, True, True, False, True, True, True, True, True, False, True, False, True, True, False, False, False, True, True]"
22,0.9999232599329126,"[True, True, True, True, True, True, True, True, True, True, True, True, True, True, True, True, False, True, True, True, True, True, True, True, False, False, True, True, True, True, True, True, False, True, False, False, False, False, False, False]"
22,0.999983255391934,"[True, True, True, True, True, True, True, True, True, True, True, True, True, True, True, True, True, True, True, False, False, False, True, True, True, True, True, False, True, False, False, False, False, False, True, True, False, False, False, False]"
22,0.9999973025238434,"[True, True, True, True, True, True, True, True, True, True, True, True, True, True, True, True, True, True, True, True, True, False, True, True, False, True, True, True, True, False, False, True, False, True, True, True, False, False, False, False]"
22,0.9245495330880664,"[True, True, True, True, True, True, False, True, True, True, True, True, True, True, True, True, True, True, True, False, False, False, True, True, True, True, True, False, True, False, False, False, False, False, True, False, False, False, False, True]"
22,0.9999689319589222,"[True, True, True, True, True, True, True, True, True, True, True, True, True, True, True, True, True, True, False, False, True, False, True, True, True, True, True, False, False, False, False, False, False, False, True, True, False, False, False, False]"
22,0.9999901593381894,"[True, True, True, True, True, True, True, True, True, True, True, True, True, True, True, True, True, True, True, False, True, True, True, True, False, True, True, True, True, True, False, True, False, True, True, True, False, False, True, False]"
22,0.9999832676153586,"[True, True, True, True, True, True, True, True, True, True, True, True, True, True, True, True, True, True, True, False, False, False, True, True, True, True, True, False, True, True, False, True, False, True, True, True, False, False, False, False]"
22,0.9998471157377152,"[True, True, True, True, True, True, True, True, True, True, True, True, True, True, True, False, True, True, True, True, True, True, True, True, False, True, True, True, True, True, False, False, False, False, True, True, False, False, False, False]"
22,0.9806230597911126,"[True, True, True, True, True, True, True, True, False, True, True, True, True, True, True, True, True, True, True, False, False, False, True, True, True, True, True, False, False, True, False, False, True, False, True, True, False, False, False, False]"
22,0.999965832964892,"[True, True, True, True, True, True, True, True, True, True, True, True, True, True, True, True, True, True, False, False, False, True, True, False, True, False, True, False, True, True, False, True, False, False, True, False, False, True, False, False]"
22,0.26305254730674654,"[True, True, False, True, True, True, True, True, True, True, True, True, True, True, True, True, False, True, True, True, True, True, True, True, False, True, True, True, True, True, False, True, False, True, True, True, False, False, False, False]"
22,0.999964191669678,"[True, True, True, True, True, True, True, True, True, True, True, True, True, True, True, True, True, True, False, False, False, False, True, True, True, True, True, False, True, True, False, False, False, False, True, True, False, False, False, False]"
22,0.9998458865617509,"[True, True, True, True, True, True, True, True, True, True, True, True, True, True, True, False, True, True, True, True, True, True, False, True, False, True, True, False, True, True, False, False, False, False, True, True, False, False, False, False]"
step,fitness,genome
23,0.9999832676153586,"[True, True, True, True, True, True, True, True, True, True, True, True, True, True, True, True, True, True, True, False, False, False, True, True, True, True, True, False, True, True, False, True, False, True, True, True, False, False, False, False]"
23,0.9981149839615405,"[True, True, True, True, True, True, True, True, True, True, True, True, False, False, True, True, True, False, True, False, False, False, True, False, True, True, False, False, True, False, False, False, False, False, True, True, False, False, True, False]"
23,0.9999880700128596,"[True, True, True, True, True, True, True, True, True, True, True, True, True, True, True, True, True, True, True, False, True, False, True, True, True, True, True, True, True, True, False, False, False, False, False, True, False, True, False, False]"
23,0.999983255391934,"[True, True, True, True, True, True, True, True, True, True, True, True, True, True, True, True, True, True, True, False, False, False, True, True, True, True, True, False, True, False, False, False, False, False, True, True, False, False, False, False]"
23,0.9999973001955427,"[True, True, True, True, True, True, True, True, True, True, True, True, True, True, True, True, True, True, True, True, True, False, True, True, False, True, True, True, True, False, False, False, False, True, True, True, False, False, False, False]"
23,0.9901244145820132,"[True, True, True, True, True, True, True, True, True, False, True, True, True, True, True, False, True, True, True, True, True, True, False, True, False, True, True, False, True, True, False, False, False, False, True, True, False, False, False, False]"
23,0.99999045413923,"[True, True, True, True, True, True, True, True, True, True, True, True, True, True, True, True, True, True, True, False, True, True, True, True, True, True, True, True, True, True, False, False, False, False, False, True, False, False, False, False]"
23,0.7279741296285619,"[True, True, True, True, False, True, True, True, True, True, True, True, True, True, True, True, True, True, True, True, True, False, True, True, False, True, True, True, True, False, False, True, False, True, True, True, False, False, False, False]"
23,0.05631279796236706,"[True, False, True, True, True, True, True, True, True, True, True, True, True, True, True, True, True, True, True, False, True, True, True, True, True, True, True, True, True, True, False, False, False, False, False, True, False, False, False, False]"
23,0.9999832658691551,"[True, True, True, True, True, True, True, True, True, True, True, True, True, True, True, True, True, True, True, False, False, False, True, True, True, True, True, False, True, True, False, False, True, False, True, True, False, False, False, False]"
23,0.9998470412421636,"[True, True, True, True, True, True, True, True, True, True, True, True, True, True, True, False, True, True, True, True, True, True, True, True, False, True, False, True, True, True, False, False, False, False, True, True, False, False, False, False]"
23,0.999983255391934,"[True, True, True, True, True, True, True, True, True, True, True, True, True, True, True, True, True, True, True, False, False, False, True, True, True, True, True, False, True, False, False, False, False, False, True, True, False, False, False, False]"
23,0.9987701373532116,"[True, True, True, True, True, True, True, True, True, True, True, True, False, True, True, True, True, True, True, False, True, True, True, True, False, True, True, True, True, True, False, True, False, True, True, True, False, False, True, False]"
23,0.9984202790073459,"[True, True, True, True, True, True, True, True, True, True, True, True, False, True, False, True, True, False, True, False, False, False, True, True, True, True, False, False, True, False, False, False, False, False, True, True, False, False, True, False]"
23,0.9999450351650457,"[True, True, True, True, True, True, True, True, True, True, True, True, True, True, True, True, True, False, True, False, False, False, True, True, True, True, False, False, True, False, False, False, False, False, True, True, False, False, True, False]"
23,0.999990140711903,"[True, True, True, True, True, True, True, True, True, True, True, True, True, True, True, True, True, True, True, False, True, True, True, True, False, True, True, True, False, True, False, True, False, True, True, True, False, False, True, False]"
23,0.9999689325409825,"[True, True, True, True, True, True, True, True, True, True, True, True, True, True, True, True, True, True, False, False, True, False, True, True, True, True, True, False, False, False, False, False, False, True, True, True, False, False, False, False]"
23,0.9806230798081633,"[True, True, True, True, True, True, True, True, False, True, True, True, True, True, True, True, True, True, True, False, False, False, True, True, True, True, True, False, True, True, False, True, False, True, True, True, False, False, False, False]"
23,0.999968857455202,"[True, True, True, True, True, True, True, True, True, True, True, True, True, True, True, True, True, True, False, False, True, False, True, True, True, True, False, False, False, False, False, False, False, False, True, True, False, False, False, False]"
23,0.9999591562986259,"[True, True, True, True, True, True, True, True, True, True, True, True, True, True, True, True, True, False, True, True, True, False, True, True, False, True, True, True, True, False, False, True, False, True, True, True, False, False, False, False]"
23,0.999965832964892,"[True, True, True, True, True, True, True, True, True, True, True, True, True, True, True, True, True, True, False, False, False, True, True, False, True, False, True, False, True, True, False, True, False, False, True, False, False, True, False, False]"
23,0.9987772726949535,"[True, True, True, True, True, True, True, True, True, True, True, True, False, True, True, True, True, True, True, True, True, False, True, True, False, True, True, True, True, False, False, True, False, True, True, True, False, False, False, False]"
23,0.9999832658691551,"[True, True, True, True, True, True, True, True, True, True, True, True, True, True, True, True, True, True, True, False, False, False, True, True, True, True, True, False, True, True, False, False, True, False, True, True, False, False, False, False]"
23,0.9999689319589222,"[True, True, True, True, True, True, True, True, True, True, True, True, True, True, True, True, True, True, False, False, True, False, True, True, True, True, True, False, False, False, False, False, False, False, True, True, False, False, False, False]"
23,0.9999901593381894,"[True, True, True, True, True, True, True, True, True, True, True, True, True, True, True, True, True, True, True, False, True, True, True, True, False, True, True, True, True, True, False, True, False, True, True, True, False, False, True, False]"
step,fitness,genome
24,0.9902605172972703,"[True, True, True, True, True, True, True, True, True, False, True, True, True, True, True, True, True, True, True, False, False, False, True, True, True, True, False, False, True, True, False, False, True, False, True, True, False, False, False, False]"
24,0.9987299000615747,"[True, True, True, True, True, True, True, True, True, True, True, True, False, True, True, True, True, False, True, False, True, False, True, True, True, True, True, False, True, False, False, False, False, False, True, True, False, False, True, False]"
24,0.9951175160864362,"[True, True, True, True, True, True, True, True, True, True, False, True, True, True, True, True, True, True, True, False, True, True, True, False, False, True, True, True, True, True, True, True, False, True, True, True, False, False, True, False]"
24,0.9999450165395158,"[True, True, True, True, True, True, True, True, True, True, True, True, True, True, True, True, True, False, True, False, False, False, True, True, True, True, False, False, False, False, False, False, False, False, True, True, False, False, True, False]"
24,0.9999996463976112,"[True, True, True, True, True, True, True, True, True, True, True, True, True, True, True, True, True, True, True, True, True, True, True, True, False, True, True, False, True, False, False, False, False, False, True, False, False, False, False, False]"
24,0.9999880700128596,"[True, True, True, True, True, True, True, True, True, True, True, True, True, True, True, True, True, True, True, False, True, False, True, True, True, True, True, True, True, True, False, False, False, False, False, True, False, True, False, False]"
24,0.9999831168597975,"[True, True, True, True, True, True, True, True, True, True, True, True, True, True, True, True, True, True, True, False, False, False, True, True, True, False, True, False, True, True, False, False, True, False, True, True, False, False, False, False]"
24,0.9999832658691551,"[True, True, True, True, True, True, True, True, True, True, True, True, True, True, True, True, True, True, True, False, False, False, True, True, True, True, True, False, True, True, False, False, True, False, True, True, False, False, False, False]"
24,0.9999904553033733,"[True, True, True, True, True, True, True, True, True, True, True, True, True, True, True, True, True, True, True, False, True, True, True, True, True, True, True, True, True, True, False, False, True, False, False, True, False, False, False, False]"
24,0.2515592770725811,"[True, True, False, True, True, True, True, False, True, True, True, True, True, True, True, True, True, True, True, False, False, False, True, False, True, True, True, False, True, True, False, True, False, True, True, True, False, False, False, False]"
24,0.9790873541010858,"[True, True, True, True, True, True, True, True, False, True, True, True, False, True, False, True, True, False, True, False, False, False, True, True, True, True, False, False, True, False, False, False, False, False, True, True, False, False, True, False]"
24,0.9999973001955427,"[True, True, True, True, True, True, True, True, True, True, True, True, True, True, True, True, True, True, True, True, True, False, True, True, False, True, True, True, True, False, False, False, False, True, True, True, False, False, False, False]"
24,0.9999805453601477,"[True, True, True, True, True, True, True, True, True, True, True, True, True, True, True, True, True, True, False, True, True, True, True, True, False, True, False, True, True, True, False, False, False, False, True, True, True, False, False, False]"
24,0.9999973010686555,"[True, True, True, True, True, True, True, True, True, True, True, True, True, True, True, True, True, True, True, True, True, False, True, True, False, True, True, True, True, False, False, False, True, True, False, True, False, False, False, False]"
24,0.9999900079996216,"[True, True, True, True, True, True, True, True, True, True, True, True, True, True, True, True, True, True, True, False, True, True, True, True, False, False, True, True, True, True, False, False, False, True, True, True, False, False, True, False]"
24,0.9806230798081633,"[True, True, True, True, True, True, True, True, False, True, True, True, True, True, True, True, True, True, True, False, False, False, True, True, True, True, True, False, True, True, False, True, False, True, True, True, False, False, False, False]"
24,0.9987701373532116,"[True, True, True, True, True, True, True, True, True, True, True, True, False, True, True, True, True, True, True, False, True, True, True, True, False, True, True, True, True, True, False, True, False, True, True, True, False, False, True, False]"
24,0.9999658331104067,"[True, True, True, True, True, True, True, True, True, True, True, True, True, True, True, True, True, True, False, False, False, True, True, False, True, False, True, False, True, True, False, True, False, False, True, True, False, True, False, False]"
24,0.26241751909665884,"[True, True, False, True, True, True, True, True, True, True, True, True, False, False, False, True, True, False, True, False, False, False, True, True, True, True, False, False, True, False, True, False, False, False, True, True, False, False, True, False]"
24,0.9999591562986259,"[True, True, True, True, True, True, True, True, True, True, True, True, True, True, True, True, True, False, True, True, True, False, True, True, False, True, True, True, True, False, False, True, False, True, True, True, False, False, False, False]"
24,0.5244551296514869,"[True, True, True, False, True, True, True, True, True, True, True, True, True, True, True, True, True, True, True, False, True, True, True, True, True, True, True, True, True, False, False, False, False, False, False, True, False, False, False, False]"
24,0.9999880700128596,"[True, True, True, True, True, True, True, True, True, True, True, True, True, True, True, True, True, True, True, False, True, False, True, True, True, True, True, True, True, True, False, False, False, False, False, True, False, True, False, False]"
24,0.9987772703692095,"[True, True, True, True, True, True, True, True, True, True, True, True, False, True, True, True, True, True, True, True, True, False, True, True, False, True, True, True, True, False, False, False, False, True, True, True, False, False, False, False]"
24,0.9999856858188462,"[True, True, True, True, True, True, True, True, True, True, True, True, True, True, True, True, True, True, True, False, False, True, True, True, True, True, True, True, True, True, False, False, False, False, False, True, False, False, False, False]"
24,0.9987489332837036,"[True, True, True, True, True, True, True, True, True, True, True, True, False, True, True, True, True, True, False, False, True, False, True, True, True, True, True, False, False, False, False, False, False, False, True, True, False, False, False, False]"
step,fitness,genome
25,0.7279654001501942,"[True, True, True, True, False, True, True, True, True, True, True, True, True, True, True, True, True, True, True, False, False, True, True, True, True, True, True, True, True, True, False, False, False, False, False, True, False, False, False, False]"
25,0.05631244019803408,"[True, False, True, True, True, True, True, True, True, True, True, True, True, True, True, True, True, True, True, False, False, True, True, True, True, True, True, True, True, True, False, True, True, False, False, True, False, False, False, False]"
25,0.9999880700128596,"[True, True, True, True, True, True, True, True, True, True, True, True, True, True, True, True, True, True, True, False, True, False, True, True, True, True, True, True, True, True, False, False, False, False, False, True, False, True, False, False]"
25,0.9999900079996216,"[True, True, True, True, True, True, True, True, True, True, True, True, True, True, True, True, True, True, True, False, True, True, True, True, False, False, True, True, True, True, False, False, False, True, True, True, False, False, True, False]"
25,0.9999973010777504,"[True, True, True, True, True, True, True, True, True, True, True, True, True, True, True, True, True, True, True, True, True, False, True, True, False, True, True, True, True, False, False, False, True, True, False, True, False, False, False, True]"
25,0.9999658328193773,"[True, True, True, True, True, True, True, True, True, True, True, True, True, True, True, True, True, True, False, False, False, True, True, False, True, False, True, False, True, True, False, True, False, False, False, True, False, True, False, False]"
25,0.2630238547597586,"[True, True, False, True, True, True, True, True, True, True, True, True, True, True, True, False, True, True, False, True, True, True, True, True, False, True, False, True, True, True, False, False, False, False, True, True, True, False, False, False]"
25,0.9999880700128596,"[True, True, True, True, True, True, True, True, True, True, True, True, True, True, True, True, True, True, True, False, True, False, True, True, True, True, True, True, True, True, False, False, False, False, False, True, False, True, False, False]"
25,0.7229321080668716,"[True, True, True, True, False, True, True, True, True, True, False, True, False, False, True, True, True, True, False, True, True, True, True, True, False, True, False, False, True, True, False, False, False, False, True, False, True, False, False, False]"
25,0.9616144361002319,"[True, True, True, True, True, True, True, False, True, True, True, True, True, True, True, True, True, True, True, True, True, False, True, True, False, True, True, True, True, False, False, False, True, True, False, True, False, False, False, False]"
25,0.056219596391545536,"[True, False, True, True, True, True, True, True, True, True, True, True, False, True, True, True, True, True, False, False, True, False, True, True, True, True, True, False, False, False, False, False, False, False, True, True, False, False, False, False]"
25,0.9987489356093883,"[True, True, True, True, True, True, True, True, True, True, True, True, False, True, True, True, True, True, False, False, True, False, True, True, True, True, True, False, False, False, False, True, False, False, True, True, False, False, False, False]"
25,0.000976557228647238,"[False, True, True, True, True, True, True, True, True, True, True, True, True, True, True, True, True, True, True, True, True, False, True, True, False, True, True, True, True, False, False, False, True, True, False, True, False, False, False, False]"
25,0.9999995532653873,"[True, True, True, True, True, True, True, True, True, True, True, True, True, True, True, True, True, True, True, True, True, True, True, True, False, True, False, False, False, False, False, False, False, False, True, False, False, False, False, False]"
25,0.9999880700128596,"[True, True, True, True, True, True, True, True, True, True, True, True, True, True, True, True, True, True, True, False, True, False, True, True, True, True, True, True, True, True, False, False, False, False, False, True, False, True, False, False]"
25,0.9987772703692095,"[True, True, True, True, True, True, True, True, True, True, True, True, False, True, True, True, True, True, True, True, True, False, True, True, False, True, True, True, True, False, False, False, False, True, True, True, False, False, False, False]"
25,0.2572619857754519,"[True, True, False, True, True, True, True, True, False, True, True, True, True, True, True, True, True, True, True, True, True, True, True, True, True, True, True, True, True, True, False, False, True, False, False, True, False, False, False, False]"
25,0.8542739660371604,"[True, True, True, True, True, False, True, True, True, True, True, True, True, True, True, True, True, True, False, True, True, True, True, True, False, True, False, True, True, True, False, False, False, False, True, True, True, False, False, False]"
25,0.9245626216104003,"[True, True, True, True, True, True, False, True, True, True, True, True, True, True, True, True, True, True, True, True, True, False, True, True, False, True, True, True, True, False, False, False, True, True, False, True, False, False, False, False]"
25,0.263049634758449,"[True, True, False, True, True, True, True, True, True, True, True, True, True, True, True, True, False, True, True, False, True, True, True, True, False, False, True, True, True, True, False, False, False, True, True, True, False, False, True, False]"
25,0.0009765618093615624,"[False, True, True, True, True, True, True, True, True, True, True, True, True, True, True, True, True, True, True, True, True, True, True, True, False, True, True, False, True, False, False, False, False, False, True, False, False, False, False, False]"
25,0.9615787234746099,"[True, True, True, True, True, True, True, False, True, True, True, True, True, True, True, True, True, False, True, True, True, True, False, True, False, True, True, False, True, False, False, False, False, False, True, False, False, False, False, False]"
25,0.9999996464067061,"[True, True, True, True, True, True, True, True, True, True, True, True, True, True, True, True, True, True, True, True, True, True, True, True, False, True, True, False, True, False, False, False, False, False, True, False, False, False, False, True]"
25,0.9999888159180859,"[True, True, True, True, True, True, True, True, True, True, True, True, True, True, True, True, True, True, True, False, True, True, False, True, False, False, True, True, True, True, False, False, False, True, True, True, False, False, True, False]"
25,0.9996781633937569,"[True, True, True, True, True, True, True, True, True, True, True, True, True, True, False, True, True, True, True, False, False, False, True, True, True, True, True, True, True, False, False, False, False, False, True, True, False, True, False, False]"
step,fitness,genome
26,0.9999995260715069,"[True, True, True, True, True, True, True, True, True, True, True, True, True, True, True, True, True, True, True, True, True, True, True, True, False, False, True, True, False, True, False, False, False, True, True, True, False, False, True, False]"
26,0.9999880700128596,"[True, True, True, True, True, True, True, True, True, True, True, True, True, True, True, True, True, True, True, False, True, False, True, True, True, True, True, True, True, True, False, False, False, False, False, True, False, True, False, False]"
26,0.9999900079996216,"[True, True, True, True, True, True, True, True, True, True, True, True, True, True, True, True, True, True, True, False, True, True, True, True, False, False, True, True, True, True, False, False, False, True, True, True, False, False, True, False]"
26,0.05631240652593707,"[True, False, True, True, True, True, True, True, True, True, True, True, True, True, True, True, True, True, True, False, False, True, True, True, False, False, True, True, True, True, False, False, True, True, True, True, False, False, True, True]"
26,0.9996828649294434,"[True, True, True, True, True, True, True, True, True, True, True, True, True, True, False, True, True, True, True, False, True, False, True, True, True, True, False, True, True, True, False, False, False, False, False, True, False, True, False, False]"
26,0.9806090579900499,"[True, True, True, True, True, True, True, True, False, True, True, True, True, True, True, True, True, True, False, False, True, False, True, True, True, True, True, True, True, True, False, False, False, False, False, True, False, True, False, False]"
26,0.9999995532653873,"[True, True, True, True, True, True, True, True, True, True, True, True, True, True, True, True, True, True, True, True, True, True, True, True, False, True, False, False, False, False, False, False, False, False, True, False, False, False, False, False]"
26,0.9999995532653873,"[True, True, True, True, True, True, True, True, True, True, True, True, True, True, True, True, True, True, True, True, True, True, True, True, False, True, False, False, False, False, False, False, False, False, True, False, False, False, False, False]"
26,0.9890370771186996,"[True, True, True, True, True, True, True, True, True, False, True, True, False, True, True, True, True, True, False, False, True, False, True, True, True, True, True, False, False, True, False, True, False, False, True, True, False, False, False, False]"
26,0.05628976538865036,"[True, False, True, True, True, True, True, True, True, True, True, True, True, True, False, True, True, True, True, False, True, True, False, True, False, False, True, True, True, True, False, False, False, False, True, True, False, False, True, False]"
26,0.9999995532653873,"[True, True, True, True, True, True, True, True, True, True, True, True, True, True, True, True, True, True, True, True, True, True, True, True, False, True, False, False, False, False, False, False, False, False, True, False, False, False, False, False]"
26,0.9999996464067061,"[True, True, True, True, True, True, True, True, True, True, True, True, True, True, True, True, True, True, True, True, True, True, True, True, False, True, True, False, True, False, False, False, False, False, True, False, False, False, False, True]"
26,0.9999780399399317,"[True, True, True, True, True, True, True, True, True, True, True, True, True, True, True, True, True, True, False, True, True, False, True, True, False, False, True, False, True, False, False, False, False, False, True, False, False, False, False, True]"
26,0.9999973010777504,"[True, True, True, True, True, True, True, True, True, True, True, True, True, True, True, True, True, True, True, True, True, False, True, True, False, True, True, True, True, False, False, False, True, True, False, True, False, False, False, True]"
26,0.9999880711770003,"[True, True, True, True, True, True, True, True, True, True, True, True, True, True, True, True, True, True, True, False, True, False, True, True, True, True, True, True, True, True, False, False, True, False, False, True, False, True, False, False]"
26,0.9592601351570239,"[True, True, True, True, True, True, True, False, True, True, True, False, True, True, True, True, True, True, True, True, True, False, True, True, False, True, True, True, True, False, False, False, True, True, False, True, False, False, False, False]"
26,0.9996778654568977,"[True, True, True, True, True, True, True, True, True, True, True, True, True, True, False, True, True, True, True, False, False, False, True, True, False, True, True, True, True, False, False, False, False, False, True, True, False, True, False, False]"
26,0.9999900126561926,"[True, True, True, True, True, True, True, True, True, True, True, True, True, True, True, True, True, True, True, False, True, True, True, True, False, False, True, True, True, True, True, False, False, True, True, True, False, False, True, False]"
26,0.045621585714283146,"[True, False, True, True, True, False, True, True, True, True, True, True, True, True, True, True, True, True, True, False, False, True, True, True, True, True, True, True, True, True, False, True, True, False, False, True, False, False, False, False]"
26,0.9999880700128596,"[True, True, True, True, True, True, True, True, True, True, True, True, True, True, True, True, True, True, True, False, True, False, True, True, True, True, True, True, True, True, False, False, False, False, False, True, False, True, False, False]"
26,0.999999646424896,"[True, True, True, True, True, True, True, True, True, True, True, True, True, True, True, True, True, True, True, True, True, True, True, True, False, True, True, False, True, False, False, False, False, False, True, False, False, False, True, True]"
26,0.8542904620648034,"[True, True, True, True, True, False, True, True, True, True, True, True, True, True, True, True, True, True, True, True, True, True, True, True, False, True, False, False, False, False, False, False, False, False, True, False, False, False, False, False]"
26,0.9999903060202053,"[True, True, True, True, True, True, True, True, True, True, True, True, True, True, True, True, True, True, True, False, True, True, True, True, True, False, True, True, True, True, False, False, False, True, True, True, False, False, True, False]"
26,0.9604092816405375,"[True, True, True, True, True, True, True, False, True, True, True, True, False, True, True, True, True, True, False, False, True, False, True, True, True, True, True, False, False, False, False, True, False, False, True, True, False, False, True, False]"
26,0.1828649579889925,"[True, True, False, True, False, True, True, True, True, True, True, True, True, True, True, True, True, True, True, False, False, True, True, True, True, True, True, True, True, True, False, False, False, False, False, True, False, False, False, False]"
step,fitness,genome
27,0.9999995532926721,"[True, True, True, True, True, True, True, True, True, True, True, True, True, True, True, True, True, True, True, True, True, True, True, True, False, True, False, False, False, False, False, False, False, False, True, False, False, False, True, True]"
27,0.9999996464067061,"[True, True, True, True, True, True, True, True, True, True, True, True, True, True, True, True, True, True, True, True, True, True, True, True, False, True, True, False, True, False, False, False, False, False, True, False, False, False, False, True]"
27,0.9999995532653873,"[True, True, True, True, True, True, True, True, True, True, True, True, True, True, True, True, True, True, True, True, True, True, True, True, False, True, False, False, False, False, False, False, False, False, True, False, False, False, False, False]"
27,0.9244226288502745,"[True, True, True, True, True, True, False, True, True, True, True, True, True, True, True, False, True, True, True, True, True, True, True, True, False, True, True, False, True, False, False, False, False, False, True, True, False, False, True, True]"
27,0.9999900126561926,"[True, True, True, True, True, True, True, True, True, True, True, True, True, True, True, True, True, True, True, False, True, True, True, True, False, False, True, True, True, True, True, False, False, True, True, True, False, False, True, False]"
27,0.9999995260715069,"[True, True, True, True, True, True, True, True, True, True, True, True, True, True, True, True, True, True, True, True, True, True, True, True, False, False, True, True, False, True, False, False, False, True, True, True, False, False, True, False]"
27,0.9245529012690467,"[True, True, True, True, True, True, False, True, True, True, True, True, True, True, True, True, True, True, True, False, True, False, False, True, True, True, True, True, True, False, False, False, True, False, False, True, False, True, False, False]"
27,0.9999900165669847,"[True, True, True, True, True, True, True, True, True, True, True, True, True, True, True, True, True, True, True, False, True, True, True, True, False, True, False, False, False, False, False, False, False, False, True, False, False, False, False, False]"
27,0.9996802489540091,"[True, True, True, True, True, True, True, True, True, True, True, True, True, True, False, True, True, True, True, False, False, True, True, True, False, True, True, True, True, False, False, False, False, False, True, True, False, True, False, False]"
27,0.7206634467160371,"[True, True, True, True, False, True, True, True, True, False, True, True, True, True, True, True, True, True, True, False, True, True, True, True, False, False, True, True, True, True, False, False, False, True, True, True, False, False, True, False]"
27,0.9999780400126899,"[True, True, True, True, True, True, True, True, True, True, True, True, True, True, True, True, True, True, False, True, True, False, True, True, False, False, True, False, True, False, False, False, False, False, True, False, True, False, False, True]"
27,0.9999996464067061,"[True, True, True, True, True, True, True, True, True, True, True, True, True, True, True, True, True, True, True, True, True, True, True, True, False, True, True, False, True, False, False, False, False, False, True, False, False, False, False, True]"
27,0.9999833063592501,"[True, True, True, True, True, True, True, True, True, True, True, True, True, True, True, True, True, True, True, False, False, False, True, True, True, True, True, True, True, True, True, False, False, False, False, True, False, True, False, False]"
27,0.9999995532653873,"[True, True, True, True, True, True, True, True, True, True, True, True, True, True, True, True, True, True, True, True, True, True, True, True, False, True, False, False, False, False, False, False, False, False, True, False, False, False, False, False]"
27,0.9999947849059542,"[True, True, True, True, True, True, True, True, True, True, True, True, True, True, True, True, True, True, True, True, False, True, True, True, False, True, False, False, False, False, False, False, False, False, True, False, False, False, False, False]"
27,0.9245647203090391,"[True, True, True, True, True, True, False, True, True, True, True, True, True, True, True, True, True, True, True, True, True, True, True, True, False, True, False, False, False, False, False, False, False, False, True, False, False, False, False, False]"
27,0.9996945126468518,"[True, True, True, True, True, True, True, True, True, True, True, True, True, True, False, True, True, True, True, True, True, True, True, True, False, True, True, False, True, False, False, False, False, False, True, False, False, False, True, True]"
27,0.999983302866843,"[True, True, True, True, True, True, True, True, True, True, True, True, True, True, True, True, True, True, True, False, False, False, True, True, True, True, True, True, True, True, False, False, True, False, False, True, False, True, False, False]"
27,0.9999900033430507,"[True, True, True, True, True, True, True, True, True, True, True, True, True, True, True, True, True, True, True, False, True, True, True, True, False, False, True, True, True, False, True, False, False, True, True, True, False, False, True, False]"
27,0.9999999444480651,"[True, True, True, True, True, True, True, True, True, True, True, True, True, True, True, True, True, True, True, True, True, True, True, True, True, True, True, False, True, False, False, False, False, False, True, False, False, False, True, True]"
27,0.9999983611736105,"[True, True, True, True, True, True, True, True, True, True, True, True, True, True, True, True, True, True, True, True, True, True, False, True, False, True, False, False, False, False, False, False, False, False, True, False, False, False, False, False]"
27,0.9999995532653873,"[True, True, True, True, True, True, True, True, True, True, True, True, True, True, True, True, True, True, True, True, True, True, True, True, False, True, False, False, False, False, False, False, False, False, True, False, False, False, False, False]"
27,0.2587042996490636,"[True, True, False, True, True, True, True, True, True, False, False, True, True, True, True, True, True, True, True, True, True, True, True, True, False, False, True, True, False, True, False, False, False, False, True, True, False, False, True, False]"
27,0.9975608284595525,"[True, True, True, True, True, True, True, True, True, True, True, False, True, True, True, True, True, True, True, True, True, True, True, True, False, True, False, False, False, False, False, False, False, False, True, False, False, False, False, False]"
27,0.9901255682484724,"[True, True, True, True, True, True, True, True, True, False, True, True, True, True, True, False, True, True, True, True, True, True, True, True, False, True, True, False, False, False, False, False, False, False, True, False, False, False, False, True]"
step,fitness,genome
28,0.9999833063592501,"[True, True, True, True, True, True, True, True, True, True, True, True, True, True, True, True, True, True, True, False, False, False, True, True, True, True, True, True, True, True, True, False, False, False, False, True, False, True, False, False]"
28,0.9999983617556862,"[True, True, True, True, True, True, True, True, True, True, True, True, True, True, True, True, True, True, True, True, True, True, False, True, False, True, False, False, False, False, False, False, False, True, True, False, False, False, False, False]"
28,0.9999996464067061,"[True, True, True, True, True, True, True, True, True, True, True, True, True, True, True, True, True, True, True, True, True, True, True, True, False, True, True, False, True, False, False, False, False, False, True, False, False, False, False, True]"
28,0.999693376719008,"[True, True, True, True, True, True, True, True, True, True, True, True, True, True, False, True, True, True, True, True, True, True, False, True, True, False, False, False, False, False, False, False, False, False, True, False, False, False, False, False]"
28,0.9234278440145239,"[True, True, True, True, True, True, False, True, True, True, True, True, False, True, True, True, True, True, True, True, True, True, True, True, False, True, False, False, False, False, False, False, False, False, True, False, False, False, False, False]"
28,0.9999804799777203,"[True, True, True, True, True, True, True, True, True, True, True, True, True, True, True, True, True, True, False, True, True, True, True, True, False, True, False, False, False, False, False, False, False, False, True, False, False, False, True, True]"
28,0.9999983611736105,"[True, True, True, True, True, True, True, True, True, True, True, True, True, True, True, True, True, True, True, True, True, True, False, True, False, True, False, False, False, False, False, False, False, False, True, False, False, False, False, False]"
28,0.9999996464067061,"[True, True, True, True, True, True, True, True, True, True, True, True, True, True, True, True, True, True, True, True, True, True, True, True, False, True, True, False, True, False, False, False, False, False, True, False, False, False, False, True]"
28,0.9999983891223418,"[True, True, True, True, True, True, True, True, True, True, True, True, True, True, True, True, True, True, True, True, True, True, False, True, False, True, False, False, True, True, False, False, False, False, True, False, False, False, False, True]"
28,0.8542574214240952,"[True, True, True, True, True, False, True, True, True, True, True, True, True, True, True, True, True, False, True, True, True, True, True, True, False, True, True, False, False, False, False, False, False, False, True, False, False, False, False, False]"
28,0.9999999444480651,"[True, True, True, True, True, True, True, True, True, True, True, True, True, True, True, True, True, True, True, True, True, True, True, True, True, True, True, False, True, False, False, False, False, False, True, False, False, False, True, True]"
28,0.9996945126468518,"[True, True, True, True, True, True, True, True, True, True, True, True, True, True, False, True, True, True, True, True, True, True, True, True, False, True, True, False, True, False, False, False, False, False, True, False, False, False, True, True]"
28,0.9999900033430507,"[True, True, True, True, True, True, True, True, True, True, True, True, True, True, True, True, True, True, True, False, True, True, True, True, False, False, True, True, True, False, True, False, False, True, True, True, False, False, True, False]"
28,0.9987794938009467,"[True, True, True, True, True, True, True, True, True, True, True, True, False, True, True, True, True, True, True, True, True, True, True, True, False, False, True, True, False, True, False, False, False, True, True, True, False, False, True, False]"
28,0.998779650925272,"[True, True, True, True, True, True, True, True, True, True, True, True, False, True, True, True, True, True, True, True, True, True, True, True, False, True, True, True, True, False, False, False, False, False, False, False, False, False, False, True]"
28,0.9999995532653873,"[True, True, True, True, True, True, True, True, True, True, True, True, True, True, True, True, True, True, True, True, True, True, True, True, False, True, False, False, False, False, False, False, False, False, True, False, False, False, False, False]"
28,0.9999995532653873,"[True, True, True, True, True, True, True, True, True, True, True, True, True, True, True, True, True, True, True, True, True, True, True, True, False, True, False, False, False, False, False, False, False, False, True, False, False, False, False, False]"
28,0.9242714989354583,"[True, True, True, True, True, True, False, True, True, True, True, True, True, True, False, True, True, True, True, False, True, True, True, True, False, True, False, False, False, False, False, False, False, False, True, False, False, False, False, False]"
28,0.05631276201675987,"[True, False, True, True, True, True, True, True, True, True, True, True, True, True, True, True, True, True, True, False, True, True, True, True, False, False, True, False, True, True, True, False, False, True, True, True, False, False, True, False]"
28,0.9999999444298752,"[True, True, True, True, True, True, True, True, True, True, True, True, True, True, True, True, True, True, True, True, True, True, True, True, True, True, True, False, True, False, False, False, False, False, True, False, False, False, False, True]"
28,0.524460277239657,"[True, True, True, False, True, True, True, True, True, True, True, True, True, True, True, True, True, True, True, True, True, True, True, True, False, True, True, False, True, False, False, False, False, False, True, False, False, False, False, True]"
28,0.9999999258216146,"[True, True, True, True, True, True, True, True, True, True, True, True, True, True, True, True, True, True, True, True, True, True, True, True, True, True, True, False, False, False, False, False, False, False, True, False, False, False, True, True]"
28,0.9999998512885313,"[True, True, True, True, True, True, True, True, True, True, True, True, True, True, True, True, True, True, True, True, True, True, True, True, True, True, False, False, False, False, False, False, False, False, True, False, False, False, False, False]"
28,0.9999900165942692,"[True, True, True, True, True, True, True, True, True, True, True, True, True, True, True, True, True, True, True, False, True, True, True, True, False, True, False, False, False, False, False, False, False, False, True, False, False, False, True, True]"
28,0.9999518666903436,"[True, True, True, True, True, True, True, True, True, True, True, True, True, True, True, True, True, False, True, False, True, True, True, True, False, False, True, True, True, True, True, False, False, True, True, True, False, False, True, True]"
step,fitness,genome
29,0.99999836124637,"[True, True, True, True, True, True, True, True, True, True, True, True, True, True, True, True, True, True, True, True, True, True, False, True, False, True, False, False, False, False, False, False, False, False, True, False, True, False, False, False]"
29,0.9999999444480651,"[True, True, True, True, True, True, True, True, True, True, True, True, True, True, True, True, True, True, True, True, True, True, True, True, True, True, True, False, True, False, False, False, False, False, True, False, False, False, True, True]"
29,0.9999999444298752,"[True, True, True, True, True, True, True, True, True, True, True, True, True, True, True, True, True, True, True, True, True, True, True, True, True, True, True, False, True, False, False, False, False, False, True, False, False, False, False, True]"
29,0.9999999444480651,"[True, True, True, True, True, True, True, True, True, True, True, True, True, True, True, True, True, True, True, True, True, True, True, True, True, True, True, False, True, False, False, False, False, False, True, False, False, False, True, True]"
29,0.7279754850407992,"[True, True, True, True, False, True, True, True, True, True, True, True, True, True, True, True, True, True, True, True, True, True, True, False, True, False, False, False, False, False, False, False, False, False, True, False, False, False, False, False]"
29,0.9999808711263987,"[True, True, True, True, True, True, True, True, True, True, True, True, True, True, True, True, True, True, False, True, True, True, True, True, True, True, True, False, True, False, False, False, False, False, True, False, False, False, True, True]"
29,0.9999999537431005,"[True, True, True, True, True, True, True, True, True, True, True, True, True, True, True, True, True, True, True, True, True, True, True, True, True, True, True, False, True, True, False, False, False, False, True, False, False, False, False, True]"
29,0.9999876324324583,"[True, True, True, True, True, True, True, True, True, True, True, True, True, True, True, True, True, True, True, False, True, False, True, True, False, True, False, False, False, False, False, False, False, False, True, False, False, False, True, True]"
29,0.2630295967298393,"[True, True, False, True, True, True, True, True, True, True, True, True, True, True, True, False, True, True, True, True, True, True, True, True, False, True, True, False, True, False, False, False, False, False, True, False, False, False, False, True]"
29,0.9999518666903436,"[True, True, True, True, True, True, True, True, True, True, True, True, True, True, True, True, True, False, True, False, True, True, True, True, False, False, True, True, True, True, True, False, False, True, True, True, False, False, True, True]"
29,0.9890677543397339,"[True, True, True, True, True, True, True, True, True, False, True, True, False, True, True, True, True, True, True, True, True, True, True, True, True, True, True, False, False, False, False, False, False, False, True, False, False, False, True, True]"
29,0.9999996464067061,"[True, True, True, True, True, True, True, True, True, True, True, True, True, True, True, True, True, True, True, True, True, True, True, True, False, True, True, False, True, False, False, False, False, False, True, False, False, False, False, True]"
29,0.9999804799686256,"[True, True, True, True, True, True, True, True, True, True, True, True, True, True, True, True, True, True, False, True, True, True, True, True, False, True, False, False, False, False, False, False, False, False, True, False, False, False, True, False]"
29,0.0009765437288223303,"[False, True, True, True, True, True, True, True, True, True, True, True, True, True, True, True, True, True, True, False, True, True, True, True, True, True, True, False, False, False, False, False, False, False, True, False, False, False, True, True]"
29,0.9987796520881466,"[True, True, True, True, True, True, True, True, True, True, True, True, False, True, True, True, True, True, True, True, True, True, True, True, False, True, True, True, True, False, False, False, True, False, False, False, False, False, False, True]"
29,0.9999951760687633,"[True, True, True, True, True, True, True, True, True, True, True, True, True, True, True, True, True, True, True, True, False, True, True, True, True, True, True, False, True, False, False, False, False, False, True, False, False, False, False, True]"
29,0.9806394657461763,"[True, True, True, True, True, True, True, True, False, True, True, True, True, True, True, True, True, True, True, True, True, True, True, True, True, True, True, False, True, False, False, False, False, False, True, False, False, False, False, False]"
29,0.9998473670238337,"[True, True, True, True, True, True, True, True, True, True, True, True, True, True, True, False, True, True, True, True, True, True, True, True, True, True, True, False, True, False, False, False, False, False, True, False, False, False, False, True]"
29,0.9999996277802607,"[True, True, True, True, True, True, True, True, True, True, True, True, True, True, True, True, True, True, True, True, True, True, True, True, False, True, True, False, False, False, False, False, False, False, True, False, False, False, False, True]"
29,0.9999900033430507,"[True, True, True, True, True, True, True, True, True, True, True, True, True, True, True, True, True, True, True, False, True, True, True, True, False, False, True, True, True, False, True, False, False, True, True, True, False, False, True, False]"
29,0.9902771236926716,"[True, True, True, True, True, True, True, True, True, False, True, True, True, True, True, True, True, True, True, True, True, True, True, True, True, True, True, False, True, False, False, False, False, False, True, False, False, False, False, True]"
29,0.9999999444480651,"[True, True, True, True, True, True, True, True, True, True, True, True, True, True, True, True, True, True, True, True, True, True, True, True, True, True, True, False, True, False, False, False, False, False, True, False, False, False, True, True]"
29,0.8542904620648034,"[True, True, True, True, True, False, True, True, True, True, True, True, True, True, True, True, True, True, True, True, True, True, True, True, False, True, False, False, False, False, False, False, False, False, True, False, False, False, False, False]"
29,0.9951179627592355,"[True, True, True, True, True, True, True, True, True, True, False, True, True, True, True, True, True, True, True, False, True, True, True, True, False, True, False, False, False, False, False, False, False, False, True, False, False, False, True, True]"
29,0.8458530932582674,"[True, True, True, True, True, False, True, True, True, False, True, True, True, True, True, True, True, True, True, True, True, True, True, True, False, True, False, False, False, False, False, False, False, False, True, False, False, False, False, False]"
