step,fitness,genome
0,0.33156923779316855,"[True, True, True, False, False, True, False, True, False, False, True, True, True, True, True, False, False, True, True, False, False, False, True, False, False, True, True, False, False, True, False, True, True, True, True, False, False, True, False, True]"
0,0.0021292067347097503,"[True, False, False, False, True, False, True, False, False, True, True, False, False, False, False, False, False, True, False, True, False, True, False, True, True, True, True, False, True, False, True, False, True, False, True, False, False, True, False, False]"
0,0.04350730078998342,"[True, False, True, True, True, False, True, True, False, False, False, True, True, True, False, False, False, False, False, True, False, False, False, True, True, True, False, True, False, False, True, False, True, True, False, False, False, False, False, True]"
0,0.0767319553796028,"[True, True, False, False, False, True, True, False, False, False, False, False, True, False, False, False, False, True, True, True, False, False, True, True, False, True, True, True, False, False, False, True, False, False, False, True, True, False, True, True]"
0,0.00649493765410781,"[True, False, False, True, True, False, True, False, True, False, True, True, False, False, True, True, True, True, False, True, True, False, True, False, False, False, False, True, True, True, True, True, False, False, False, True, False, False, False, True]"
0,0.029063804925418987,"[True, False, True, True, False, False, True, True, True, False, True, True, False, True, True, False, False, False, False, True, False, False, True, True, False, False, False, False, True, True, False, True, False, False, True, False, True, True, True, True]"
0,0.8637722809126411,"[True, True, True, True, True, True, False, False, False, True, False, False, False, True, True, True, False, False, True, True, True, True, True, False, True, False, False, False, False, False, True, False, True, False, False, False, False, False, True, False]"
0,0.01076636926744154,"[True, False, True, False, False, False, True, False, True, False, True, True, True, False, False, False, True, True, True, False, False, True, False, False, False, False, True, True, False, False, False, False, True, True, False, False, True, False, False, False]"
0,0.010745711004777973,"[True, False, True, False, False, False, True, False, True, False, True, True, False, False, False, False, True, True, True, False, False, True, False, False, False, False, True, True, False, True, False, False, True, True, False, False, True, False, True, False]"
0,0.0345534510854455,"[True, False, True, True, False, True, True, False, True, True, False, True, True, False, False, False, True, True, True, True, True, False, False, False, False, False, False, False, False, False, True, False, False, True, False, False, True, True, False, True]"
0,0.013597086764160032,"[True, False, True, False, False, True, True, False, True, False, False, True, False, False, False, False, True, False, True, True, True, False, False, False, False, False, False, False, False, True, True, False, False, True, False, False, True, False, True, True]"
0,0.027890537747190955,"[True, False, True, True, False, False, True, False, True, True, True, True, True, False, False, False, True, True, True, False, False, True, False, False, False, False, True, True, False, False, False, False, True, True, False, False, True, True, False, False]"
0,0.07940785600101988,"[True, True, False, False, False, True, True, False, True, False, True, True, False, True, True, False, True, False, False, False, True, False, False, False, False, False, True, False, False, False, True, True, False, False, True, True, False, False, False, False]"
0,0.004052980201894076,"[True, False, False, True, False, False, True, True, True, False, False, True, False, False, True, True, True, False, False, True, True, False, True, False, False, False, False, True, True, True, True, True, False, False, True, True, False, False, False, True]"
0,0.02654227400819311,"[True, False, True, True, False, False, True, False, False, False, False, True, False, True, True, False, False, True, True, False, True, True, True, True, True, False, False, False, True, True, True, True, False, False, True, True, False, True, False, True]"
0,0.07770597379405422,"[True, True, False, False, False, True, True, False, False, True, False, False, True, False, False, False, False, True, True, True, False, False, False, False, False, True, True, True, False, False, False, True, False, False, False, True, True, False, True, True]"
0,0.04350730079323172,"[True, False, True, True, True, False, True, True, False, False, False, True, True, True, False, False, False, False, False, True, False, False, False, True, True, True, False, True, False, False, True, False, True, True, False, False, False, True, True, True]"
0,0.042591939761029964,"[True, False, True, True, True, False, True, False, True, False, True, True, False, True, True, False, False, True, False, True, False, False, True, True, False, False, False, False, True, True, False, True, False, False, False, False, True, True, True, True]"
0,0.0961388202255984,"[True, True, False, False, True, False, True, False, True, False, False, False, True, True, False, False, True, False, False, False, False, False, True, True, False, True, False, True, False, True, True, True, False, False, True, False, True, True, False, False]"
0,0.033768570264162856,"[True, False, True, True, False, True, True, False, False, True, True, False, True, True, False, True, True, False, False, False, True, False, True, False, False, False, True, False, False, False, True, False, False, False, True, True, True, False, False, False]"
0,0.06438151922474918,"[True, True, False, False, False, False, True, False, True, False, False, True, False, True, True, False, True, False, False, False, True, False, False, False, False, False, True, False, False, False, True, True, False, False, True, True, False, False, False, False]"
0,0.006782129765199107,"[True, False, False, True, True, False, True, True, False, True, False, True, True, True, True, True, True, False, False, True, False, True, False, False, True, True, True, False, True, True, False, False, True, False, True, True, False, True, False, False]"
0,0.09599059658886855,"[True, True, False, False, True, False, True, False, True, False, False, False, False, True, False, False, True, False, False, False, False, False, True, True, False, True, False, True, False, True, True, True, False, False, True, False, True, True, False, False]"
0,0.02810542296661422,"[True, False, True, True, False, False, True, True, False, False, False, True, True, True, False, False, False, False, False, True, False, False, False, True, True, True, False, True, False, False, True, False, True, True, False, False, False, False, True, True]"
0,0.06834186007296122,"[True, True, False, False, False, False, True, True, True, True, False, False, False, False, False, False, True, True, False, False, True, False, True, True, False, False, False, False, True, True, True, False, False, False, True, True, True, False, False, False]"
0,5.782018431965303e-09,"[False, False, True, False, False, True, True, False, False, True, True, False, True, False, False, True, False, False, False, False, True, False, True, False, True, False, True, False, True, False, False, False, False, False, True, True, True, False, False, False]"
0,0.09838703256605874,"[True, True, False, False, True, False, True, True, False, False, False, False, False, True, False, False, True, False, False, False, False, False, True, True, False, True, False, True, False, True, True, False, False, False, True, True, False, True, False, True]"
0,0.03467092996011609,"[True, False, True, True, False, True, True, False, True, True, True, False, True, False, False, False, True, True, False, True, True, False, True, True, True, True, True, True, False, False, False, True, False, True, False, False, True, True, False, False]"
0,0.0387642415410255,"[True, False, True, True, True, False, False, False, True, True, True, True, False, True, True, False, False, True, False, True, False, True, False, True, True, True, False, True, True, True, False, True, True, False, False, False, False, True, True, False]"
0,0.25195084157663583,"[True, True, False, True, True, True, True, True, False, False, False, False, True, False, False, False, True, True, False, False, False, True, False, False, False, False, True, False, False, True, True, True, True, False, True, False, True, True, False, True]"
0,0.28105964784812876,"[True, True, True, False, False, False, False, True, False, True, True, True, True, True, False, False, False, True, True, True, False, False, True, False, False, True, True, False, True, False, False, False, True, True, False, False, False, True, False, True]"
0,0.0767612856142965,"[True, True, False, False, False, True, True, False, False, False, False, False, True, False, True, False, False, True, True, False, False, False, True, True, False, True, True, True, False, False, False, True, False, False, True, True, True, False, True, True]"
0,0.005839575621071528,"[True, False, False, True, True, False, False, True, False, False, False, True, False, False, False, False, True, True, False, True, False, True, True, False, True, False, False, True, True, True, False, False, True, True, True, False, True, True, True, False]"
0,0.07504957815908059,"[True, True, False, False, False, True, False, True, True, False, False, True, True, False, False, False, False, False, True, False, True, True, True, True, False, True, False, True, False, True, False, False, True, True, False, False, False, True, True, False]"
0,0.0387642415410255,"[True, False, True, True, True, False, False, False, True, True, True, True, False, True, True, False, False, True, False, True, False, True, False, True, True, True, False, True, True, True, False, True, True, False, False, False, False, True, True, False]"
0,0.03455756824005943,"[True, False, True, True, False, True, True, False, True, True, False, True, True, False, False, True, True, False, False, False, False, True, True, False, True, True, False, False, True, False, False, False, True, False, True, False, False, True, False, True]"
0,0.00024215420816638854,"[False, True, True, False, True, True, True, True, False, True, False, True, False, True, True, False, True, True, True, False, False, True, True, True, True, True, False, False, True, True, False, True, True, True, False, False, True, True, False, False]"
0,0.02892196254455215,"[True, False, True, True, False, False, True, True, True, False, False, True, True, True, True, True, True, False, False, True, False, False, True, False, False, True, True, True, True, True, True, False, True, True, True, True, False, False, False, False]"
0,0.2969570216057382,"[True, True, True, False, False, False, True, False, True, False, True, True, True, False, True, False, True, True, True, False, True, True, False, False, True, True, False, True, False, False, False, False, True, True, False, False, True, False, False, False]"
0,0.013247802288678525,"[True, False, True, False, False, True, True, False, False, False, True, False, False, False, False, True, True, True, True, False, False, True, False, True, False, False, True, True, False, True, True, True, True, True, True, False, False, False, True, False]"
0,0.03448989383599173,"[True, False, True, True, False, True, True, False, True, True, False, True, False, False, False, False, False, True, False, True, True, False, True, False, False, False, False, False, False, True, True, False, False, True, False, False, False, True, True, True]"
0,0.6731221867678036,"[True, True, True, True, False, True, True, False, False, False, False, True, False, False, False, False, True, False, False, True, False, False, False, True, True, False, True, True, False, False, False, True, True, False, True, True, True, True, False, True]"
0,0.7450861199154761,"[True, True, True, True, True, False, False, False, True, False, False, True, False, False, True, True, True, False, True, False, True, False, False, True, True, True, True, False, False, True, True, True, False, True, False, True, False, True, True, True]"
0,0.0004445490139139342,"[False, True, True, True, False, True, True, False, False, True, False, True, False, False, False, False, False, False, False, True, False, True, True, True, False, False, True, True, False, False, False, True, True, False, True, True, False, True, False, True]"
0,0.04257356406700866,"[True, False, True, True, True, False, True, False, True, False, True, True, False, True, False, False, False, True, False, False, False, False, True, True, False, False, False, False, False, True, True, True, False, False, False, False, False, True, True, True]"
0,0.043525469792882104,"[True, False, True, True, True, False, True, True, False, False, False, True, True, True, True, False, False, False, False, True, False, False, False, True, True, True, False, True, False, False, False, False, True, True, False, False, True, False, True, True]"
0,0.13194010442931964,"[True, True, False, True, False, False, False, True, False, False, False, True, False, False, False, False, False, False, True, False, True, True, True, True, True, False, False, True, False, True, False, False, True, True, False, False, False, True, True, False]"
0,0.34475329066044114,"[True, True, True, False, False, True, True, False, False, False, True, False, False, False, True, True, True, False, True, False, True, False, False, True, True, True, False, True, False, True, True, True, True, True, True, False, False, False, True, False]"
0,0.03563043512848109,"[True, False, True, True, False, True, True, True, False, True, True, False, True, False, False, False, True, True, False, True, True, False, True, True, True, True, True, True, False, False, False, False, False, True, False, True, True, True, False, True]"
0,0.0793703014673117,"[True, True, False, False, False, True, True, False, True, False, True, True, False, True, False, False, False, False, True, False, False, False, False, False, False, False, False, True, True, True, False, True, False, False, False, False, True, True, True, True]"
step,fitness,genome
1,0.028937704123754144,"[True, False, True, True, False, False, True, True, True, False, True, False, False, False, True, False, False, False, False, True, False, False, True, True, False, False, False, False, True, True, False, True, False, False, True, False, True, True, True, True]"
1,0.0348193026237693,"[True, False, True, True, False, True, True, False, True, True, True, True, True, True, False, False, True, True, False, True, True, False, True, True, True, True, True, True, False, False, False, True, False, True, False, False, True, True, False, False]"
1,0.22759567166454328,"[True, True, False, True, True, True, False, False, True, True, False, False, False, True, True, True, False, False, True, True, True, True, True, False, False, False, False, False, False, False, True, False, True, False, False, True, False, False, True, False]"
1,0.2886279590662353,"[True, True, True, False, False, False, True, False, False, False, False, True, False, True, True, False, False, False, False, False, True, False, False, False, True, False, True, True, False, False, True, True, False, False, True, False, False, False, False, False]"
1,0.25195084157663583,"[True, True, False, True, True, True, True, True, False, False, False, False, True, False, False, False, True, True, False, False, False, True, False, False, False, False, True, False, False, True, True, True, True, False, True, False, True, True, False, True]"
1,0.13194009841066734,"[True, True, False, True, False, False, False, True, False, False, False, True, False, False, False, False, False, False, True, False, True, True, True, True, True, False, False, False, False, True, False, False, True, True, False, False, False, True, True, False]"
1,0.07504957815908059,"[True, True, False, False, False, True, False, True, True, False, False, True, True, False, False, False, False, False, True, False, True, True, True, True, False, True, False, True, False, True, False, False, True, True, False, False, False, True, True, False]"
1,0.3447532907162467,"[True, True, True, False, False, True, True, False, False, False, True, False, False, False, True, True, True, False, True, False, True, False, False, True, True, True, False, True, False, True, True, True, True, True, True, True, False, False, True, False]"
1,0.0767319553796028,"[True, True, False, False, False, True, True, False, False, False, False, False, True, False, False, False, False, True, True, True, False, False, True, True, False, True, True, True, False, False, False, True, False, False, False, True, True, False, True, True]"
1,0.2810611716394884,"[True, True, True, False, False, False, False, True, False, True, True, True, True, True, False, False, False, True, True, True, True, False, True, False, False, True, True, False, True, False, True, True, True, True, False, False, False, True, False, True]"
1,0.036220742888318974,"[True, False, True, True, False, True, True, True, True, False, True, True, False, True, True, False, False, False, False, True, False, False, True, True, False, False, False, False, True, True, False, True, False, False, True, False, True, True, True, False]"
1,0.7361866452159939,"[True, True, True, True, True, False, False, False, False, True, False, False, False, True, True, True, False, False, True, True, True, True, True, False, True, False, False, False, False, False, True, False, True, False, False, False, False, False, True, True]"
1,0.34475329066044114,"[True, True, True, False, False, True, True, False, False, False, True, False, False, False, True, True, True, False, True, False, True, False, False, True, True, True, False, True, False, True, True, True, True, True, True, False, False, False, True, False]"
1,0.34475329066044114,"[True, True, True, False, False, True, True, False, False, False, True, False, False, False, True, True, True, False, True, False, True, False, False, True, True, True, False, True, False, True, True, True, True, True, True, False, False, False, True, False]"
1,0.2953111785847992,"[True, True, True, False, False, False, True, False, True, False, False, True, True, False, True, False, True, False, True, False, True, True, False, False, True, True, False, True, False, False, False, False, True, True, False, False, True, False, False, False]"
1,0.0989992516680015,"[True, True, False, False, True, False, True, True, False, False, True, False, False, True, False, False, True, True, False, False, False, False, True, True, False, True, False, True, False, True, True, False, False, False, True, True, False, True, False, True]"
1,0.0633755703236914,"[True, True, False, False, False, False, True, False, False, True, False, False, True, False, False, False, False, False, True, False, False, True, False, True, False, False, False, True, False, False, False, True, False, False, False, True, True, True, True, True]"
1,0.6462524344760868,"[True, True, True, True, False, True, False, True, False, False, False, True, False, False, False, False, False, True, True, True, True, False, True, False, True, True, True, True, False, True, False, False, True, True, False, False, False, False, True, False]"
1,0.7450861199154761,"[True, True, True, True, True, False, False, False, True, False, False, True, False, False, True, True, True, False, True, False, True, False, False, True, True, True, True, False, False, True, True, True, False, True, False, True, False, True, True, True]"
1,0.8637722810401909,"[True, True, True, True, True, True, False, False, False, True, False, False, False, True, True, True, False, False, True, True, True, True, True, False, True, False, False, False, False, False, True, False, True, False, False, True, False, False, True, False]"
1,0.7432148581209664,"[True, True, True, True, True, False, False, False, True, False, False, False, False, False, True, True, True, False, True, False, True, False, False, True, True, True, True, False, False, True, True, True, False, True, False, True, False, True, True, True]"
1,0.0961388202255984,"[True, True, False, False, True, False, True, False, True, False, False, False, True, True, False, False, True, False, False, False, False, False, True, True, False, True, False, True, False, True, True, True, False, False, True, False, True, True, False, False]"
1,0.0870568074497733,"[True, True, False, False, True, False, False, False, True, False, False, False, True, True, False, False, True, False, False, False, False, False, True, True, False, True, False, True, False, True, True, True, False, False, True, False, True, True, False, False]"
1,0.03467092996011609,"[True, False, True, True, False, True, True, False, True, True, True, False, True, False, False, False, True, True, False, True, True, False, True, True, True, True, True, True, False, False, False, True, False, True, False, False, True, True, False, False]"
1,0.6731221867678036,"[True, True, True, True, False, True, True, False, False, False, False, True, False, False, False, False, True, False, False, True, False, False, False, True, True, False, True, True, False, False, False, True, True, False, True, True, True, True, False, True]"
1,0.13194010442931964,"[True, True, False, True, False, False, False, True, False, False, False, True, False, False, False, False, False, False, True, False, True, True, True, True, True, False, False, True, False, True, False, False, True, True, False, False, False, True, True, False]"
1,0.11405588257336809,"[True, True, False, False, True, True, True, False, False, False, False, False, True, False, True, False, False, True, False, False, False, False, True, True, False, True, True, True, False, False, False, True, False, False, True, True, True, False, False, True]"
1,0.09606699869968285,"[True, True, False, False, True, False, True, False, True, False, False, False, True, False, False, False, True, False, True, False, False, False, True, True, False, True, False, True, False, True, True, True, False, False, True, False, True, True, True, False]"
1,0.09599088588758457,"[True, True, False, False, True, False, True, False, True, False, False, False, False, True, False, False, True, False, False, False, False, True, True, True, False, True, False, True, False, True, True, True, False, False, True, False, True, True, False, False]"
1,0.0961388202255984,"[True, True, False, False, True, False, True, False, True, False, False, False, True, True, False, False, True, False, False, False, False, False, True, True, False, True, False, True, False, True, True, True, False, False, True, False, True, True, False, False]"
1,0.2969570216057382,"[True, True, True, False, False, False, True, False, True, False, True, True, True, False, True, False, True, True, True, False, True, True, False, False, True, True, False, True, False, False, False, False, True, True, False, False, True, False, False, False]"
1,0.03874787152685582,"[True, False, True, True, True, False, False, False, True, True, True, True, False, True, False, False, False, True, False, True, False, True, False, True, True, True, False, True, True, True, True, True, True, False, False, False, False, True, True, False]"
1,0.8637722809126411,"[True, True, True, True, True, True, False, False, False, True, False, False, False, True, True, True, False, False, True, True, True, True, True, False, True, False, False, False, False, False, True, False, True, False, False, False, False, False, True, False]"
1,0.0767319553796028,"[True, True, False, False, False, True, True, False, False, False, False, False, True, False, False, False, False, True, True, True, False, False, True, True, False, True, True, True, False, False, False, True, False, False, False, True, True, False, True, True]"
1,0.2904729403837255,"[True, True, True, False, False, False, True, False, False, False, True, True, True, False, True, False, True, True, True, False, True, True, False, False, True, True, False, True, False, False, False, False, True, True, False, False, True, False, False, False]"
1,0.8637722809126411,"[True, True, True, True, True, True, False, False, False, True, False, False, False, True, True, True, False, False, True, True, True, True, True, False, True, False, False, False, False, False, True, False, True, False, False, False, False, False, True, False]"
1,0.15953081124833113,"[True, True, False, True, False, True, False, True, False, False, False, True, False, False, True, False, False, False, True, False, True, True, True, True, True, False, False, True, False, True, False, False, True, True, False, False, False, True, True, False]"
1,0.06276966457581723,"[True, True, False, False, False, False, True, False, False, False, False, True, True, False, False, False, False, True, True, False, False, False, True, True, False, True, True, True, False, False, False, True, False, False, True, True, True, False, True, True]"
1,0.0020897291455498094,"[True, False, False, False, True, False, True, False, False, False, False, True, True, True, True, False, False, False, False, True, True, False, False, True, True, True, False, True, False, False, True, True, True, False, False, False, False, True, True, True]"
1,0.7193652985350675,"[True, True, True, True, False, True, True, True, True, False, True, True, False, True, False, False, True, False, False, False, False, False, False, False, False, False, True, False, False, False, True, True, False, True, True, True, False, False, False, False]"
1,0.026882852835084216,"[True, False, True, True, False, False, True, False, False, True, False, True, False, False, False, False, True, False, False, True, True, False, False, True, True, False, True, True, False, False, False, True, False, False, False, True, True, True, True, True]"
1,0.9602662744394197,"[True, True, True, True, True, True, True, False, True, True, True, True, False, True, True, False, True, True, False, True, False, False, True, True, False, False, False, False, True, True, False, True, True, False, True, False, True, True, False, True]"
1,0.6731217497900568,"[True, True, True, True, False, True, True, False, False, False, False, True, False, False, False, False, True, False, False, True, False, False, False, False, True, False, True, False, False, True, False, True, True, False, True, True, True, True, False, True]"
1,0.034489923972836095,"[True, False, True, True, False, True, True, False, True, True, False, True, False, False, False, False, False, True, False, True, True, False, True, True, False, False, False, True, False, False, True, False, False, True, False, False, False, True, True, True]"
1,0.6332565933740368,"[True, True, True, True, False, True, False, False, True, False, False, True, False, False, False, True, False, False, True, False, True, False, False, True, True, True, True, False, False, True, True, True, False, True, False, True, False, True, True, True]"
1,0.09692247840497104,"[True, True, False, False, True, False, True, False, True, False, True, True, False, True, True, False, True, False, True, False, False, False, False, False, False, False, False, True, True, True, False, True, False, False, False, False, True, True, True, True]"
1,0.03876526488916307,"[True, False, True, True, True, False, False, False, True, True, True, True, False, True, True, False, False, True, True, True, False, True, False, True, True, True, False, True, True, True, False, True, True, False, False, False, False, True, True, False]"
1,0.6731221867678036,"[True, True, True, True, False, True, True, False, False, False, False, True, False, False, False, False, True, False, False, True, False, False, False, True, True, False, True, True, False, False, False, True, True, False, True, True, True, True, False, True]"
1,0.34851670089463144,"[True, True, True, False, False, True, True, False, False, True, True, False, False, False, True, True, True, False, True, False, True, False, False, True, True, True, False, True, False, True, True, True, True, True, True, False, False, False, True, False]"
1,0.34475329066044114,"[True, True, True, False, False, True, True, False, False, False, True, False, False, False, True, True, True, False, True, False, True, False, False, True, True, True, False, True, False, True, True, True, True, True, True, False, False, False, True, False]"
step,fitness,genome
2,0.7361866452159939,"[True, True, True, True, True, False, False, False, False, True, False, False, False, True, True, True, False, False, True, True, True, True, True, False, True, False, False, False, False, False, True, False, True, False, False, False, False, False, True, True]"
2,0.3485176241925319,"[True, True, True, False, False, True, True, False, False, True, True, False, False, False, True, True, True, False, True, False, True, True, False, True, True, True, False, True, False, True, True, True, True, True, True, False, False, False, True, False]"
2,0.6731217497900568,"[True, True, True, True, False, True, True, False, False, False, False, True, False, False, False, False, True, False, False, True, False, False, False, False, True, False, True, False, False, True, False, True, True, False, True, True, True, True, False, True]"
2,0.8637722810401909,"[True, True, True, True, True, True, False, False, False, True, False, False, False, True, True, True, False, False, True, True, True, True, True, False, True, False, False, False, False, False, True, False, True, False, False, True, False, False, True, False]"
2,0.34475329066044114,"[True, True, True, False, False, True, True, False, False, False, True, False, False, False, True, True, True, False, True, False, True, False, False, True, True, True, False, True, False, True, True, True, True, True, True, False, False, False, True, False]"
2,0.34851670089463144,"[True, True, True, False, False, True, True, False, False, True, True, False, False, False, True, True, True, False, True, False, True, False, False, True, True, True, False, True, False, True, True, True, True, True, True, False, False, False, True, False]"
2,0.049606491992250104,"[True, False, True, True, True, True, False, True, True, False, False, True, False, True, False, False, True, False, True, False, False, False, False, False, False, False, False, False, False, False, True, True, False, True, True, True, False, False, False, False]"
2,0.6824264557746343,"[True, True, True, True, False, True, True, False, False, True, True, False, False, True, True, True, False, False, False, True, True, False, True, False, True, False, True, False, False, False, True, False, True, False, False, True, False, False, True, False]"
2,0.3851216591015507,"[True, True, True, False, True, False, False, False, True, False, True, True, False, False, True, True, True, False, True, False, True, False, False, True, True, True, False, False, False, False, True, True, False, True, False, True, False, False, True, True]"
2,0.5842530779349522,"[True, True, True, True, False, False, True, False, True, False, False, True, True, False, True, False, True, True, True, False, True, True, False, False, True, True, True, True, False, True, False, False, True, True, False, False, True, True, False, False]"
2,0.6112394343630134,"[True, True, True, True, False, False, True, True, True, False, True, True, False, True, False, False, False, False, False, False, False, False, False, False, False, False, True, False, False, False, True, False, False, True, True, True, False, False, False, False]"
2,0.15948694673808167,"[True, True, False, True, False, True, False, True, False, False, False, True, False, False, False, False, True, False, True, False, True, True, True, True, True, False, False, True, False, True, False, True, True, True, False, False, False, True, True, False]"
2,0.7361866421230836,"[True, True, True, True, True, False, False, False, False, True, False, False, False, True, True, True, False, False, True, True, True, True, True, False, True, False, False, False, False, False, False, False, True, True, False, False, False, False, True, True]"
2,0.6462524372267674,"[True, True, True, True, False, True, False, True, False, False, False, True, False, False, False, False, False, True, True, True, True, False, True, False, True, True, True, True, False, True, True, False, True, False, False, False, False, False, True, False]"
2,0.34475329066044114,"[True, True, True, False, False, True, True, False, False, False, True, False, False, False, True, True, True, False, True, False, True, False, False, True, True, True, False, True, False, True, True, True, True, True, True, False, False, False, True, False]"
2,0.35231704491733196,"[True, True, True, False, False, True, True, False, True, False, True, False, False, False, True, True, True, False, True, False, True, False, False, True, True, True, False, True, False, True, True, True, True, True, True, False, False, False, True, False]"
2,0.3447532621437837,"[True, True, True, False, False, True, True, False, False, False, True, False, False, False, True, True, True, False, True, False, True, False, False, True, True, False, True, True, False, True, True, True, True, True, True, True, False, False, True, False]"
2,0.6731222389442679,"[True, True, True, True, False, True, True, False, False, False, False, True, False, False, False, False, True, False, False, True, False, False, False, True, True, True, False, True, False, False, False, True, True, False, True, True, True, True, False, True]"
2,0.0004997193615097072,"[False, True, True, True, False, True, True, True, True, False, True, True, False, True, False, False, True, False, False, False, False, False, False, False, False, False, True, False, False, True, True, True, False, True, True, True, False, False, False, False]"
2,0.3447532871446887,"[True, True, True, False, False, True, True, False, False, False, True, False, False, False, True, True, True, False, True, False, True, False, False, True, True, True, False, True, False, False, True, True, True, True, True, True, False, False, True, False]"
2,0.2953111785847992,"[True, True, True, False, False, False, True, False, True, False, False, True, True, False, True, False, True, False, True, False, True, True, False, False, True, True, False, True, False, False, False, False, True, True, False, False, True, False, False, False]"
2,0.7430980448202414,"[True, True, True, True, True, False, False, False, True, False, False, False, False, False, True, False, True, False, True, False, True, False, False, True, True, True, True, False, False, True, True, True, False, True, False, True, False, True, True, True]"
2,0.7432148581209664,"[True, True, True, True, True, False, False, False, True, False, False, False, False, False, True, True, True, False, True, False, True, False, False, True, True, True, True, False, False, True, True, True, False, True, False, True, False, True, True, True]"
2,0.9602662744394197,"[True, True, True, True, True, True, True, False, True, True, True, True, False, True, True, False, True, True, False, True, False, False, True, True, False, False, False, False, True, True, False, True, True, False, True, False, True, True, False, True]"
2,0.8637722809126411,"[True, True, True, True, True, True, False, False, False, True, False, False, False, True, True, True, False, False, True, True, True, True, True, False, True, False, False, False, False, False, True, False, True, False, False, False, False, False, True, False]"
2,0.8637722809126411,"[True, True, True, True, True, True, False, False, False, True, False, False, False, True, True, True, False, False, True, True, True, True, True, False, True, False, False, False, False, False, True, False, True, False, False, False, False, False, True, False]"
2,0.34851670089463144,"[True, True, True, False, False, True, True, False, False, True, True, False, False, False, True, True, True, False, True, False, True, False, False, True, True, True, False, True, False, True, True, True, True, True, True, False, False, False, True, False]"
2,0.7450861199154761,"[True, True, True, True, True, False, False, False, True, False, False, True, False, False, True, True, True, False, True, False, True, False, False, True, True, True, True, False, False, True, True, True, False, True, False, True, False, True, True, True]"
2,0.2886279590662353,"[True, True, True, False, False, False, True, False, False, False, False, True, False, True, True, False, False, False, False, False, True, False, False, False, True, False, True, True, False, False, True, True, False, False, True, False, False, False, False, False]"
2,0.7432148581209664,"[True, True, True, True, True, False, False, False, True, False, False, False, False, False, True, True, True, False, True, False, True, False, False, True, True, True, True, False, False, True, True, True, False, True, False, True, False, True, True, True]"
2,0.6733509633622009,"[True, True, True, True, False, True, True, False, False, False, False, True, False, False, True, False, True, False, True, True, False, True, False, True, True, False, True, True, False, False, False, True, True, False, True, True, True, True, False, True]"
2,0.37854250237028886,"[True, True, True, False, True, False, False, False, False, True, False, False, True, True, False, True, False, False, False, True, True, False, True, False, True, False, True, False, False, False, True, False, True, False, False, False, False, False, True, True]"
2,0.6203703091647083,"[True, True, True, True, False, True, False, False, False, False, False, True, False, False, False, False, True, False, False, True, False, False, True, True, True, False, True, True, False, False, False, True, True, False, True, True, True, True, False, True]"
2,0.8072529836134001,"[True, True, True, True, True, False, True, False, True, False, False, True, False, False, True, True, True, False, True, False, True, False, True, True, True, True, True, False, False, True, True, True, False, True, False, True, False, True, True, True]"
2,0.686938840871392,"[True, True, True, True, False, True, True, False, True, False, False, True, False, False, False, False, True, False, True, True, False, False, False, False, True, False, True, False, False, True, False, True, True, True, True, True, True, True, False, True]"
2,0.6204161580526972,"[True, True, True, True, False, True, False, False, False, False, False, True, False, False, False, True, False, False, False, False, True, False, False, True, True, True, True, False, False, True, True, True, False, False, False, True, False, True, True, True]"
2,0.2231256600286114,"[True, True, False, True, True, True, False, False, False, True, False, True, False, True, True, True, False, False, True, True, True, True, True, False, True, False, False, False, False, False, True, False, True, False, False, False, False, False, False, False]"
2,0.8637722809126411,"[True, True, True, True, True, True, False, False, False, True, False, False, False, True, True, True, False, False, True, True, True, True, True, False, True, False, False, False, False, False, True, False, True, False, False, False, False, False, True, False]"
2,0.13194009841066734,"[True, True, False, True, False, False, False, True, False, False, False, True, False, False, False, False, False, False, True, False, True, True, True, True, True, False, False, False, False, True, False, False, True, True, False, False, False, True, True, False]"
2,0.8637722809126411,"[True, True, True, True, True, True, False, False, False, True, False, False, False, True, True, True, False, False, True, True, True, True, True, False, True, False, False, False, False, False, True, False, True, False, False, False, False, False, True, False]"
2,0.026792375138220113,"[True, False, True, True, False, False, True, False, False, True, False, False, False, False, False, True, False, False, True, True, False, True, True, False, True, False, True, False, False, False, True, False, True, False, False, False, False, False, True, True]"
2,0.9289202594218677,"[True, True, True, True, True, True, True, False, False, False, False, True, True, True, True, False, True, False, False, True, False, False, False, False, True, False, False, False, False, True, False, True, False, False, True, True, True, True, False, True]"
2,0.8637720217157113,"[True, True, True, True, True, True, False, False, False, True, False, False, False, True, True, True, False, False, True, True, True, True, True, False, False, False, False, False, False, False, True, True, True, False, False, False, False, False, False, False]"
2,0.2519509270941116,"[True, True, False, True, True, True, True, True, False, False, False, False, True, False, False, False, True, True, False, False, False, True, False, False, True, False, True, False, False, True, True, False, True, False, True, False, True, True, True, True]"
2,0.2953111785847992,"[True, True, True, False, False, False, True, False, True, False, False, True, True, False, True, False, True, False, True, False, True, True, False, False, True, True, False, True, False, False, False, False, True, True, False, False, True, False, False, False]"
2,0.34288533586075,"[True, True, True, False, False, True, True, False, False, False, False, False, False, False, True, True, True, False, True, False, True, False, False, True, True, True, False, True, False, True, True, True, True, True, True, True, False, False, True, False]"
2,0.7361866452159939,"[True, True, True, True, True, False, False, False, False, True, False, False, False, True, True, True, False, False, True, True, True, True, True, False, True, False, False, False, False, False, True, False, True, False, False, False, False, False, True, True]"
2,0.3447533192329063,"[True, True, True, False, False, True, True, False, False, False, True, False, False, False, True, True, True, False, True, False, True, False, False, True, True, True, True, True, False, True, True, True, True, True, True, False, False, False, True, False]"
2,0.8552424792446457,"[True, True, True, True, True, True, False, False, False, False, False, False, False, True, True, True, False, False, True, False, True, True, True, False, True, True, False, False, False, False, True, False, True, False, False, False, False, False, True, False]"
2,0.3485203363928458,"[True, True, True, False, False, True, True, False, False, True, True, False, False, False, True, True, True, False, True, True, True, False, False, True, True, False, False, True, False, True, True, True, True, True, True, False, False, False, True, False]"
step,fitness,genome
3,0.8072529816931897,"[True, True, True, True, True, False, True, False, True, False, False, True, False, False, True, True, True, False, True, False, True, False, True, True, True, True, True, False, False, True, True, False, False, True, False, True, False, True, True, True]"
3,0.5842530779349522,"[True, True, True, True, False, False, True, False, True, False, False, True, True, False, True, False, True, True, True, False, True, True, False, False, True, True, True, True, False, True, False, False, True, True, False, False, True, True, False, False]"
3,0.7361867552352401,"[True, True, True, True, True, False, False, False, False, True, False, False, False, True, True, True, False, False, True, True, True, True, True, False, True, True, False, False, False, False, False, False, True, True, False, False, False, False, True, True]"
3,0.8563035216256109,"[True, True, True, True, True, True, False, False, False, False, False, False, True, True, True, True, False, False, True, False, True, True, True, False, True, True, False, False, False, False, True, False, True, False, False, False, False, False, True, False]"
3,0.5302262128814297,"[True, True, True, True, False, False, False, False, False, True, False, False, False, False, True, True, False, False, True, True, False, True, True, False, True, False, False, True, False, False, True, False, True, False, False, False, False, False, True, True]"
3,0.16725182509811926,"[True, True, False, True, False, True, True, False, False, False, False, True, False, True, False, False, True, False, False, True, True, False, False, True, True, True, False, False, False, False, False, True, True, False, True, True, True, True, False, True]"
3,0.8855118922468179,"[True, True, True, True, True, True, False, False, True, True, True, False, False, True, True, True, True, True, True, True, True, False, True, False, False, False, False, False, False, False, True, False, True, False, False, False, True, False, True, False]"
3,0.9345798807489237,"[True, True, True, True, True, True, True, False, False, True, False, False, False, True, True, False, False, False, False, True, False, True, True, True, True, False, False, False, True, True, False, True, False, False, True, False, False, True, False, True]"
3,0.863638544661254,"[True, True, True, True, True, True, False, False, False, True, False, False, False, True, True, False, False, False, True, True, True, True, True, False, True, False, False, False, False, False, True, False, True, False, False, False, False, False, True, False]"
3,0.8637722809126411,"[True, True, True, True, True, True, False, False, False, True, False, False, False, True, True, True, False, False, True, True, True, True, True, False, True, False, False, False, False, False, True, False, True, False, False, False, False, False, True, False]"
3,0.9602664186377328,"[True, True, True, True, True, True, True, False, True, True, True, True, False, True, True, False, True, True, False, True, False, False, True, True, False, True, False, False, True, True, False, True, True, True, True, False, True, False, False, True]"
3,0.3851215962303163,"[True, True, True, False, True, False, False, False, True, False, True, True, False, False, True, True, True, False, True, False, True, False, False, True, True, False, False, False, False, False, True, True, True, False, False, True, False, True, True, True]"
3,0.8194235600325382,"[True, True, True, True, True, False, True, False, True, True, True, True, False, False, True, True, True, False, True, True, True, False, True, True, True, True, True, False, False, True, True, True, True, True, False, True, False, True, True, True]"
3,0.9462267634353816,"[True, True, True, True, True, True, True, False, True, False, False, True, False, True, True, False, True, True, False, False, False, False, True, True, False, False, False, False, True, True, False, True, False, False, True, False, True, True, False, True]"
3,0.8637722809126411,"[True, True, True, True, True, True, False, False, False, True, False, False, False, True, True, True, False, False, True, True, True, True, True, False, True, False, False, False, False, False, True, False, True, False, False, False, False, False, True, False]"
3,0.8637722811677406,"[True, True, True, True, True, True, False, False, False, True, False, False, False, True, True, True, False, False, True, True, True, True, True, False, True, False, False, False, False, False, True, False, True, False, True, False, False, False, True, False]"
3,0.6113527260139905,"[True, True, True, True, False, False, True, True, True, False, True, True, False, True, False, True, False, False, True, False, True, False, False, False, False, False, True, False, False, False, True, False, False, True, True, False, False, False, False, False]"
3,0.8636343617502212,"[True, True, True, True, True, True, False, False, False, True, False, False, False, True, True, False, False, False, True, True, False, True, True, False, True, False, False, False, False, False, False, False, True, False, False, True, False, False, True, False]"
3,0.9277807924591618,"[True, True, True, True, True, True, True, False, False, False, False, True, False, True, True, False, True, False, False, True, False, True, False, False, True, False, False, False, False, True, False, True, False, False, True, True, True, True, False, True]"
3,0.8648407499867911,"[True, True, True, True, True, True, False, False, False, True, False, False, True, True, True, True, False, False, True, True, True, False, True, False, True, False, False, False, False, False, True, False, True, False, False, False, False, False, True, False]"
3,0.8637725441593455,"[True, True, True, True, True, True, False, False, False, True, False, False, False, True, True, True, False, False, True, True, True, True, True, True, False, False, False, False, False, False, True, True, True, False, False, False, False, False, False, False]"
3,0.8552424792446457,"[True, True, True, True, True, True, False, False, False, False, False, False, False, True, True, True, False, False, True, False, True, True, True, False, True, True, False, False, False, False, True, False, True, False, False, False, False, False, True, False]"
3,0.6235012377756226,"[True, True, True, True, False, True, False, False, False, False, True, True, False, False, False, False, False, False, False, False, True, False, False, True, True, True, True, False, False, True, True, True, False, False, False, True, False, True, False, True]"
3,0.6734578610920197,"[True, True, True, True, False, True, True, False, False, False, False, True, False, False, True, True, True, False, True, True, False, True, False, True, True, False, True, True, False, False, False, True, True, False, True, True, True, True, True, True]"
3,0.9289916628099778,"[True, True, True, True, True, True, True, False, False, False, False, True, True, True, True, True, False, False, False, True, False, False, False, False, True, False, False, False, False, True, True, True, True, False, True, True, True, True, False, True]"
3,0.22278965867687026,"[True, True, False, True, True, True, False, False, False, True, False, False, True, True, True, False, True, False, True, True, True, True, True, False, True, False, False, False, False, False, False, False, False, False, False, False, False, False, True, False]"
3,0.8637722809126411,"[True, True, True, True, True, True, False, False, False, True, False, False, False, True, True, True, False, False, True, True, True, True, True, False, True, False, False, False, False, False, True, False, True, False, False, False, False, False, True, False]"
3,0.8552424792446457,"[True, True, True, True, True, True, False, False, False, False, False, False, False, True, True, True, False, False, True, False, True, True, True, False, True, True, False, False, False, False, True, False, True, False, False, False, False, False, True, False]"
3,0.7398942407531384,"[True, True, True, True, True, False, False, False, False, True, True, False, False, True, True, True, False, False, True, False, True, True, True, False, True, False, False, False, False, False, True, False, True, False, False, False, False, False, True, True]"
3,0.37490597492663663,"[True, True, True, False, True, False, False, False, False, False, False, True, False, False, True, True, True, False, True, True, True, False, False, True, True, True, False, False, False, False, True, True, False, True, False, True, False, False, True, True]"
3,0.938103940723029,"[True, True, True, True, True, True, True, False, False, True, False, True, True, True, True, False, True, False, False, True, True, False, False, False, True, False, False, False, False, False, True, True, False, False, True, True, True, True, False, True]"
3,0.6755307435597214,"[True, True, True, True, False, True, True, False, False, False, True, False, False, True, True, True, False, False, False, True, False, False, True, False, True, False, True, False, False, True, False, False, True, False, False, True, False, False, True, False]"
3,0.7430980448202414,"[True, True, True, True, True, False, False, False, True, False, False, False, False, False, True, False, True, False, True, False, True, False, False, True, True, True, True, False, False, True, True, True, False, True, False, True, False, True, True, True]"
3,0.7450861199154761,"[True, True, True, True, True, False, False, False, True, False, False, True, False, False, True, True, True, False, True, False, True, False, False, True, True, True, True, False, False, True, True, True, False, True, False, True, False, True, True, True]"
3,0.046302325060500714,"[True, False, True, True, True, True, False, False, False, True, False, False, False, True, True, True, False, False, True, True, True, True, True, False, False, False, False, False, False, False, True, True, True, False, False, False, False, False, False, False]"
3,0.7450861127690985,"[True, True, True, True, True, False, False, False, True, False, False, True, False, False, True, True, True, False, True, False, True, False, False, True, True, True, True, False, False, False, True, True, False, True, False, True, False, True, True, True]"
3,0.9578782463013955,"[True, True, True, True, True, True, True, False, True, True, True, False, False, True, True, False, True, False, False, True, False, False, True, True, False, False, False, False, True, True, False, True, True, False, True, False, True, True, False, True]"
3,0.6731217497900568,"[True, True, True, True, False, True, True, False, False, False, False, True, False, False, False, False, True, False, False, True, False, False, False, False, True, False, True, False, False, True, False, True, True, False, True, True, True, True, False, True]"
3,0.9602662745797246,"[True, True, True, True, True, True, True, False, True, True, True, True, False, True, True, False, True, True, False, True, False, False, True, True, False, False, False, False, True, True, False, True, True, False, True, True, True, True, False, True]"
3,0.8552424782333213,"[True, True, True, True, True, True, False, False, False, False, False, False, False, True, True, True, False, False, True, False, True, True, True, False, True, True, False, False, False, False, True, False, False, False, False, False, False, False, True, False]"
3,0.929080911597619,"[True, True, True, True, True, True, True, False, False, False, False, True, True, True, True, True, True, False, True, True, False, False, False, False, True, False, False, False, False, True, False, True, False, False, True, False, True, True, False, True]"
3,0.3522499213118691,"[True, True, True, False, False, True, True, False, True, False, True, False, False, False, True, False, True, False, False, False, True, False, False, True, True, True, False, True, False, True, True, True, True, True, True, True, False, False, True, False]"
3,0.7361866452159939,"[True, True, True, True, True, False, False, False, False, True, False, False, False, True, True, True, False, False, True, True, True, True, True, False, True, False, False, False, False, False, True, False, True, False, False, False, False, False, True, True]"
3,0.8637720217157113,"[True, True, True, True, True, True, False, False, False, True, False, False, False, True, True, True, False, False, True, True, True, True, True, False, False, False, False, False, False, False, True, True, True, False, False, False, False, False, False, False]"
3,0.6733509633622009,"[True, True, True, True, False, True, True, False, False, False, False, True, False, False, True, False, True, False, True, True, False, True, False, True, True, False, True, True, False, False, False, True, True, False, True, True, True, True, False, True]"
3,0.7361866421230836,"[True, True, True, True, True, False, False, False, False, True, False, False, False, True, True, True, False, False, True, True, True, True, True, False, True, False, False, False, False, False, False, False, True, True, False, False, False, False, True, True]"
3,0.03349268639179137,"[True, False, True, True, False, True, True, False, False, True, False, False, False, True, True, True, False, False, True, True, True, True, True, False, True, False, False, False, False, False, False, True, True, False, False, False, True, False, True, False]"
3,0.8564869902212593,"[True, True, True, True, True, True, False, False, False, False, False, True, False, False, False, False, True, False, False, True, False, False, False, False, True, False, True, False, False, True, True, True, True, False, True, True, False, True, False, True]"
3,0.8637722809126411,"[True, True, True, True, True, True, False, False, False, True, False, False, False, True, True, True, False, False, True, True, True, True, True, False, True, False, False, False, False, False, True, False, True, False, False, False, False, False, True, False]"
3,0.8637722811677406,"[True, True, True, True, True, True, False, False, False, True, False, False, False, True, True, True, False, False, True, True, True, True, True, False, True, False, False, False, False, False, True, False, True, False, True, False, False, False, True, False]"
step,fitness,genome
4,0.9578782463013955,"[True, True, True, True, True, True, True, False, True, True, True, False, False, True, True, False, True, False, False, True, False, False, True, True, False, False, False, False, True, True, False, True, True, False, True, False, True, True, False, True]"
4,0.8637720196908601,"[True, True, True, True, True, True, False, False, False, True, False, False, False, True, True, True, False, False, True, True, True, True, True, False, False, False, False, False, False, False, True, False, True, False, False, False, False, False, True, False]"
4,0.8636719769769035,"[True, True, True, True, True, True, False, False, False, True, False, False, False, True, True, False, False, True, True, True, True, True, True, False, True, False, False, False, False, False, True, False, True, False, False, False, False, False, True, False]"
4,0.9602664180765133,"[True, True, True, True, True, True, True, False, True, True, True, True, False, True, True, False, True, True, False, True, False, False, True, True, False, True, False, False, True, True, False, True, True, False, True, False, True, False, False, True]"
4,0.8637722809126411,"[True, True, True, True, True, True, False, False, False, True, False, False, False, True, True, True, False, False, True, True, True, True, True, False, True, False, False, False, False, False, True, False, True, False, False, False, False, False, True, False]"
4,0.929080911597619,"[True, True, True, True, True, True, True, False, False, False, False, True, True, True, True, True, True, False, True, True, False, False, False, False, True, False, False, False, False, True, False, True, False, False, True, False, True, True, False, True]"
4,0.7398942407531384,"[True, True, True, True, True, False, False, False, False, True, True, False, False, True, True, True, False, False, True, False, True, True, True, False, True, False, False, False, False, False, True, False, True, False, False, False, False, False, True, True]"
4,0.8637722809126411,"[True, True, True, True, True, True, False, False, False, True, False, False, False, True, True, True, False, False, True, True, True, True, True, False, True, False, False, False, False, False, True, False, True, False, False, False, False, False, True, False]"
4,0.8636343658152842,"[True, True, True, True, True, True, False, False, False, True, False, False, False, True, True, False, False, False, True, True, False, True, True, False, True, False, False, False, False, False, True, False, True, False, False, True, False, False, False, False]"
4,0.8637725564200653,"[True, True, True, True, True, True, False, False, False, True, False, False, False, True, True, True, False, False, True, True, True, True, True, True, False, False, False, False, True, False, False, True, True, False, False, False, False, False, True, False]"
4,0.8637722816779394,"[True, True, True, True, True, True, False, False, False, True, False, False, False, True, True, True, False, False, True, True, True, True, True, False, True, False, False, False, False, False, True, False, True, True, True, False, False, False, True, False]"
4,0.8648407499867911,"[True, True, True, True, True, True, False, False, False, True, False, False, True, True, True, True, False, False, True, True, True, False, True, False, True, False, False, False, False, False, True, False, True, False, False, False, False, False, True, False]"
4,0.9602664186377328,"[True, True, True, True, True, True, True, False, True, True, True, True, False, True, True, False, True, True, False, True, False, False, True, True, False, True, False, False, True, True, False, True, True, True, True, False, True, False, False, True]"
4,0.8637725441593455,"[True, True, True, True, True, True, False, False, False, True, False, False, False, True, True, True, False, False, True, True, True, True, True, True, False, False, False, False, False, False, True, True, True, False, False, False, False, False, False, False]"
4,0.807254940309996,"[True, True, True, True, True, False, True, False, True, False, False, True, False, False, True, True, True, False, True, False, True, True, True, True, True, True, True, False, False, False, True, False, False, True, False, True, False, True, True, True]"
4,0.8637701993035481,"[True, True, True, True, True, True, False, False, False, True, False, False, False, True, True, True, False, False, True, True, True, False, True, False, True, False, False, False, False, True, True, False, True, False, False, False, False, False, True, False]"
4,0.9575847048436125,"[True, True, True, True, True, True, True, False, True, True, True, False, False, True, False, False, True, False, False, True, False, False, True, True, False, False, False, False, True, True, False, True, True, False, True, False, True, True, False, True]"
4,0.8564869902212593,"[True, True, True, True, True, True, False, False, False, False, False, True, False, False, False, False, True, False, False, True, False, False, False, False, True, False, True, False, False, True, True, True, True, False, True, True, False, True, False, True]"
4,0.9462009432657823,"[True, True, True, True, True, True, True, False, True, False, False, True, False, True, True, False, True, False, False, True, False, True, False, True, True, False, False, False, False, True, False, True, True, False, True, True, True, True, False, True]"
4,0.9415997696883577,"[True, True, True, True, True, True, True, False, False, True, True, True, False, True, True, False, True, True, False, True, False, False, True, False, False, True, False, False, True, True, False, True, False, True, True, False, True, False, False, True]"
4,0.05087763302745232,"[True, False, True, True, True, True, True, False, False, False, False, False, True, True, True, True, True, False, False, True, False, False, True, True, True, False, False, False, False, True, False, True, False, False, True, False, False, True, False, True]"
4,0.9368959027185673,"[True, True, True, True, True, True, True, False, False, True, False, True, False, True, True, False, False, False, True, True, False, True, False, False, True, False, False, False, True, True, False, True, False, False, True, False, True, True, False, True]"
4,0.7526135799967816,"[True, True, True, True, True, False, False, False, True, True, False, True, False, False, True, True, True, False, True, False, True, False, False, True, True, True, False, False, False, False, True, True, False, True, False, True, False, True, True, False]"
4,0.8552507000912284,"[True, True, True, True, True, True, False, False, False, False, False, False, False, True, True, True, False, False, True, True, True, True, True, False, True, False, True, False, False, False, True, False, True, True, True, False, False, False, True, True]"
4,0.9345798807403661,"[True, True, True, True, True, True, True, False, False, True, False, False, False, True, True, False, False, False, False, True, False, True, True, True, True, False, False, False, True, True, False, True, False, False, True, False, False, True, False, False]"
4,0.8648407499947718,"[True, True, True, True, True, True, False, False, False, True, False, False, True, True, True, True, False, False, True, True, True, False, True, False, True, False, False, False, False, False, True, False, True, False, False, False, False, False, True, True]"
4,0.9380994344352264,"[True, True, True, True, True, True, True, False, False, True, False, True, True, True, True, False, True, False, False, True, False, False, False, False, True, False, False, False, False, False, False, True, False, False, True, True, True, True, False, True]"
4,0.9290853788770956,"[True, True, True, True, True, True, True, False, False, False, False, True, True, True, True, True, True, False, True, True, True, False, False, False, True, False, False, False, False, True, True, True, False, False, True, False, True, True, False, True]"
4,0.925584710053732,"[True, True, True, True, True, True, True, False, False, False, False, False, False, True, True, True, False, False, True, False, True, False, True, False, True, True, False, False, False, False, True, False, True, False, False, False, False, True, True, True]"
4,0.7450884049379524,"[True, True, True, True, True, False, False, False, True, False, False, True, False, False, True, True, True, False, True, False, True, True, True, False, True, True, True, False, False, True, True, False, False, True, False, True, False, False, True, False]"
4,0.863621828948179,"[True, True, True, True, True, True, False, False, False, True, False, False, False, True, True, False, False, False, False, True, True, True, True, False, True, False, False, False, False, False, True, False, True, False, False, False, False, False, True, True]"
4,0.9578965953224217,"[True, True, True, True, True, True, True, False, True, True, True, False, False, True, True, False, True, False, True, True, False, False, True, True, False, False, False, False, True, True, False, True, True, False, True, False, True, True, False, False]"
4,0.9289916628099778,"[True, True, True, True, True, True, True, False, False, False, False, True, True, True, True, True, False, False, False, True, False, False, False, False, True, False, False, False, False, True, True, True, True, False, True, True, True, True, False, True]"
4,0.9277807924591618,"[True, True, True, True, True, True, True, False, False, False, False, True, False, True, True, False, True, False, False, True, False, True, False, False, True, False, False, False, False, True, False, True, False, False, True, True, True, True, False, True]"
4,0.7450934305803125,"[True, True, True, True, True, False, False, False, True, False, False, True, False, False, True, True, True, False, True, True, True, False, False, True, True, True, True, False, False, False, True, True, False, True, False, False, False, True, True, True]"
4,0.9345709075691616,"[True, True, True, True, True, True, True, False, False, True, False, False, False, True, True, False, False, False, False, False, False, True, True, True, True, False, False, False, True, True, False, True, False, False, True, True, False, True, False, True]"
4,0.8562371801208044,"[True, True, True, True, True, True, False, False, False, False, False, False, True, True, True, False, True, False, True, False, True, True, True, False, True, True, False, False, False, True, True, False, True, False, True, False, False, False, False, False]"
4,0.9603398280182806,"[True, True, True, True, True, True, True, False, True, True, True, True, False, True, True, True, False, True, False, True, False, False, True, True, False, False, False, False, True, False, False, True, True, False, False, True, True, True, True, True]"
4,0.9531359156887067,"[True, True, True, True, True, True, True, False, True, True, False, False, False, True, True, False, False, False, True, True, False, False, True, False, False, False, False, False, True, True, True, False, True, False, False, False, False, True, False, True]"
4,0.8691879986928647,"[True, True, True, True, True, True, False, False, False, True, True, False, True, True, True, True, True, False, False, True, True, True, True, True, True, False, False, False, False, False, False, True, True, False, True, False, True, False, True, False]"
4,0.9289938929516842,"[True, True, True, True, True, True, True, False, False, False, False, True, True, True, True, True, False, False, False, True, False, True, False, False, True, False, False, False, False, True, True, True, False, False, True, True, True, False, False, True]"
4,0.8552404080861592,"[True, True, True, True, True, True, False, False, False, False, False, False, False, True, True, True, False, False, True, False, True, False, True, False, True, True, False, False, False, False, True, False, True, False, False, False, False, True, True, False]"
4,0.929080912142408,"[True, True, True, True, True, True, True, False, False, False, False, True, True, True, True, True, True, False, True, True, False, False, False, False, True, False, False, False, False, True, False, True, False, True, True, False, True, True, False, True]"
4,0.938103940723029,"[True, True, True, True, True, True, True, False, False, True, False, True, True, True, True, False, True, False, False, True, True, False, False, False, True, False, False, False, False, False, True, True, False, False, True, True, True, True, False, True]"
4,0.8112890067642275,"[True, True, True, True, True, False, True, False, True, False, True, True, False, False, True, True, True, False, True, False, True, False, True, True, True, True, True, False, False, True, True, False, False, True, False, True, False, True, True, True]"
4,0.8637725441593455,"[True, True, True, True, True, True, False, False, False, True, False, False, False, True, True, True, False, False, True, True, True, True, True, True, False, False, False, False, False, False, True, True, True, False, False, False, False, False, False, False]"
4,0.9602295309171697,"[True, True, True, True, True, True, True, False, True, True, True, True, False, True, True, False, True, False, False, True, False, False, True, True, False, False, False, True, True, True, False, True, True, False, True, False, True, True, False, True]"
4,0.957915088557785,"[True, True, True, True, True, True, True, False, True, True, True, False, False, True, True, False, True, True, False, True, False, False, True, True, False, True, False, False, True, True, False, True, True, True, True, False, True, False, False, True]"
4,0.9555596423132826,"[True, True, True, True, True, True, True, False, True, True, False, True, False, True, True, False, True, True, False, False, False, False, True, True, False, False, False, False, True, True, False, True, False, False, True, False, True, False, False, True]"
4,0.8767973630580298,"[True, True, True, True, True, True, False, False, True, False, True, False, False, True, True, True, True, True, True, True, True, False, True, False, False, False, False, False, False, False, True, False, True, False, False, False, True, True, True, False]"
step,fitness,genome
5,0.9277807924591618,"[True, True, True, True, True, True, True, False, False, False, False, True, False, True, True, False, True, False, False, True, False, True, False, False, True, False, False, False, False, True, False, True, False, False, True, True, True, True, False, True]"
5,0.8637725441593455,"[True, True, True, True, True, True, False, False, False, True, False, False, False, True, True, True, False, False, True, True, True, True, True, True, False, False, False, False, False, False, True, True, True, False, False, False, False, False, False, False]"
5,0.9336610624880325,"[True, True, True, True, True, True, True, False, False, False, True, True, True, True, True, True, True, False, True, True, False, False, False, False, True, False, False, False, False, True, False, True, False, True, True, False, True, True, False, True]"
5,0.9532279673522134,"[True, True, True, True, True, True, True, False, True, True, False, False, False, True, True, False, True, True, False, True, False, False, True, True, False, True, False, False, True, True, False, True, True, True, True, False, True, False, False, True]"
5,0.8767973630580298,"[True, True, True, True, True, True, False, False, True, False, True, False, False, True, True, True, True, True, True, True, True, False, True, False, False, False, False, False, False, False, True, False, True, False, False, False, True, True, True, False]"
5,0.8637722809445286,"[True, True, True, True, True, True, False, False, False, True, False, False, False, True, True, True, False, False, True, True, True, True, True, False, True, False, False, False, False, False, True, False, True, False, False, False, False, True, True, False]"
5,0.9290853788770956,"[True, True, True, True, True, True, True, False, False, False, False, True, True, True, True, True, True, False, True, True, True, False, False, False, True, False, False, False, False, True, True, True, False, False, True, False, True, True, False, True]"
5,0.957584709322082,"[True, True, True, True, True, True, True, False, True, True, True, False, False, True, False, False, True, False, False, True, False, False, True, True, False, False, False, False, True, True, True, True, True, False, True, False, True, True, False, True]"
5,0.9599722185827527,"[True, True, True, True, True, True, True, False, True, True, True, True, False, True, False, False, True, True, False, True, False, False, True, True, False, True, False, False, True, True, False, True, True, True, True, False, True, False, False, True]"
5,0.9578782463013955,"[True, True, True, True, True, True, True, False, True, True, True, False, False, True, True, False, True, False, False, True, False, False, True, True, False, False, False, False, True, True, False, True, True, False, True, False, True, True, False, True]"
5,0.9368959027185673,"[True, True, True, True, True, True, True, False, False, True, False, True, False, True, True, False, False, False, True, True, False, True, False, False, True, False, False, False, True, True, False, True, False, False, True, False, True, True, False, True]"
5,0.9381399565544859,"[True, True, True, True, True, True, True, False, False, True, False, True, True, True, True, False, True, True, False, True, True, False, False, False, True, False, False, False, False, False, True, True, False, False, True, True, True, True, False, True]"
5,0.9380994344352264,"[True, True, True, True, True, True, True, False, False, True, False, True, True, True, True, False, True, False, False, True, False, False, False, False, True, False, False, False, False, False, False, True, False, False, True, True, True, True, False, True]"
5,0.9347430819349355,"[True, True, True, True, True, True, True, False, False, True, False, False, False, True, True, True, False, False, True, True, True, False, True, False, True, False, False, False, False, True, True, False, True, False, False, False, False, False, True, False]"
5,0.9368959027185673,"[True, True, True, True, True, True, True, False, False, True, False, True, False, True, True, False, False, False, True, True, False, True, False, False, True, False, False, False, True, True, False, True, False, False, True, False, True, True, False, True]"
5,0.9462009432657823,"[True, True, True, True, True, True, True, False, True, False, False, True, False, True, True, False, True, False, False, True, False, True, False, True, True, False, False, False, False, True, False, True, True, False, True, True, True, True, False, True]"
5,0.9602658439491695,"[True, True, True, True, True, True, True, False, True, True, True, True, False, True, True, False, True, True, False, True, False, False, True, False, False, True, False, False, True, True, False, True, True, True, True, False, True, False, False, True]"
5,0.9416003343131326,"[True, True, True, True, True, True, True, False, False, True, True, True, False, True, True, False, True, True, False, True, False, False, True, True, False, True, False, False, True, True, False, True, False, True, True, False, True, False, False, True]"
5,0.9578965953224217,"[True, True, True, True, True, True, True, False, True, True, True, False, False, True, True, False, True, False, True, True, False, False, True, True, False, False, False, False, True, True, False, True, True, False, True, False, True, True, False, False]"
5,0.9575847048436125,"[True, True, True, True, True, True, True, False, True, True, True, False, False, True, False, False, True, False, False, True, False, False, True, True, False, False, False, False, True, True, False, True, True, False, True, False, True, True, False, True]"
5,0.9532820647439191,"[True, True, True, True, True, True, True, False, True, True, False, False, False, True, True, True, False, False, True, True, False, False, True, False, False, False, False, False, True, True, True, True, True, False, False, False, False, True, False, True]"
5,0.9601927054827777,"[True, True, True, True, True, True, True, False, True, True, True, True, False, True, True, False, False, True, False, True, False, False, True, True, False, False, False, False, True, False, False, False, True, False, False, True, True, True, True, True]"
5,0.957915088557785,"[True, True, True, True, True, True, True, False, True, True, True, False, False, True, True, False, True, True, False, True, False, False, True, True, False, True, False, False, True, True, False, True, True, True, True, False, True, False, False, True]"
5,0.938103940723029,"[True, True, True, True, True, True, True, False, False, True, False, True, True, True, True, False, True, False, False, True, True, False, False, False, True, False, False, False, False, False, True, True, False, False, True, True, True, True, False, True]"
5,0.9578782463013955,"[True, True, True, True, True, True, True, False, True, True, True, False, False, True, True, False, True, False, False, True, False, False, True, True, False, False, False, False, True, True, False, True, True, False, True, False, True, True, False, True]"
5,0.929080912142408,"[True, True, True, True, True, True, True, False, False, False, False, True, True, True, True, True, True, False, True, True, False, False, False, False, True, False, False, False, False, True, False, True, False, True, True, False, True, True, False, True]"
5,0.9415997696883577,"[True, True, True, True, True, True, True, False, False, True, True, True, False, True, True, False, True, True, False, True, False, False, True, False, False, True, False, False, True, True, False, True, False, True, True, False, True, False, False, True]"
5,0.9532095912566877,"[True, True, True, True, True, True, True, False, True, True, False, False, False, True, True, False, True, False, True, True, False, False, True, True, False, False, False, True, True, True, False, True, True, False, True, False, True, True, False, False]"
5,0.9579151596755656,"[True, True, True, True, True, True, True, False, True, True, True, False, False, True, True, False, True, True, False, True, False, False, True, True, False, True, True, False, True, True, False, True, True, False, True, False, True, False, False, True]"
5,0.8659144029812549,"[True, True, True, True, True, True, False, False, False, True, False, True, False, True, True, True, False, False, True, True, True, True, True, False, False, False, True, False, False, False, True, True, True, False, False, False, False, False, True, False]"
5,0.9575847045812022,"[True, True, True, True, True, True, True, False, True, True, True, False, False, True, False, False, True, False, False, True, False, False, True, True, False, False, False, False, True, True, False, True, True, False, False, False, True, True, True, True]"
5,0.9603398282813703,"[True, True, True, True, True, True, True, False, True, True, True, True, False, True, True, True, False, True, False, True, False, False, True, True, False, False, False, False, True, False, False, True, True, False, True, True, True, True, False, True]"
5,0.9532273953410701,"[True, True, True, True, True, True, True, False, True, True, False, False, False, True, True, False, True, True, False, True, False, False, True, False, False, True, False, False, True, True, False, True, False, True, True, False, True, False, False, True]"
5,0.9792647082802554,"[True, True, True, True, True, True, True, True, False, True, True, True, False, True, True, False, True, True, False, True, False, False, True, True, False, False, False, False, False, True, False, True, True, False, True, False, True, False, False, True]"
5,0.9554584129834303,"[True, True, True, True, True, True, True, False, True, True, False, True, False, True, True, False, False, False, False, True, False, False, True, False, False, False, False, True, True, True, False, True, True, False, True, False, True, True, False, True]"
5,0.9336459373931071,"[True, True, True, True, True, True, True, False, False, False, True, True, True, True, True, True, True, False, False, True, False, True, False, True, True, False, False, False, False, True, True, True, False, False, True, True, True, False, False, True]"
5,0.9602664180765133,"[True, True, True, True, True, True, True, False, True, True, True, True, False, True, True, False, True, True, False, True, False, False, True, True, False, True, False, False, True, True, False, True, True, False, True, False, True, False, False, True]"
5,0.9575847048436125,"[True, True, True, True, True, True, True, False, True, True, True, False, False, True, False, False, True, False, False, True, False, False, True, True, False, False, False, False, True, True, False, True, True, False, True, False, True, True, False, True]"
5,0.8680619589136639,"[True, True, True, True, True, True, False, False, False, True, True, False, False, True, True, True, False, False, True, True, True, True, True, True, False, False, False, False, False, False, True, True, True, False, False, False, False, False, False, False]"
5,0.9578782463013955,"[True, True, True, True, True, True, True, False, True, True, True, False, False, True, True, False, True, False, False, True, False, False, True, True, False, False, False, False, True, True, False, True, True, False, True, False, True, True, False, True]"
5,0.9392539891894367,"[True, True, True, True, True, True, True, False, False, True, True, False, False, True, True, False, True, False, False, True, False, False, True, True, False, False, False, False, True, True, False, True, True, False, True, False, False, True, False, True]"
5,0.9531847570242279,"[True, True, True, True, True, True, True, False, True, True, False, False, False, True, True, False, True, False, False, False, False, True, True, True, True, False, False, True, True, True, False, True, False, False, True, True, True, True, False, True]"
5,0.053348112074060615,"[True, False, True, True, True, True, True, False, True, True, True, True, False, True, True, False, True, True, False, True, False, False, True, True, False, True, False, False, True, True, False, True, True, False, True, False, True, False, False, True]"
5,0.9602664180765133,"[True, True, True, True, True, True, True, False, True, True, True, True, False, True, True, False, True, True, False, True, False, False, True, True, False, True, False, False, True, True, False, True, True, False, True, False, True, False, False, True]"
5,0.9289916628099778,"[True, True, True, True, True, True, True, False, False, False, False, True, True, True, True, True, False, False, False, True, False, False, False, False, True, False, False, False, False, True, True, True, True, False, True, True, True, True, False, True]"
5,0.9380994344523997,"[True, True, True, True, True, True, True, False, False, True, False, True, True, True, True, False, True, False, False, True, False, False, False, False, True, False, False, False, False, False, False, True, False, False, True, True, True, True, True, True]"
5,0.9578965953224217,"[True, True, True, True, True, True, True, False, True, True, True, False, False, True, True, False, True, False, True, True, False, False, True, True, False, False, False, False, True, True, False, True, True, False, True, False, True, True, False, False]"
5,0.9277807924591618,"[True, True, True, True, True, True, True, False, False, False, False, True, False, True, True, False, True, False, False, True, False, True, False, False, True, False, False, False, False, True, False, True, False, False, True, True, True, True, False, True]"
5,0.938103940723029,"[True, True, True, True, True, True, True, False, False, True, False, True, True, True, True, False, True, False, False, True, True, False, False, False, True, False, False, False, False, False, True, True, False, False, True, True, True, True, False, True]"
5,0.8648407499867911,"[True, True, True, True, True, True, False, False, False, True, False, False, True, True, True, True, False, False, True, True, True, False, True, False, True, False, False, False, False, False, True, False, True, False, False, False, False, False, True, False]"
step,fitness,genome
6,0.9532089846901031,"[True, True, True, True, True, True, True, False, True, True, False, False, False, True, True, False, True, False, True, True, False, False, True, False, False, False, False, False, True, True, False, True, True, False, True, False, True, True, False, False]"
6,0.9602664546960831,"[True, True, True, True, True, True, True, False, True, True, True, True, False, True, True, False, True, True, False, True, False, False, True, True, False, True, False, True, True, True, False, True, True, True, True, True, True, False, False, True]"
6,0.24904323575380424,"[True, True, False, True, True, True, True, False, True, True, False, False, False, True, True, False, True, False, False, False, False, True, True, True, True, False, False, True, True, True, False, True, False, False, True, True, True, True, False, True]"
6,0.6980801337240286,"[True, True, True, True, False, True, True, False, True, True, True, True, False, True, True, False, False, True, False, True, False, False, True, True, False, False, False, False, True, False, False, False, True, False, False, True, True, True, True, True]"
6,0.9579149362425541,"[True, True, True, True, True, True, True, False, True, True, True, False, False, True, True, False, True, True, False, True, False, False, True, True, False, False, False, False, True, False, False, True, True, True, True, False, True, False, False, True]"
6,0.9601928581239331,"[True, True, True, True, True, True, True, False, True, True, True, True, False, True, True, False, False, True, False, True, False, False, True, True, False, True, False, False, True, True, False, False, True, False, False, True, True, True, True, True]"
6,0.9590899615687573,"[True, True, True, True, True, True, True, False, True, True, True, False, True, True, True, False, True, True, False, True, False, False, True, True, False, False, False, False, True, True, False, True, True, True, True, False, True, False, False, True]"
6,0.9602664180765133,"[True, True, True, True, True, True, True, False, True, True, True, True, False, True, True, False, True, True, False, True, False, False, True, True, False, True, False, False, True, True, False, True, True, False, True, False, True, False, False, True]"
6,0.9532095912566877,"[True, True, True, True, True, True, True, False, True, True, False, False, False, True, True, False, True, False, True, True, False, False, True, True, False, False, False, True, True, True, False, True, True, False, True, False, True, True, False, False]"
6,0.9341688469711276,"[True, True, True, True, True, True, True, False, False, True, False, False, False, False, True, True, False, False, True, True, True, False, True, False, True, False, False, False, False, False, True, False, True, False, False, False, False, False, True, False]"
6,0.9336470580542788,"[True, True, True, True, True, True, True, False, False, False, True, True, True, True, True, True, True, False, False, True, False, True, True, True, True, False, False, False, False, True, True, True, False, False, True, True, True, False, False, True]"
6,0.9575847048436125,"[True, True, True, True, True, True, True, False, True, True, True, False, False, True, False, False, True, False, False, True, False, False, True, True, False, False, False, False, True, True, False, True, True, False, True, False, True, True, False, True]"
6,0.953184471587779,"[True, True, True, True, True, True, True, False, True, True, False, False, False, True, True, False, True, False, False, False, False, True, True, True, False, False, False, True, True, True, False, True, False, False, True, True, True, True, False, True]"
6,0.9579174533665369,"[True, True, True, True, True, True, True, False, True, True, True, False, False, True, True, False, True, True, False, True, False, True, True, True, False, True, True, False, True, True, False, True, True, False, True, False, True, False, False, True]"
6,0.9604135479703594,"[True, True, True, True, True, True, True, False, True, True, True, True, False, True, True, True, True, True, False, True, False, False, True, True, False, True, False, False, True, True, False, True, False, True, True, False, True, False, False, True]"
6,0.9392902560570788,"[True, True, True, True, True, True, True, False, False, True, True, False, False, True, True, False, True, True, False, True, False, False, True, True, False, True, True, False, True, True, False, True, True, False, True, False, True, False, False, True]"
6,0.9792648727866412,"[True, True, True, True, True, True, True, True, False, True, True, True, False, True, True, False, True, True, False, True, False, False, True, True, False, True, False, False, True, True, False, True, True, False, True, False, True, False, False, True]"
6,0.9599720569961312,"[True, True, True, True, True, True, True, False, True, True, True, True, False, True, False, False, True, True, False, True, False, False, True, True, False, False, False, False, False, True, False, True, True, True, True, False, True, False, False, True]"
6,0.9427195820726606,"[True, True, True, True, True, True, True, False, False, True, True, True, True, True, True, False, True, False, False, True, False, False, False, False, True, False, False, False, False, True, True, True, False, False, True, True, True, True, False, True]"
6,0.9529035957877303,"[True, True, True, True, True, True, True, False, True, True, False, False, False, True, False, False, True, False, False, True, True, False, True, True, False, False, False, False, True, False, False, True, True, False, True, False, True, True, False, True]"
6,0.9578782464326369,"[True, True, True, True, True, True, True, False, True, True, True, False, False, True, True, False, True, False, False, True, False, False, True, True, False, False, False, False, True, True, False, True, True, False, True, True, True, True, False, False]"
6,0.9578965953311712,"[True, True, True, True, True, True, True, False, True, True, True, False, False, True, True, False, True, False, True, True, False, False, True, True, False, False, False, False, True, True, False, True, True, False, True, False, True, True, False, True]"
6,0.9579151596755656,"[True, True, True, True, True, True, True, False, True, True, True, False, False, True, True, False, True, True, False, True, False, False, True, True, False, True, True, False, True, True, False, True, True, False, True, False, True, False, False, True]"
6,0.9575847048436125,"[True, True, True, True, True, True, True, False, True, True, True, False, False, True, False, False, True, False, False, True, False, False, True, True, False, False, False, False, True, True, False, True, True, False, True, False, True, True, False, True]"
6,0.957915088557785,"[True, True, True, True, True, True, True, False, True, True, True, False, False, True, True, False, True, True, False, True, False, False, True, True, False, True, False, False, True, True, False, True, True, True, True, False, True, False, False, True]"
6,0.960266400117491,"[True, True, True, True, True, True, True, False, True, True, True, True, False, True, True, False, True, True, False, True, False, False, True, True, False, True, False, False, False, True, False, True, True, False, True, False, True, False, False, True]"
6,0.957915088557785,"[True, True, True, True, True, True, True, False, True, True, True, False, False, True, True, False, True, True, False, True, False, False, True, True, False, True, False, False, True, True, False, True, True, True, True, False, True, False, False, True]"
6,0.938103940723029,"[True, True, True, True, True, True, True, False, False, True, False, True, True, True, True, False, True, False, False, True, True, False, False, False, True, False, False, False, False, False, True, True, False, False, True, True, True, True, False, True]"
6,0.9602646945729716,"[True, True, True, True, True, True, True, False, True, True, True, True, False, True, True, False, True, True, False, True, False, False, False, False, False, True, False, False, True, True, False, True, True, True, True, False, True, False, False, True]"
6,0.04801724675026932,"[True, False, True, True, True, True, False, False, True, True, True, True, False, True, True, False, True, True, False, True, True, False, True, False, False, True, False, False, True, True, False, True, True, True, True, False, True, False, False, True]"
6,0.9601927054827777,"[True, True, True, True, True, True, True, False, True, True, True, True, False, True, True, False, False, True, False, True, False, False, True, True, False, False, False, False, True, False, False, False, True, False, False, True, True, True, True, True]"
6,0.9578965953224217,"[True, True, True, True, True, True, True, False, True, True, True, False, False, True, True, False, True, False, True, True, False, False, True, True, False, False, False, False, True, True, False, True, True, False, True, False, True, True, False, False]"
6,0.9578776728993124,"[True, True, True, True, True, True, True, False, True, True, True, False, False, True, True, False, True, False, False, True, False, False, True, False, False, False, False, False, True, True, False, True, True, False, True, False, True, True, False, True]"
6,0.9532826356694982,"[True, True, True, True, True, True, True, False, True, True, False, False, False, True, True, True, False, False, True, True, False, False, True, True, False, False, False, False, True, True, True, True, True, False, False, False, False, True, False, True]"
6,0.9590715914323087,"[True, True, True, True, True, True, True, False, True, True, True, False, True, True, True, False, True, False, True, True, False, False, True, True, False, False, False, False, True, True, False, True, True, False, True, False, True, True, False, False]"
6,0.9597514688165784,"[True, True, True, True, True, True, True, False, True, True, True, True, False, False, True, True, False, True, False, True, False, False, True, True, False, False, False, False, True, False, False, True, True, False, True, True, True, True, False, True]"
6,0.9462009432657823,"[True, True, True, True, True, True, True, False, True, False, False, True, False, True, True, False, True, False, False, True, False, True, False, True, True, False, False, False, False, True, False, True, True, False, True, True, True, True, False, True]"
6,0.9792647071378501,"[True, True, True, True, True, True, True, True, False, True, True, True, False, True, True, False, True, True, False, True, False, False, True, True, False, False, False, False, False, True, False, True, False, False, True, False, True, False, False, True]"
6,0.9602664180765133,"[True, True, True, True, True, True, True, False, True, True, True, True, False, True, True, False, True, True, False, True, False, False, True, True, False, True, False, False, True, True, False, True, True, False, True, False, True, False, False, True]"
6,0.9462009432657823,"[True, True, True, True, True, True, True, False, True, False, False, True, False, True, True, False, True, False, False, True, False, True, False, True, True, False, False, False, False, True, False, True, True, False, True, True, True, True, False, True]"
6,0.9578965953224217,"[True, True, True, True, True, True, True, False, True, True, True, False, False, True, True, False, True, False, True, True, False, False, True, True, False, False, False, False, True, True, False, True, True, False, True, False, True, True, False, False]"
6,0.9531933201186223,"[True, True, True, True, True, True, True, False, True, True, False, False, False, True, True, False, True, False, False, True, False, True, True, False, True, False, False, True, True, True, False, True, False, False, True, True, True, False, False, True]"
6,0.9578965953311712,"[True, True, True, True, True, True, True, False, True, True, True, False, False, True, True, False, True, False, True, True, False, False, True, True, False, False, False, False, True, True, False, True, True, False, True, False, True, True, False, True]"
6,0.9578782468526092,"[True, True, True, True, True, True, True, False, True, True, True, False, False, True, True, False, True, False, False, True, False, False, True, True, False, False, False, False, True, True, False, True, True, True, True, False, True, True, False, False]"
6,0.9554585560080335,"[True, True, True, True, True, True, True, False, True, True, False, True, False, True, True, False, False, False, False, True, False, False, True, False, False, True, False, True, True, True, False, True, True, False, True, False, True, True, False, True]"
6,0.957584709322082,"[True, True, True, True, True, True, True, False, True, True, True, False, False, True, False, False, True, False, False, True, False, False, True, True, False, False, False, False, True, True, True, True, True, False, True, False, True, True, False, True]"
6,0.94160202570802,"[True, True, True, True, True, True, True, False, False, True, True, True, False, True, True, False, True, True, False, True, False, True, True, False, False, True, False, False, True, True, False, False, False, True, False, False, True, False, False, True]"
6,0.9601927080080908,"[True, True, True, True, True, True, True, False, True, True, True, True, False, True, True, False, False, True, False, True, False, False, True, True, False, False, False, False, True, False, False, True, True, False, True, True, True, True, True, True]"
6,0.2504461195834419,"[True, True, False, True, True, True, True, False, True, True, True, False, False, True, True, False, True, False, False, True, False, False, True, True, False, False, False, False, True, True, False, True, True, False, True, False, True, True, False, True]"
6,0.9381399565544859,"[True, True, True, True, True, True, True, False, False, True, False, True, True, True, True, False, True, True, False, True, True, False, False, False, True, False, False, False, False, False, True, True, False, False, True, True, True, True, False, True]"
step,fitness,genome
7,0.9601928401661489,"[True, True, True, True, True, True, True, False, True, True, True, True, False, True, True, False, False, True, False, True, False, False, True, True, False, True, False, False, False, True, False, False, True, False, False, True, True, True, True, True]"
7,0.9579150885927838,"[True, True, True, True, True, True, True, False, True, True, True, False, False, True, True, False, True, True, False, True, False, False, True, True, False, True, False, False, True, True, False, True, True, True, True, False, True, True, False, True]"
7,0.9792647071378501,"[True, True, True, True, True, True, True, True, False, True, True, True, False, True, True, False, True, True, False, True, False, False, True, True, False, False, False, False, False, True, False, True, False, False, True, False, True, False, False, True]"
7,0.9601921333592297,"[True, True, True, True, True, True, True, False, True, True, True, True, False, True, True, False, False, True, False, True, False, False, True, False, False, False, False, False, True, False, False, True, True, False, True, True, True, True, True, True]"
7,0.9601928581239331,"[True, True, True, True, True, True, True, False, True, True, True, True, False, True, True, False, False, True, False, True, False, False, True, True, False, True, False, False, True, True, False, False, True, False, False, True, True, True, True, True]"
7,0.9578415407566987,"[True, True, True, True, True, True, True, False, True, True, True, False, False, True, True, False, False, True, False, True, False, False, True, True, False, False, False, False, True, False, False, True, True, True, True, False, True, False, False, True]"
7,0.9590715914410679,"[True, True, True, True, True, True, True, False, True, True, True, False, True, True, True, False, True, False, True, True, False, False, True, True, False, False, False, False, True, True, False, True, True, False, True, False, True, True, False, True]"
7,0.9961461377084058,"[True, True, True, True, True, True, True, True, True, True, True, False, False, True, True, False, True, False, True, True, False, False, True, True, False, False, False, False, True, True, False, True, False, False, True, False, True, True, False, False]"
7,0.9604135479703594,"[True, True, True, True, True, True, True, False, True, True, True, True, False, True, True, True, True, True, False, True, False, False, True, True, False, True, False, False, True, True, False, True, False, True, True, False, True, False, False, True]"
7,0.9599720571363974,"[True, True, True, True, True, True, True, False, True, True, True, True, False, True, False, False, True, True, False, True, False, False, True, True, False, False, False, False, False, True, False, True, True, True, True, True, True, False, False, True]"
7,0.9602110942694164,"[True, True, True, True, True, True, True, False, True, True, True, True, False, True, True, False, False, True, True, True, False, False, True, True, False, False, False, False, True, False, False, False, True, False, False, False, True, True, True, True]"
7,0.9589797483115107,"[True, True, True, True, True, True, True, False, True, True, True, False, True, True, True, False, False, False, False, True, False, False, True, True, False, False, False, False, True, True, False, True, True, False, True, True, True, True, False, False]"
7,0.960266400117491,"[True, True, True, True, True, True, True, False, True, True, True, True, False, True, True, False, True, True, False, True, False, False, True, True, False, True, False, False, False, True, False, True, True, False, True, False, True, False, False, True]"
7,0.9601927080080908,"[True, True, True, True, True, True, True, False, True, True, True, True, False, True, True, False, False, True, False, True, False, False, True, True, False, False, False, False, True, False, False, True, True, False, True, True, True, True, True, True]"
7,0.8853545208197783,"[True, True, True, True, True, True, False, False, True, True, True, False, False, True, True, False, True, True, False, True, False, False, True, True, False, True, True, False, True, True, False, True, True, False, True, False, True, False, False, True]"
7,0.9602664547311593,"[True, True, True, True, True, True, True, False, True, True, True, True, False, True, True, False, True, True, False, True, False, False, True, True, False, True, False, True, True, True, False, True, True, True, True, True, True, True, False, True]"
7,0.9601940103163368,"[True, True, True, True, True, True, True, False, True, True, True, True, False, True, True, False, False, True, False, True, False, True, False, True, False, True, False, False, True, True, False, True, True, True, True, False, True, False, False, True]"
7,0.9555683687987536,"[True, True, True, True, True, True, True, False, True, True, False, True, False, True, True, False, True, True, False, True, False, False, True, False, False, True, False, False, True, True, False, True, True, False, True, False, True, False, False, True]"
7,0.9604135485667372,"[True, True, True, True, True, True, True, False, True, True, True, True, False, True, True, True, True, True, False, True, False, False, True, True, False, True, False, False, True, True, False, True, True, False, True, False, True, True, False, True]"
7,0.960266400117491,"[True, True, True, True, True, True, True, False, True, True, True, True, False, True, True, False, True, True, False, True, False, False, True, True, False, True, False, False, False, True, False, True, True, False, True, False, True, False, False, True]"
7,0.9590899525903882,"[True, True, True, True, True, True, True, False, True, True, True, False, True, True, True, False, True, True, False, True, False, False, True, True, False, False, False, False, True, False, False, True, True, True, True, False, True, False, False, False]"
7,0.9601927169869816,"[True, True, True, True, True, True, True, False, True, True, True, True, False, True, True, False, False, True, False, True, False, False, True, True, False, False, False, False, True, True, False, True, True, False, True, True, True, True, True, True]"
7,0.9578965998109534,"[True, True, True, True, True, True, True, False, True, True, True, False, False, True, True, False, True, False, True, True, False, False, True, True, False, False, False, False, True, True, True, True, True, False, True, False, True, True, False, True]"
7,0.960266400117491,"[True, True, True, True, True, True, True, False, True, True, True, True, False, True, True, False, True, True, False, True, False, False, True, True, False, True, False, False, False, True, False, True, True, False, True, False, True, False, False, True]"
7,0.9602664899126054,"[True, True, True, True, True, True, True, False, True, True, True, True, False, True, True, False, True, True, False, True, False, False, True, True, False, True, True, False, True, True, False, True, True, False, True, False, True, False, False, True]"
7,0.9579151245366616,"[True, True, True, True, True, True, True, False, True, True, True, False, False, True, True, False, True, True, False, True, False, False, True, True, False, True, False, True, True, True, False, True, True, True, True, True, True, False, False, True]"
7,0.9602664180765133,"[True, True, True, True, True, True, True, False, True, True, True, True, False, True, True, False, True, True, False, True, False, False, True, True, False, True, False, False, True, True, False, True, True, False, True, False, True, False, False, True]"
7,0.5023415144140486,"[True, True, True, False, True, True, True, False, True, True, True, True, False, True, True, True, True, True, False, True, False, False, True, True, False, True, False, False, True, True, False, True, False, True, True, False, True, False, False, True]"
7,0.9792647071378501,"[True, True, True, True, True, True, True, True, False, True, True, True, False, True, True, False, True, True, False, True, False, False, True, True, False, False, False, False, False, True, False, True, False, False, True, False, True, False, False, True]"
7,0.9792647071378501,"[True, True, True, True, True, True, True, True, False, True, True, True, False, True, True, False, True, True, False, True, False, False, True, True, False, False, False, False, False, True, False, True, False, False, True, False, True, False, False, True]"
7,0.960266400117491,"[True, True, True, True, True, True, True, False, True, True, True, True, False, True, True, False, True, True, False, True, False, False, True, True, False, True, False, False, False, True, False, True, True, False, True, False, True, False, False, True]"
7,0.9792683822621292,"[True, True, True, True, True, True, True, True, False, True, True, True, False, True, True, False, True, True, False, True, True, False, False, True, False, True, False, False, True, True, False, True, True, False, True, False, True, False, False, True]"
7,0.9602664899126054,"[True, True, True, True, True, True, True, False, True, True, True, True, False, True, True, False, True, True, False, True, False, False, True, True, False, True, True, False, True, True, False, True, True, False, True, False, True, False, False, True]"
7,0.9601928581239331,"[True, True, True, True, True, True, True, False, True, True, True, True, False, True, True, False, False, True, False, True, False, False, True, True, False, True, False, False, True, True, False, False, True, False, False, True, True, True, True, True]"
7,0.9791900045308597,"[True, True, True, True, True, True, True, True, False, True, True, True, False, True, True, False, False, True, False, True, False, False, True, True, False, True, False, False, True, True, False, False, True, False, True, True, True, False, False, True]"
7,0.9602664178485179,"[True, True, True, True, True, True, True, False, True, True, True, True, False, True, True, False, True, True, False, True, False, False, True, True, False, True, False, False, True, True, False, True, True, False, False, False, True, True, True, True]"
7,0.9602664180765133,"[True, True, True, True, True, True, True, False, True, True, True, True, False, True, True, False, True, True, False, True, False, False, True, True, False, True, False, False, True, True, False, True, True, False, True, False, True, False, False, True]"
7,0.9602664180765133,"[True, True, True, True, True, True, True, False, True, True, True, True, False, True, True, False, True, True, False, True, False, False, True, True, False, True, False, False, True, True, False, True, True, False, True, False, True, False, False, True]"
7,0.9590899615687573,"[True, True, True, True, True, True, True, False, True, True, True, False, True, True, True, False, True, True, False, True, False, False, True, True, False, False, False, False, True, True, False, True, True, True, True, False, True, False, False, True]"
7,0.9597514688165784,"[True, True, True, True, True, True, True, False, True, True, True, True, False, False, True, True, False, True, False, True, False, False, True, True, False, False, False, False, True, False, False, True, True, False, True, True, True, True, False, True]"
7,0.9597514688165784,"[True, True, True, True, True, True, True, False, True, True, True, True, False, False, True, True, False, True, False, True, False, False, True, True, False, False, False, False, True, False, False, True, True, False, True, True, True, True, False, True]"
7,0.9598985282781765,"[True, True, True, True, True, True, True, False, True, True, True, True, False, True, False, False, False, True, False, True, False, False, True, True, False, False, False, False, True, False, False, True, True, False, True, True, True, True, True, True]"
7,0.9697237725374422,"[True, True, True, True, True, True, True, True, False, False, True, True, False, True, True, False, True, True, False, True, False, False, True, True, False, True, False, False, True, True, False, True, True, False, True, False, True, False, False, True]"
7,0.9792648727866412,"[True, True, True, True, True, True, True, True, False, True, True, True, False, True, True, False, True, True, False, True, False, False, True, True, False, True, False, False, True, True, False, True, True, False, True, False, True, False, False, True]"
7,0.9508921553716915,"[True, True, True, True, True, True, True, False, True, False, True, True, False, True, True, False, True, True, False, True, False, False, True, True, False, True, False, False, True, True, False, True, True, False, True, False, True, False, False, True]"
7,0.9604118247904512,"[True, True, True, True, True, True, True, False, True, True, True, True, False, True, True, True, True, True, False, True, False, False, False, False, False, True, False, False, True, True, False, True, True, True, True, False, True, False, False, True]"
7,0.7123992785164677,"[True, True, True, True, False, True, True, True, False, True, True, True, False, True, True, False, True, True, False, True, False, False, True, True, False, True, False, False, True, True, False, True, True, False, True, False, True, False, False, True]"
7,0.9792834244684065,"[True, True, True, True, True, True, True, True, False, True, True, True, False, True, True, False, True, True, True, True, False, False, True, True, False, False, False, False, False, True, False, True, False, False, True, False, True, False, False, True]"
7,0.9575847048436125,"[True, True, True, True, True, True, True, False, True, True, True, False, False, True, False, False, True, False, False, True, False, False, True, True, False, False, False, False, True, True, False, True, True, False, True, False, True, True, False, True]"
7,0.9578965953224217,"[True, True, True, True, True, True, True, False, True, True, True, False, False, True, True, False, True, False, True, True, False, False, True, True, False, False, False, False, True, True, False, True, True, False, True, False, True, True, False, False]"
step,fitness,genome
8,0.960266400117491,"[True, True, True, True, True, True, True, False, True, True, True, True, False, True, True, False, True, True, False, True, False, False, True, True, False, True, False, False, False, True, False, True, True, False, True, False, True, False, False, True]"
8,0.9792648727866412,"[True, True, True, True, True, True, True, True, False, True, True, True, False, True, True, False, True, True, False, True, False, False, True, True, False, True, False, False, True, True, False, True, True, False, True, False, True, False, False, True]"
8,0.9416184030699185,"[True, True, True, True, True, True, True, False, False, True, True, True, False, True, True, False, True, True, True, True, False, False, True, True, False, True, False, False, True, True, False, True, True, False, True, False, True, True, True, True]"
8,0.9986007804251708,"[True, True, True, True, True, True, True, True, True, True, True, True, False, True, True, False, True, True, False, True, False, False, True, True, False, False, False, False, False, True, False, True, False, False, False, False, True, False, False, True]"
8,0.9604302175291975,"[True, True, True, True, True, True, True, False, True, True, True, True, False, True, True, True, True, True, True, True, False, False, False, False, False, True, False, False, True, True, False, True, True, True, True, False, True, True, False, True]"
8,0.2511382843593433,"[True, True, False, True, True, True, True, False, True, True, True, True, False, True, True, False, False, True, False, True, False, False, True, True, False, True, False, False, True, True, False, False, True, False, False, True, True, False, True, True]"
8,0.9792647071378501,"[True, True, True, True, True, True, True, True, False, True, True, True, False, True, True, False, True, True, False, True, False, False, True, True, False, False, False, False, False, True, False, True, False, False, True, False, True, False, False, True]"
8,0.9792683822621292,"[True, True, True, True, True, True, True, True, False, True, True, True, False, True, True, False, True, True, False, True, True, False, False, True, False, True, False, False, True, True, False, True, True, False, True, False, True, False, False, True]"
8,0.9791898410353292,"[True, True, True, True, True, True, True, True, False, True, True, True, False, True, True, False, False, True, False, True, False, False, True, True, False, False, False, False, False, True, False, True, False, False, True, False, True, False, False, True]"
8,0.9602656909292718,"[True, True, True, True, True, True, True, False, True, True, True, True, False, True, True, False, True, True, False, True, False, False, True, False, False, False, False, False, True, False, False, True, True, False, True, True, True, True, True, True]"
8,0.9602664180765133,"[True, True, True, True, True, True, True, False, True, True, True, True, False, True, True, False, True, True, False, True, False, False, True, True, False, True, False, False, True, True, False, True, True, False, True, False, True, False, False, True]"
8,0.9602664899126054,"[True, True, True, True, True, True, True, False, True, True, True, True, False, True, True, False, True, True, False, True, False, False, True, True, False, True, True, False, True, True, False, True, True, False, True, False, True, False, False, True]"
8,0.96026639113798,"[True, True, True, True, True, True, True, False, True, True, True, True, False, True, True, False, True, True, False, True, False, False, True, True, False, True, False, False, False, False, False, True, True, False, True, False, True, False, False, True]"
8,0.9602664180765133,"[True, True, True, True, True, True, True, False, True, True, True, True, False, True, True, False, True, True, False, True, False, False, True, True, False, True, False, False, True, True, False, True, True, False, True, False, True, False, False, True]"
8,0.9794140160540807,"[True, True, True, True, True, True, True, True, False, True, True, True, False, True, True, True, True, True, False, True, False, False, True, False, False, True, False, False, False, True, False, True, False, False, True, False, True, False, False, True]"
8,0.9602651255889006,"[True, True, True, True, True, True, True, False, True, True, True, True, False, True, True, False, True, True, False, True, False, False, False, True, False, False, False, False, True, True, False, True, True, True, True, False, True, False, False, True]"
8,0.9792834244684065,"[True, True, True, True, True, True, True, True, False, True, True, True, False, True, True, False, True, True, True, True, False, False, True, True, False, False, False, False, False, True, False, True, False, False, True, False, True, False, False, True]"
8,0.9792834244684065,"[True, True, True, True, True, True, True, True, False, True, True, True, False, True, True, False, True, True, True, True, False, False, True, True, False, False, False, False, False, True, False, True, False, False, True, False, True, False, False, True]"
8,0.9602664541699398,"[True, True, True, True, True, True, True, False, True, True, True, True, False, True, True, False, True, True, False, True, False, False, True, True, False, True, False, True, True, True, False, True, True, False, True, True, True, True, False, True]"
8,0.9791900051020231,"[True, True, True, True, True, True, True, True, False, True, True, True, False, True, True, False, False, True, False, True, False, False, True, True, False, True, False, False, True, True, False, False, True, True, True, True, True, False, False, True]"
8,0.9602664169540743,"[True, True, True, True, True, True, True, False, True, True, True, True, False, True, True, False, True, True, False, True, False, False, True, True, False, True, False, False, True, True, False, True, False, False, True, False, True, False, False, True]"
8,0.9792647082802554,"[True, True, True, True, True, True, True, True, False, True, True, True, False, True, True, False, True, True, False, True, False, False, True, True, False, False, False, False, False, True, False, True, True, False, True, False, True, False, False, True]"
8,0.9792834256108316,"[True, True, True, True, True, True, True, True, False, True, True, True, False, True, True, False, True, True, True, True, False, False, True, True, False, False, False, False, False, True, False, True, True, False, True, False, True, False, False, True]"
8,0.9792648716442356,"[True, True, True, True, True, True, True, True, False, True, True, True, False, True, True, False, True, True, False, True, False, False, True, True, False, True, False, False, True, True, False, True, False, False, True, False, True, False, False, True]"
8,0.9792683822621292,"[True, True, True, True, True, True, True, True, False, True, True, True, False, True, True, False, True, True, False, True, True, False, False, True, False, True, False, False, True, True, False, True, True, False, True, False, True, False, False, True]"
8,0.9602664899038363,"[True, True, True, True, True, True, True, False, True, True, True, True, False, True, True, False, True, True, False, True, False, False, True, True, False, True, True, False, True, True, False, True, True, False, True, False, True, False, False, False]"
8,0.9590899525903882,"[True, True, True, True, True, True, True, False, True, True, True, False, True, True, True, False, True, True, False, True, False, False, True, True, False, False, False, False, True, False, False, True, True, True, True, False, True, False, False, False]"
8,0.9792648773562633,"[True, True, True, True, True, True, True, True, False, True, True, True, False, True, True, False, True, True, False, True, False, False, True, True, False, True, False, False, True, True, True, True, True, False, True, False, True, False, False, True]"
8,0.9697237725374422,"[True, True, True, True, True, True, True, True, False, False, True, True, False, True, True, False, True, True, False, True, False, False, True, True, False, True, False, False, True, True, False, True, True, False, True, False, True, False, False, True]"
8,0.9792834244684065,"[True, True, True, True, True, True, True, True, False, True, True, True, False, True, True, False, True, True, True, True, False, False, True, True, False, False, False, False, False, True, False, True, False, False, True, False, True, False, False, True]"
8,0.9599720571363974,"[True, True, True, True, True, True, True, False, True, True, True, True, False, True, False, False, True, True, False, True, False, False, True, True, False, False, False, False, False, True, False, True, True, True, True, True, True, False, False, True]"
8,0.9792647071378501,"[True, True, True, True, True, True, True, True, False, True, True, True, False, True, True, False, True, True, False, True, False, False, True, True, False, False, False, False, False, True, False, True, False, False, True, False, True, False, False, True]"
8,0.9791900043880688,"[True, True, True, True, True, True, True, True, False, True, True, True, False, True, True, False, False, True, False, True, False, False, True, True, False, True, False, False, True, True, False, False, True, False, True, False, True, False, False, True]"
8,0.9602284714772295,"[True, True, True, True, True, True, True, False, True, True, True, True, False, True, True, False, True, False, False, True, False, False, False, True, False, True, False, False, False, True, False, True, True, False, True, True, True, False, False, True]"
8,0.9792647071378501,"[True, True, True, True, True, True, True, True, False, True, True, True, False, True, True, False, True, True, False, True, False, False, True, True, False, False, False, False, False, True, False, True, False, False, True, False, True, False, False, True]"
8,0.9602662744043435,"[True, True, True, True, True, True, True, False, True, True, True, True, False, True, True, False, True, True, False, True, False, False, True, True, False, False, False, False, True, True, False, True, True, False, True, False, True, False, False, True]"
8,0.9602664899476816,"[True, True, True, True, True, True, True, False, True, True, True, True, False, True, True, False, True, True, False, True, False, False, True, True, False, True, True, False, True, True, False, True, True, False, True, False, True, True, False, True]"
8,0.0009003509495108075,"[False, True, True, True, True, True, True, False, True, True, True, True, False, True, True, False, True, True, False, True, False, False, True, True, False, True, False, False, False, True, False, True, True, False, True, False, True, False, False, True]"
8,0.960266400117491,"[True, True, True, True, True, True, True, False, True, True, True, True, False, True, True, False, True, True, False, True, False, False, True, True, False, True, False, False, False, True, False, True, True, False, True, False, True, False, False, True]"
8,0.9602664547311593,"[True, True, True, True, True, True, True, False, True, True, True, True, False, True, True, False, True, True, False, True, False, False, True, True, False, True, False, True, True, True, False, True, True, True, True, True, True, True, False, True]"
8,0.960266273474824,"[True, True, True, True, True, True, True, False, True, True, True, True, False, True, True, False, True, True, False, True, False, False, True, True, False, False, False, False, True, True, False, True, False, False, True, True, True, True, True, True]"
8,0.9603399701042769,"[True, True, True, True, True, True, True, False, True, True, True, True, False, True, True, True, False, True, False, True, False, False, True, True, False, True, False, False, True, False, False, False, True, True, True, False, True, False, False, True]"
8,0.6981354603731601,"[True, True, True, True, False, True, True, False, True, True, True, True, False, True, True, False, True, True, False, True, False, False, True, True, False, True, False, False, True, True, False, True, True, False, True, False, True, False, False, True]"
8,0.9792274390857506,"[True, True, True, True, True, True, True, True, False, True, True, True, False, True, True, False, True, False, False, True, False, False, True, True, False, True, False, False, True, True, False, True, True, False, True, False, True, False, False, True]"
8,0.9597514777917557,"[True, True, True, True, True, True, True, False, True, True, True, True, False, False, True, True, False, True, False, True, False, False, True, True, False, False, False, False, True, True, False, True, True, False, True, True, True, True, False, True]"
8,0.9604158380639248,"[True, True, True, True, True, True, True, False, True, True, True, True, False, True, True, True, True, True, False, True, False, True, True, True, False, True, False, False, True, False, False, True, False, True, True, False, True, False, False, True]"
8,0.960266400117491,"[True, True, True, True, True, True, True, False, True, True, True, True, False, True, True, False, True, True, False, True, False, False, True, True, False, True, False, False, False, True, False, True, True, False, True, False, True, False, False, True]"
8,0.9792683822621292,"[True, True, True, True, True, True, True, True, False, True, True, True, False, True, True, False, True, True, False, True, True, False, False, True, False, True, False, False, True, True, False, True, True, False, True, False, True, False, False, True]"
8,0.0009364495992499897,"[False, True, True, True, True, True, True, True, False, True, True, True, False, True, True, False, True, True, False, True, True, False, False, True, False, True, False, False, True, True, False, True, True, False, True, False, True, False, False, True]"
8,0.9602110942694164,"[True, True, True, True, True, True, True, False, True, True, True, True, False, True, True, False, False, True, True, True, False, False, True, True, False, False, False, False, True, False, False, False, True, False, False, False, True, True, True, True]"
step,fitness,genome
9,0.9416003392756565,"[True, True, True, True, True, True, True, False, False, True, True, True, False, True, True, False, True, True, False, True, False, False, True, True, False, True, False, False, True, True, True, True, True, False, True, False, True, False, False, True]"
9,0.9232614433370576,"[True, True, True, True, True, True, False, True, True, True, True, True, False, True, True, False, True, True, False, True, False, False, True, True, False, True, False, False, True, True, False, True, False, False, True, False, True, False, False, True]"
9,0.9604135389896099,"[True, True, True, True, True, True, True, False, True, True, True, True, False, True, True, True, True, True, False, True, False, False, True, True, False, True, False, False, True, False, False, True, False, True, True, False, True, False, False, True]"
9,0.9602674243434632,"[True, True, True, True, True, True, True, False, True, True, True, True, False, True, True, False, True, True, False, True, False, True, False, True, False, False, False, False, True, True, False, True, True, True, True, False, True, False, False, True]"
9,0.9786682620391216,"[True, True, True, True, True, True, True, True, False, True, True, True, False, False, True, False, True, True, False, True, False, True, True, True, False, False, False, False, False, True, False, True, True, False, True, False, True, False, False, True]"
9,0.9986045199238586,"[True, True, True, True, True, True, True, True, True, True, True, True, False, True, True, False, True, True, False, True, True, False, False, True, False, True, False, False, True, True, False, True, False, False, True, False, True, False, False, True]"
9,0.9792834244684065,"[True, True, True, True, True, True, True, True, False, True, True, True, False, True, True, False, True, True, True, True, False, False, True, True, False, False, False, False, False, True, False, True, False, False, True, False, True, False, False, True]"
9,0.9745022846680393,"[True, True, True, True, True, True, True, True, False, True, False, True, False, True, True, False, True, True, True, True, False, False, True, True, False, False, False, False, False, True, False, True, True, False, True, False, True, False, False, True]"
9,0.9792321182279312,"[True, True, True, True, True, True, True, True, False, True, True, True, False, True, True, False, True, False, False, True, True, False, True, True, False, True, False, False, True, True, False, True, True, False, True, False, True, False, False, True]"
9,0.9762730765201589,"[True, True, True, True, True, True, True, True, False, True, True, False, False, False, True, False, True, True, False, True, False, False, False, True, False, True, False, False, True, True, False, True, True, False, True, False, True, False, False, True]"
9,0.9792683822621292,"[True, True, True, True, True, True, True, True, False, True, True, True, False, True, True, False, True, True, False, True, True, False, False, True, False, True, False, False, True, True, False, True, True, False, True, False, True, False, False, True]"
9,0.9792647071378501,"[True, True, True, True, True, True, True, True, False, True, True, True, False, True, True, False, True, True, False, True, False, False, True, True, False, False, False, False, False, True, False, True, False, False, True, False, True, False, False, True]"
9,0.9580785263995827,"[True, True, True, True, True, True, True, False, True, True, True, False, False, True, True, True, True, True, True, True, False, False, False, False, False, True, False, False, True, True, False, True, True, True, True, False, True, False, False, True]"
9,0.9602664181115895,"[True, True, True, True, True, True, True, False, True, True, True, True, False, True, True, False, True, True, False, True, False, False, True, True, False, True, False, False, True, True, False, True, True, False, True, False, True, True, False, True]"
9,0.9794140160540807,"[True, True, True, True, True, True, True, True, False, True, True, True, False, True, True, True, True, True, False, True, False, False, True, False, False, True, False, False, False, True, False, True, False, False, True, False, True, False, False, True]"
9,0.9986007804251708,"[True, True, True, True, True, True, True, True, True, True, True, True, False, True, True, False, True, True, False, True, False, False, True, True, False, False, False, False, False, True, False, True, False, False, False, False, True, False, False, True]"
9,0.9602664899038363,"[True, True, True, True, True, True, True, False, True, True, True, True, False, True, True, False, True, True, False, True, False, False, True, True, False, True, True, False, True, True, False, True, True, False, True, False, True, False, False, False]"
9,0.9792834244684065,"[True, True, True, True, True, True, True, True, False, True, True, True, False, True, True, False, True, True, True, True, False, False, True, True, False, False, False, False, False, True, False, True, False, False, True, False, True, False, False, True]"
9,0.979283588977622,"[True, True, True, True, True, True, True, True, False, True, True, True, False, True, True, False, True, True, True, True, False, False, True, True, False, True, False, False, True, True, False, True, False, False, True, False, True, False, False, True]"
9,0.9791945188734851,"[True, True, True, True, True, True, True, True, False, True, True, True, False, True, True, False, False, True, False, True, True, False, True, True, False, False, False, False, False, True, False, False, True, False, True, False, True, False, False, True]"
9,0.9792647311283631,"[True, True, True, True, True, True, True, True, False, True, True, True, False, True, True, False, True, True, False, True, False, False, True, True, False, False, False, False, True, True, True, True, True, False, True, False, True, False, False, True]"
9,0.7124132142981553,"[True, True, True, True, False, True, True, True, False, True, True, True, False, True, True, False, True, True, True, True, False, False, True, True, False, False, False, False, False, True, True, True, False, False, True, False, True, False, False, True]"
9,0.9792647802517961,"[True, True, True, True, True, True, True, True, False, True, True, True, False, True, True, False, True, True, False, True, False, False, True, True, False, False, True, False, False, True, False, True, False, False, True, False, True, False, False, True]"
9,0.9792277315315474,"[True, True, True, True, True, True, True, True, False, True, True, True, False, True, True, False, True, False, False, True, False, False, True, True, True, True, False, False, True, True, False, True, True, False, True, False, True, False, False, True]"
9,0.9792648716442356,"[True, True, True, True, True, True, True, True, False, True, True, True, False, True, True, False, True, True, False, True, False, False, True, True, False, True, False, False, True, True, False, True, False, False, True, False, True, False, False, True]"
9,0.9792647255591368,"[True, True, True, True, True, True, True, True, False, True, True, True, False, True, True, False, True, True, False, True, False, False, True, True, False, False, False, False, True, True, False, True, False, False, True, True, True, False, False, True]"
9,0.9792834244684065,"[True, True, True, True, True, True, True, True, False, True, True, True, False, True, True, False, True, True, True, True, False, False, True, True, False, False, False, False, False, True, False, True, False, False, True, False, True, False, False, True]"
9,0.9791900051020231,"[True, True, True, True, True, True, True, True, False, True, True, True, False, True, True, False, False, True, False, True, False, False, True, True, False, True, False, False, True, True, False, False, True, True, True, True, True, False, False, True]"
9,0.9792834256108316,"[True, True, True, True, True, True, True, True, False, True, True, True, False, True, True, False, True, True, True, True, False, False, True, True, False, False, False, False, False, True, False, True, True, False, True, False, True, False, False, True]"
9,0.9792648716442356,"[True, True, True, True, True, True, True, True, False, True, True, True, False, True, True, False, True, True, False, True, False, False, True, True, False, True, False, False, True, True, False, True, False, False, True, False, True, False, False, True]"
9,0.9792647071378501,"[True, True, True, True, True, True, True, True, False, True, True, True, False, True, True, False, True, True, False, True, False, False, True, True, False, False, False, False, False, True, False, True, False, False, True, False, True, False, False, True]"
9,0.9792834256108316,"[True, True, True, True, True, True, True, True, False, True, True, True, False, True, True, False, True, True, True, True, False, False, True, True, False, False, False, False, False, True, False, True, True, False, True, False, True, False, False, True]"
9,0.9792647254163361,"[True, True, True, True, True, True, True, True, False, True, True, True, False, True, True, False, True, True, False, True, False, False, True, True, False, False, False, False, True, True, False, True, False, False, True, False, True, False, False, True]"
9,0.9602664899126054,"[True, True, True, True, True, True, True, False, True, True, True, True, False, True, True, False, True, True, False, True, False, False, True, True, False, True, True, False, True, True, False, True, True, False, True, False, True, False, False, True]"
9,0.9986007804251708,"[True, True, True, True, True, True, True, True, True, True, True, True, False, True, True, False, True, True, False, True, False, False, True, True, False, False, False, False, False, True, False, True, False, False, False, False, True, False, False, True]"
9,0.9986007804251708,"[True, True, True, True, True, True, True, True, True, True, True, True, False, True, True, False, True, True, False, True, False, False, True, True, False, False, False, False, False, True, False, True, False, False, False, False, True, False, False, True]"
9,0.9603399521440166,"[True, True, True, True, True, True, True, False, True, True, True, True, False, True, True, True, False, True, False, True, False, False, True, True, False, True, False, False, False, False, False, False, True, True, True, False, True, False, False, True]"
9,0.9986007804251708,"[True, True, True, True, True, True, True, True, True, True, True, True, False, True, True, False, True, True, False, True, False, False, True, True, False, False, False, False, False, True, False, True, False, False, False, False, True, False, False, True]"
9,0.9792683822621292,"[True, True, True, True, True, True, True, True, False, True, True, True, False, True, True, False, True, True, False, True, True, False, False, True, False, True, False, False, True, True, False, True, True, False, True, False, True, False, False, True]"
9,0.9792834244684065,"[True, True, True, True, True, True, True, True, False, True, True, True, False, True, True, False, True, True, True, True, False, False, True, True, False, False, False, False, False, True, False, True, False, False, True, False, True, False, False, True]"
9,0.960266273474824,"[True, True, True, True, True, True, True, False, True, True, True, True, False, True, True, False, True, True, False, True, False, False, True, True, False, False, False, False, True, True, False, True, False, False, True, True, True, True, True, True]"
9,0.9792648727866412,"[True, True, True, True, True, True, True, True, False, True, True, True, False, True, True, False, True, True, False, True, False, False, True, True, False, True, False, False, True, True, False, True, True, False, True, False, True, False, False, True]"
9,0.9792647299859577,"[True, True, True, True, True, True, True, True, False, True, True, True, False, True, True, False, True, True, False, True, False, False, True, True, False, False, False, False, True, True, True, True, False, False, True, False, True, False, False, True]"
9,0.9792648545081526,"[True, True, True, True, True, True, True, True, False, True, True, True, False, True, True, False, True, True, False, True, False, False, True, True, False, True, False, False, False, True, False, True, True, False, True, False, True, False, False, True]"
9,0.9792683822621292,"[True, True, True, True, True, True, True, True, False, True, True, True, False, True, True, False, True, True, False, True, True, False, False, True, False, True, False, False, True, True, False, True, True, False, True, False, True, False, False, True]"
9,0.054772623049694553,"[True, False, True, True, True, True, True, True, False, True, True, True, False, True, True, True, True, True, False, True, False, False, True, False, False, True, False, False, False, True, False, True, False, False, True, False, True, False, False, True]"
9,0.9792648716442356,"[True, True, True, True, True, True, True, True, False, True, True, True, False, True, True, False, True, True, False, True, False, False, True, True, False, True, False, False, True, True, False, True, False, False, True, False, True, False, False, True]"
9,0.9792647071378501,"[True, True, True, True, True, True, True, True, False, True, True, True, False, True, True, False, True, True, False, True, False, False, True, True, False, False, False, False, False, True, False, True, False, False, True, False, True, False, False, True]"
9,0.8198099598119181,"[True, True, True, True, True, False, True, False, True, True, True, True, False, True, True, False, True, True, False, False, False, False, True, True, False, True, False, False, False, True, False, True, True, False, True, False, True, False, False, True]"
9,0.9794140160540807,"[True, True, True, True, True, True, True, True, False, True, True, True, False, True, True, True, True, True, False, True, False, False, True, False, False, True, False, False, False, True, False, True, False, False, True, False, True, False, False, True]"
step,fitness,genome
10,0.9792834256108316,"[True, True, True, True, True, True, True, True, False, True, True, True, False, True, True, False, True, True, True, True, False, False, True, True, False, False, False, False, False, True, False, True, True, False, True, False, True, False, False, True]"
10,0.9792085570780136,"[True, True, True, True, True, True, True, True, False, True, True, True, False, True, True, False, False, True, True, True, False, False, True, True, False, False, False, False, False, True, False, True, False, False, True, False, True, False, False, True]"
10,0.97896892833153,"[True, True, True, True, True, True, True, True, False, True, True, True, False, True, False, False, True, True, False, True, True, False, False, True, False, True, False, False, False, True, False, True, False, False, True, False, True, False, False, True]"
10,0.9986198489481383,"[True, True, True, True, True, True, True, True, True, True, True, True, False, True, True, False, True, True, True, True, False, False, True, True, False, False, False, False, True, True, False, True, False, False, True, False, True, False, False, True]"
10,0.9792834244684065,"[True, True, True, True, True, True, True, True, False, True, True, True, False, True, True, False, True, True, True, True, False, False, True, True, False, False, False, False, False, True, False, True, False, False, True, False, True, False, False, True]"
10,0.9792834256108316,"[True, True, True, True, True, True, True, True, False, True, True, True, False, True, True, False, True, True, True, True, False, False, True, True, False, False, False, False, False, True, False, True, True, False, True, False, True, False, False, True]"
10,0.9792683822621292,"[True, True, True, True, True, True, True, True, False, True, True, True, False, True, True, False, True, True, False, True, True, False, False, True, False, True, False, False, True, True, False, True, True, False, True, False, True, False, False, True]"
10,0.25685532828502383,"[True, True, False, True, True, True, True, True, False, True, True, True, False, True, True, False, True, True, True, True, False, False, True, True, False, False, False, False, False, True, False, True, False, False, True, False, True, False, False, True]"
10,0.9792834244684065,"[True, True, True, True, True, True, True, True, False, True, True, True, False, True, True, False, True, True, True, True, False, False, True, True, False, False, False, False, False, True, False, True, False, False, True, False, True, False, False, True]"
10,0.9792834244684065,"[True, True, True, True, True, True, True, True, False, True, True, True, False, True, True, False, True, True, True, True, False, False, True, True, False, False, False, False, False, True, False, True, False, False, True, False, True, False, False, True]"
10,0.9986007804251708,"[True, True, True, True, True, True, True, True, True, True, True, True, False, True, True, False, True, True, False, True, False, False, True, True, False, False, False, False, False, True, False, True, False, False, False, False, True, False, False, True]"
10,0.9792683811197199,"[True, True, True, True, True, True, True, True, False, True, True, True, False, True, True, False, True, True, False, True, True, False, False, True, False, True, False, False, True, True, False, True, False, False, True, False, True, False, False, True]"
10,0.9792834256108316,"[True, True, True, True, True, True, True, True, False, True, True, True, False, True, True, False, True, True, True, True, False, False, True, True, False, False, False, False, False, True, False, True, True, False, True, False, True, False, False, True]"
10,0.9986007804251708,"[True, True, True, True, True, True, True, True, True, True, True, True, False, True, True, False, True, True, False, True, False, False, True, True, False, False, False, False, False, True, False, True, False, False, False, False, True, False, False, True]"
10,0.9792834244684065,"[True, True, True, True, True, True, True, True, False, True, True, True, False, True, True, False, True, True, True, True, False, False, True, True, False, False, False, False, False, True, False, True, False, False, True, False, True, False, False, True]"
10,0.9792555142406792,"[True, True, True, True, True, True, True, True, False, True, True, True, False, True, True, False, True, True, False, False, False, False, True, True, False, True, False, False, True, True, False, True, True, False, True, False, True, False, False, True]"
10,0.9998396870953509,"[True, True, True, True, True, True, True, True, True, True, True, True, True, True, True, False, True, True, True, True, False, False, True, True, False, False, False, False, False, True, False, True, False, False, True, False, True, False, False, True]"
10,0.979264707994654,"[True, True, True, True, True, True, True, True, False, True, True, True, False, True, True, False, True, True, False, True, False, False, True, True, False, False, False, False, False, True, False, True, True, False, False, False, True, False, False, True]"
10,0.9792695509473969,"[True, True, True, True, True, True, True, True, False, True, True, True, False, True, True, False, True, True, False, True, True, False, True, True, False, True, False, False, True, True, False, True, False, False, True, False, True, False, False, True]"
10,0.9985997575516657,"[True, True, True, True, True, True, True, True, True, True, True, True, False, True, True, False, True, True, False, True, False, False, False, True, False, True, False, False, True, True, False, True, False, False, True, False, True, False, False, True]"
10,0.9806127387002846,"[True, True, True, True, True, True, True, True, False, True, True, True, True, True, True, True, True, True, False, True, False, False, True, False, False, True, False, False, False, True, False, True, False, False, False, False, True, False, False, True]"
10,0.9986007990281645,"[True, True, True, True, True, True, True, True, True, True, True, True, False, True, True, False, True, True, False, True, False, False, True, True, False, False, False, False, True, True, False, True, False, False, False, False, True, False, False, True]"
10,0.9792647311283631,"[True, True, True, True, True, True, True, True, False, True, True, True, False, True, True, False, True, True, False, True, False, False, True, True, False, False, False, False, True, True, True, True, True, False, True, False, True, False, False, True]"
10,0.9986007804251708,"[True, True, True, True, True, True, True, True, True, True, True, True, False, True, True, False, True, True, False, True, False, False, True, True, False, False, False, False, False, True, False, True, False, False, False, False, True, False, False, True]"
10,0.9792647071378501,"[True, True, True, True, True, True, True, True, False, True, True, True, False, True, True, False, True, True, False, True, False, False, True, True, False, False, False, False, False, True, False, True, False, False, True, False, True, False, False, True]"
10,0.9792834256108316,"[True, True, True, True, True, True, True, True, False, True, True, True, False, True, True, False, True, True, True, True, False, False, True, True, False, False, False, False, False, True, False, True, True, False, True, False, True, False, False, True]"
10,0.9986045199238586,"[True, True, True, True, True, True, True, True, True, True, True, True, False, True, True, False, True, True, False, True, True, False, False, True, False, True, False, False, True, True, False, True, False, False, True, False, True, False, False, True]"
10,0.9792647254163361,"[True, True, True, True, True, True, True, True, False, True, True, True, False, True, True, False, True, True, False, True, False, False, True, True, False, False, False, False, True, True, False, True, False, False, True, False, True, False, False, True]"
10,0.9792834153290064,"[True, True, True, True, True, True, True, True, False, True, True, True, False, True, True, False, True, True, True, True, False, False, True, True, False, False, False, False, False, False, False, True, False, False, True, False, True, False, False, True]"
10,0.9986007804251708,"[True, True, True, True, True, True, True, True, True, True, True, True, False, True, True, False, True, True, False, True, False, False, True, True, False, False, False, False, False, True, False, True, False, False, False, False, True, False, False, True]"
10,0.000936728737375601,"[False, True, True, True, True, True, True, True, False, True, True, True, False, True, True, True, True, True, False, True, False, False, True, False, False, True, False, False, False, True, False, True, True, False, True, False, True, False, False, True]"
10,0.9792648716442356,"[True, True, True, True, True, True, True, True, False, True, True, True, False, True, True, False, True, True, False, True, False, False, True, True, False, True, False, False, True, True, False, True, False, False, True, False, True, False, False, True]"
10,0.9792683822621292,"[True, True, True, True, True, True, True, True, False, True, True, True, False, True, True, False, True, True, False, True, True, False, False, True, False, True, False, False, True, True, False, True, True, False, True, False, True, False, False, True]"
10,0.9792648727866412,"[True, True, True, True, True, True, True, True, False, True, True, True, False, True, True, False, True, True, False, True, False, False, True, True, False, True, False, False, True, True, False, True, True, False, True, False, True, False, False, True]"
10,0.0009364426957609381,"[False, True, True, True, True, True, True, True, False, True, True, True, False, True, True, False, True, True, False, True, False, False, True, True, False, False, True, False, False, True, False, True, False, False, True, False, True, False, False, True]"
10,0.9985626821483652,"[True, True, True, True, True, True, True, True, True, True, True, True, False, True, True, False, True, False, False, True, False, False, True, True, False, False, False, False, False, True, False, True, False, False, False, False, True, False, False, True]"
10,0.9792834256108316,"[True, True, True, True, True, True, True, True, False, True, True, True, False, True, True, False, True, True, True, True, False, False, True, True, False, False, False, False, False, True, False, True, True, False, True, False, True, False, False, True]"
10,0.9792683822621292,"[True, True, True, True, True, True, True, True, False, True, True, True, False, True, True, False, True, True, False, True, True, False, False, True, False, True, False, False, True, True, False, True, True, False, True, False, True, False, False, True]"
10,0.9986045199238586,"[True, True, True, True, True, True, True, True, True, True, True, True, False, True, True, False, True, True, False, True, True, False, False, True, False, True, False, False, True, True, False, True, False, False, True, False, True, False, False, True]"
10,0.9791525744052303,"[True, True, True, True, True, True, True, True, False, True, True, True, False, True, True, False, False, False, False, True, False, False, True, True, False, True, False, False, True, True, False, True, False, False, True, False, True, False, False, True]"
10,0.9804820035582934,"[True, True, True, True, True, True, True, True, False, True, True, True, True, True, True, False, True, True, True, True, False, False, True, True, False, False, False, False, False, True, False, True, False, False, True, False, True, False, False, True]"
10,0.9604135389896099,"[True, True, True, True, True, True, True, False, True, True, True, True, False, True, True, True, True, True, False, True, False, False, True, True, False, True, False, False, True, False, False, True, False, True, True, False, True, False, False, True]"
10,0.9768763795591272,"[True, True, True, True, True, True, True, True, False, True, True, False, False, True, True, False, True, True, False, True, True, False, True, True, False, True, False, False, True, True, False, True, True, False, True, False, False, False, False, True]"
10,0.0009363330167845839,"[False, True, True, True, True, True, True, True, False, True, True, True, False, True, True, False, False, True, True, True, False, False, False, True, False, True, False, False, True, True, False, True, False, False, True, False, True, False, False, True]"
10,0.9986009292491296,"[True, True, True, True, True, True, True, True, True, True, True, True, False, True, True, False, True, True, False, True, False, False, True, True, False, True, False, False, False, True, False, True, False, False, False, False, True, False, False, True]"
10,0.9792460084074406,"[True, True, True, True, True, True, True, True, False, True, True, True, False, True, True, False, True, False, True, True, False, False, True, True, False, False, False, False, True, True, False, True, False, False, True, False, True, False, False, True]"
10,0.9794140160540807,"[True, True, True, True, True, True, True, True, False, True, True, True, False, True, True, True, True, True, False, True, False, False, True, False, False, True, False, False, False, True, False, True, False, False, True, False, True, False, False, True]"
10,0.9794140160540807,"[True, True, True, True, True, True, True, True, False, True, True, True, False, True, True, True, True, True, False, True, False, False, True, False, False, True, False, False, False, True, False, True, False, False, True, False, True, False, False, True]"
10,0.9792834244684065,"[True, True, True, True, True, True, True, True, False, True, True, True, False, True, True, False, True, True, True, True, False, False, True, True, False, False, False, False, False, True, False, True, False, False, True, False, True, False, False, True]"
10,0.9792683822621292,"[True, True, True, True, True, True, True, True, False, True, True, True, False, True, True, False, True, True, False, True, True, False, False, True, False, True, False, False, True, True, False, True, True, False, True, False, True, False, False, True]"
step,fitness,genome
11,0.9792834256108316,"[True, True, True, True, True, True, True, True, False, True, True, True, False, True, True, False, True, True, True, True, False, False, True, True, False, False, False, False, False, True, False, True, True, False, True, False, True, False, False, True]"
11,0.9792834256108316,"[True, True, True, True, True, True, True, True, False, True, True, True, False, True, True, False, True, True, True, True, False, False, True, True, False, False, False, False, False, True, False, True, True, False, True, False, True, False, False, True]"
11,0.9986198300541483,"[True, True, True, True, True, True, True, True, True, True, True, True, False, True, True, False, True, True, True, True, False, False, True, True, False, False, False, False, False, True, False, True, False, False, False, False, True, False, False, True]"
11,0.9986007993188363,"[True, True, True, True, True, True, True, True, True, True, True, True, False, True, True, False, True, True, False, True, False, False, True, True, False, False, False, False, True, True, False, True, False, False, True, False, True, False, False, True]"
11,0.9794140160540807,"[True, True, True, True, True, True, True, True, False, True, True, True, False, True, True, True, True, True, False, True, False, False, True, False, False, True, False, False, False, True, False, True, False, False, True, False, True, False, False, True]"
11,0.9986031802139409,"[True, True, True, True, True, True, True, True, True, True, True, True, False, True, True, False, True, True, False, True, False, True, True, True, False, False, False, False, True, True, False, True, False, False, False, False, True, False, False, True]"
11,0.9792683822621292,"[True, True, True, True, True, True, True, True, False, True, True, True, False, True, True, False, True, True, False, True, True, False, False, True, False, True, False, False, True, True, False, True, True, False, True, False, True, False, False, True]"
11,0.9417443053786831,"[True, True, True, True, True, True, True, False, False, True, True, True, False, True, True, True, True, True, False, True, False, False, True, False, False, True, False, False, False, True, False, True, False, False, True, False, True, False, False, True]"
11,0.9985997575516657,"[True, True, True, True, True, True, True, True, True, True, True, True, False, True, True, False, True, True, False, True, False, False, False, True, False, True, False, False, True, True, False, True, False, False, True, False, True, False, False, True]"
11,0.9792647259875388,"[True, True, True, True, True, True, True, True, False, True, True, True, False, True, True, False, True, True, False, True, False, False, True, True, False, False, False, False, True, True, False, True, False, True, True, False, True, False, False, True]"
11,0.999820616270068,"[True, True, True, True, True, True, True, True, True, True, True, True, True, True, True, False, True, True, False, True, False, False, True, True, False, False, False, False, False, True, False, True, False, False, False, False, True, True, False, True]"
11,0.9986007990281645,"[True, True, True, True, True, True, True, True, True, True, True, True, False, True, True, False, True, True, False, True, False, False, True, True, False, False, False, False, True, True, False, True, False, False, False, False, True, False, False, True]"
11,0.9986007804251708,"[True, True, True, True, True, True, True, True, True, True, True, True, False, True, True, False, True, True, False, True, False, False, True, True, False, False, False, False, False, True, False, True, False, False, False, False, True, False, False, True]"
11,0.9986009292491296,"[True, True, True, True, True, True, True, True, True, True, True, True, False, True, True, False, True, True, False, True, False, False, True, True, False, True, False, False, False, True, False, True, False, False, False, False, True, False, False, True]"
11,0.9794331747045655,"[True, True, True, True, True, True, True, True, False, True, True, True, False, True, True, True, True, True, True, True, False, False, True, True, False, False, False, False, False, True, False, True, False, False, True, False, True, False, False, True]"
11,0.9986007804251708,"[True, True, True, True, True, True, True, True, True, True, True, True, False, True, True, False, True, True, False, True, False, False, True, True, False, False, False, False, False, True, False, True, False, False, False, False, True, False, False, True]"
11,0.9986007804251708,"[True, True, True, True, True, True, True, True, True, True, True, True, False, True, True, False, True, True, False, True, False, False, True, True, False, False, False, False, False, True, False, True, False, False, False, False, True, False, False, True]"
11,0.9806127387002846,"[True, True, True, True, True, True, True, True, False, True, True, True, True, True, True, True, True, True, False, True, False, False, True, False, False, True, False, False, False, True, False, True, False, False, False, False, True, False, False, True]"
11,0.9800132122106839,"[True, True, True, True, True, True, True, True, False, True, True, True, True, False, True, True, True, True, False, True, False, False, True, False, False, True, False, False, False, True, False, True, False, False, False, False, False, False, False, True]"
11,0.999842145434921,"[True, True, True, True, True, True, True, True, True, True, True, True, True, True, True, False, True, True, True, True, False, True, True, True, False, False, True, False, False, True, False, True, False, False, True, False, True, False, False, True]"
11,0.9961654233043387,"[True, True, True, True, True, True, True, True, True, True, True, False, False, True, True, False, True, True, False, True, False, False, True, True, True, False, False, False, False, True, False, True, False, False, False, False, True, False, False, True]"
11,0.9792834253252253,"[True, True, True, True, True, True, True, True, False, True, True, True, False, True, True, False, True, True, True, True, False, False, True, True, False, False, False, False, False, True, False, True, True, False, False, False, True, False, False, True]"
11,0.9986007804251708,"[True, True, True, True, True, True, True, True, True, True, True, True, False, True, True, False, True, True, False, True, False, False, True, True, False, False, False, False, False, True, False, True, False, False, False, False, True, False, False, True]"
11,0.9985997575425822,"[True, True, True, True, True, True, True, True, True, True, True, True, False, True, True, False, True, True, False, True, False, False, False, True, False, True, False, False, True, True, False, True, False, False, True, False, True, False, False, False]"
11,0.0009364246189302099,"[False, True, True, True, True, True, True, True, False, True, True, True, False, True, True, False, True, True, False, False, False, False, True, True, False, False, False, False, False, True, False, True, False, False, False, False, True, False, False, True]"
11,0.9986198315075321,"[True, True, True, True, True, True, True, True, True, True, True, True, False, True, True, False, True, True, True, True, False, False, True, True, False, False, False, False, False, True, False, True, True, False, True, False, True, False, False, True]"
11,0.9986198489481383,"[True, True, True, True, True, True, True, True, True, True, True, True, False, True, True, False, True, True, True, True, False, False, True, True, False, False, False, False, True, True, False, True, False, False, True, False, True, False, False, True]"
11,0.9986009292491296,"[True, True, True, True, True, True, True, True, True, True, True, True, False, True, True, False, True, True, False, True, False, False, True, True, False, True, False, False, False, True, False, True, False, False, False, False, True, False, False, True]"
11,0.9986007993188363,"[True, True, True, True, True, True, True, True, True, True, True, True, False, True, True, False, True, True, False, True, False, False, True, True, False, False, False, False, True, True, False, True, False, False, True, False, True, False, False, True]"
11,0.9792834150434001,"[True, True, True, True, True, True, True, True, False, True, True, True, False, True, True, False, True, True, True, True, False, False, True, True, False, False, False, False, False, False, False, True, False, False, False, False, True, False, False, True]"
11,0.9986045196331857,"[True, True, True, True, True, True, True, True, True, True, True, True, False, True, True, False, True, True, False, True, True, False, False, True, False, True, False, False, True, True, False, True, False, False, False, False, True, False, False, True]"
11,0.9986007807158425,"[True, True, True, True, True, True, True, True, True, True, True, True, False, True, True, False, True, True, False, True, False, False, True, True, False, False, False, False, False, True, False, True, False, False, True, False, True, False, False, True]"
11,0.9806319184532168,"[True, True, True, True, True, True, True, True, False, True, True, True, True, True, True, True, True, True, True, True, False, False, True, True, False, False, False, False, False, True, False, True, False, False, False, False, True, False, False, True]"
11,0.9804628264442922,"[True, True, True, True, True, True, True, True, False, True, True, True, True, True, True, False, True, True, False, True, False, False, True, False, False, True, False, False, False, True, False, True, False, False, True, False, True, False, False, True]"
11,0.25685532828502383,"[True, True, False, True, True, True, True, True, False, True, True, True, False, True, True, False, True, True, True, True, False, False, True, True, False, False, False, False, False, True, False, True, False, False, True, False, True, False, False, True]"
11,0.9961841529693009,"[True, True, True, True, True, True, True, True, True, True, True, False, False, True, True, False, True, True, True, True, False, False, True, True, False, False, False, False, True, True, False, True, False, False, True, False, True, False, False, True]"
11,0.9998384951750932,"[True, True, True, True, True, True, True, True, True, True, True, True, True, True, True, False, True, True, True, True, False, False, False, True, False, False, False, False, False, True, False, True, False, False, True, False, True, False, False, True]"
11,0.9986039246262166,"[True, True, True, True, True, True, True, True, True, True, True, True, False, True, True, False, True, True, False, True, True, False, False, False, False, True, False, False, True, True, False, True, False, False, True, False, True, False, False, True]"
11,0.9792683822621292,"[True, True, True, True, True, True, True, True, False, True, True, True, False, True, True, False, True, True, False, True, True, False, False, True, False, True, False, False, True, True, False, True, True, False, True, False, True, False, False, True]"
11,0.998600771123674,"[True, True, True, True, True, True, True, True, True, True, True, True, False, True, True, False, True, True, False, True, False, False, True, True, False, False, False, False, False, False, False, True, False, False, False, False, True, False, False, True]"
11,0.9986007815878578,"[True, True, True, True, True, True, True, True, True, True, True, True, False, True, True, False, True, True, False, True, False, False, True, True, False, False, False, False, False, True, False, True, True, False, False, False, True, False, False, True]"
11,0.9792683788349015,"[True, True, True, True, True, True, True, True, False, True, True, True, False, True, True, False, True, True, False, True, True, False, False, True, False, True, False, False, True, True, False, False, False, False, True, False, True, False, False, True]"
11,0.9792834244684065,"[True, True, True, True, True, True, True, True, False, True, True, True, False, True, True, False, True, True, True, True, False, False, True, True, False, False, False, False, False, True, False, True, False, False, True, False, True, False, False, True]"
11,0.9937348213440274,"[True, True, True, True, True, True, True, True, True, True, False, True, False, True, True, False, True, True, False, True, False, False, True, True, False, False, False, False, False, True, False, True, True, False, False, False, True, True, False, True]"
11,0.9986007804251708,"[True, True, True, True, True, True, True, True, True, True, True, True, False, True, True, False, True, True, False, True, False, False, True, True, False, False, False, False, False, True, False, True, False, False, False, False, True, False, False, True]"
11,0.9986007804251708,"[True, True, True, True, True, True, True, True, True, True, True, True, False, True, True, False, True, True, False, True, False, False, True, True, False, False, False, False, False, True, False, True, False, False, False, False, True, False, False, True]"
11,0.9794140160540807,"[True, True, True, True, True, True, True, True, False, True, True, True, False, True, True, True, True, True, False, True, False, False, True, False, False, True, False, False, False, True, False, True, False, False, True, False, True, False, False, True]"
11,0.9986198489481383,"[True, True, True, True, True, True, True, True, True, True, True, True, False, True, True, False, True, True, True, True, False, False, True, True, False, False, False, False, True, True, False, True, False, False, True, False, True, False, False, True]"
11,0.9806115674286013,"[True, True, True, True, True, True, True, True, False, True, True, True, True, True, True, True, True, True, False, True, False, False, False, False, False, True, False, False, False, True, False, True, False, False, False, False, True, False, False, True]"
11,0.9979962923409011,"[True, True, True, True, True, True, True, True, True, True, True, True, False, False, True, False, True, True, False, True, True, False, True, True, False, True, False, False, True, True, False, True, False, False, True, False, True, False, False, True]"
step,fitness,genome
12,0.9985990134328571,"[True, True, True, True, True, True, True, True, True, True, True, True, False, True, True, False, True, True, False, True, False, False, False, False, False, False, False, False, True, True, False, True, False, False, True, False, True, False, False, True]"
12,0.9998255328702459,"[True, True, True, True, True, True, True, True, True, True, True, True, True, True, True, False, True, True, False, True, True, False, True, True, False, True, False, False, False, True, False, True, False, False, False, False, True, True, False, True]"
12,0.999842145434921,"[True, True, True, True, True, True, True, True, True, True, True, True, True, True, True, False, True, True, True, True, False, True, True, True, False, False, True, False, False, True, False, True, False, False, True, False, True, False, False, True]"
12,0.9986007804251708,"[True, True, True, True, True, True, True, True, True, True, True, True, False, True, True, False, True, True, False, True, False, False, True, True, False, False, False, False, False, True, False, True, False, False, False, False, True, False, False, True]"
12,0.9986055614048275,"[True, True, True, True, True, True, True, True, True, True, True, True, False, True, True, False, True, True, False, True, True, False, True, True, False, False, False, False, True, True, False, True, False, False, False, False, True, False, False, True]"
12,0.9985997575516657,"[True, True, True, True, True, True, True, True, True, True, True, True, False, True, True, False, True, True, False, True, False, False, False, True, False, True, False, False, True, True, False, True, False, False, True, False, True, False, False, True]"
12,0.9985996087187806,"[True, True, True, True, True, True, True, True, True, True, True, True, False, True, True, False, True, True, False, True, False, False, False, True, False, False, False, False, True, True, False, True, False, False, True, False, True, False, False, False]"
12,0.9986009305571527,"[True, True, True, True, True, True, True, True, True, True, True, True, False, True, True, False, True, True, False, True, False, False, True, True, False, True, False, False, False, True, False, True, True, False, False, True, True, False, False, True]"
12,0.9961651263098658,"[True, True, True, True, True, True, True, True, True, True, True, False, False, True, True, False, True, True, False, True, False, False, True, True, False, False, False, False, False, True, False, True, False, False, False, False, True, False, False, True]"
12,0.9986031802139409,"[True, True, True, True, True, True, True, True, True, True, True, True, False, True, True, False, True, True, False, True, False, True, True, True, False, False, False, False, True, True, False, True, False, False, False, False, True, False, False, True]"
12,0.9986007807158425,"[True, True, True, True, True, True, True, True, True, True, True, True, False, True, True, False, True, True, False, True, False, False, True, True, False, False, False, False, False, True, False, True, False, False, True, False, True, False, False, True]"
12,0.9986007804251708,"[True, True, True, True, True, True, True, True, True, True, True, True, False, True, True, False, True, True, False, True, False, False, True, True, False, False, False, False, False, True, False, True, False, False, False, False, True, False, False, True]"
12,0.9986234207900427,"[True, True, True, True, True, True, True, True, True, True, True, True, False, True, True, False, True, True, True, True, True, False, False, True, False, False, False, False, True, True, False, True, False, False, True, False, True, False, False, True]"
12,0.9986009478521258,"[True, True, True, True, True, True, True, True, True, True, True, True, False, True, True, False, True, True, False, True, False, False, True, True, False, True, False, False, True, True, False, True, False, False, False, False, True, False, False, True]"
12,0.9986007804251708,"[True, True, True, True, True, True, True, True, True, True, True, True, False, True, True, False, True, True, False, True, False, False, True, True, False, False, False, False, False, True, False, True, False, False, False, False, True, False, False, True]"
12,0.9961651263098658,"[True, True, True, True, True, True, True, True, True, True, True, False, False, True, True, False, True, True, False, True, False, False, True, True, False, False, False, False, False, True, False, True, False, False, False, False, True, False, False, True]"
12,0.9986007804251708,"[True, True, True, True, True, True, True, True, True, True, True, True, False, True, True, False, True, True, False, True, False, False, True, True, False, False, False, False, False, True, False, True, False, False, False, False, True, False, False, True]"
12,0.9986008004815234,"[True, True, True, True, True, True, True, True, True, True, True, True, False, True, True, False, True, True, False, True, False, False, True, True, False, False, False, False, True, True, False, True, True, False, True, False, True, False, False, True]"
12,0.9986007804251708,"[True, True, True, True, True, True, True, True, True, True, True, True, False, True, True, False, True, True, False, True, False, False, True, True, False, False, False, False, False, True, False, True, False, False, False, False, True, False, False, True]"
12,0.9986007804251708,"[True, True, True, True, True, True, True, True, True, True, True, True, False, True, True, False, True, True, False, True, False, False, True, True, False, False, False, False, False, True, False, True, False, False, False, False, True, False, False, True]"
12,0.5022613298774606,"[True, True, True, False, True, True, True, False, True, True, True, True, False, True, True, False, True, True, False, True, True, False, False, True, False, True, False, False, True, True, False, True, False, False, False, False, True, False, False, True]"
12,0.9987563219449758,"[True, True, True, True, True, True, True, True, True, True, True, True, False, True, True, True, True, True, False, True, True, False, False, False, False, True, False, False, True, False, False, True, False, False, True, False, True, False, False, True]"
12,0.9986007804251708,"[True, True, True, True, True, True, True, True, True, True, True, True, False, True, True, False, True, True, False, True, False, False, True, True, False, False, False, False, False, True, False, True, False, False, False, False, True, False, False, True]"
12,0.9986045196331857,"[True, True, True, True, True, True, True, True, True, True, True, True, False, True, True, False, True, True, False, True, True, False, False, True, False, True, False, False, True, True, False, True, False, False, False, False, True, False, False, True]"
12,0.9986009293944654,"[True, True, True, True, True, True, True, True, True, True, True, True, False, True, True, False, True, True, False, True, False, False, True, True, False, True, False, False, False, True, False, True, False, False, False, True, True, False, False, True]"
12,0.999842145434921,"[True, True, True, True, True, True, True, True, True, True, True, True, True, True, True, False, True, True, True, True, False, True, True, True, False, False, True, False, False, True, False, True, False, False, True, False, True, False, False, True]"
12,0.9985997398207039,"[True, True, True, True, True, True, True, True, True, True, True, True, False, True, True, False, True, True, False, True, False, False, False, True, False, True, False, False, False, True, False, True, True, False, False, False, True, False, False, True]"
12,0.9986049663972996,"[True, True, True, True, True, True, True, True, True, True, True, True, False, True, True, False, True, True, False, True, True, False, True, False, False, False, False, False, True, True, False, True, False, False, True, False, True, False, False, True]"
12,0.9986007804251708,"[True, True, True, True, True, True, True, True, True, True, True, True, False, True, True, False, True, True, False, True, False, False, True, True, False, False, False, False, False, True, False, True, False, False, False, False, True, False, False, True]"
12,0.9985247339934646,"[True, True, True, True, True, True, True, True, True, True, True, True, False, True, True, False, False, True, False, True, False, False, True, True, False, True, False, False, False, True, False, True, False, False, False, False, True, False, False, True]"
12,0.9986045196331857,"[True, True, True, True, True, True, True, True, True, True, True, True, False, True, True, False, True, True, False, True, True, False, False, True, False, True, False, False, True, True, False, True, False, False, False, False, True, False, False, True]"
12,0.9986007804251708,"[True, True, True, True, True, True, True, True, True, True, True, True, False, True, True, False, True, True, False, True, False, False, True, True, False, False, False, False, False, True, False, True, False, False, False, False, True, False, False, True]"
12,0.9986007990281645,"[True, True, True, True, True, True, True, True, True, True, True, True, False, True, True, False, True, True, False, True, False, False, True, True, False, False, False, False, True, True, False, True, False, False, False, False, True, False, False, True]"
12,0.9986198489481383,"[True, True, True, True, True, True, True, True, True, True, True, True, False, True, True, False, True, True, True, True, False, False, True, True, False, False, False, False, True, True, False, True, False, False, True, False, True, False, False, True]"
12,0.9986008004815234,"[True, True, True, True, True, True, True, True, True, True, True, True, False, True, True, False, True, True, False, True, False, False, True, True, False, False, False, False, True, True, False, True, True, False, True, False, True, False, False, True]"
12,0.998619830344825,"[True, True, True, True, True, True, True, True, True, True, True, True, False, True, True, False, True, True, True, True, False, False, True, True, False, False, False, False, False, True, False, True, False, False, True, False, True, False, False, True]"
12,0.9806118602464041,"[True, True, True, True, True, True, True, True, False, True, True, True, True, True, True, True, True, True, False, True, False, False, False, False, True, True, False, False, False, True, False, True, False, False, False, False, True, False, False, True]"
12,0.9986007807158425,"[True, True, True, True, True, True, True, True, True, True, True, True, False, True, True, False, True, True, False, True, False, False, True, True, False, False, False, False, False, True, False, True, False, False, True, False, True, False, False, True]"
12,0.9986198489481383,"[True, True, True, True, True, True, True, True, True, True, True, True, False, True, True, False, True, True, True, True, False, False, True, True, False, False, False, False, True, True, False, True, False, False, True, False, True, False, False, True]"
12,0.9986048172821265,"[True, True, True, True, True, True, True, True, True, True, True, True, False, True, True, False, True, True, False, True, True, False, False, True, True, True, False, False, True, True, False, True, False, False, False, False, True, False, False, True]"
12,0.9997622150839676,"[True, True, True, True, True, True, True, True, True, True, True, True, True, True, True, False, False, True, True, True, False, False, False, True, False, False, False, False, False, True, False, True, False, False, True, True, True, False, False, True]"
12,0.9986007850668357,"[True, True, True, True, True, True, True, True, True, True, True, True, False, True, True, False, True, True, False, True, False, False, True, True, False, False, False, False, False, True, True, True, False, False, False, False, True, False, False, False]"
12,0.9986007804251708,"[True, True, True, True, True, True, True, True, True, True, True, True, False, True, True, False, True, True, False, True, False, False, True, True, False, False, False, False, False, True, False, True, False, False, False, False, True, False, False, True]"
12,0.9602846811555764,"[True, True, True, True, True, True, True, False, True, True, True, True, False, True, True, False, True, True, True, True, False, False, True, True, False, False, False, True, False, True, False, True, False, False, False, False, True, False, False, True]"
12,0.9800132167834488,"[True, True, True, True, True, True, True, True, False, True, True, True, True, False, True, True, True, True, False, True, False, False, True, False, False, True, False, False, False, True, True, True, False, False, False, False, False, False, False, True]"
12,0.9986007804251708,"[True, True, True, True, True, True, True, True, True, True, True, True, False, True, True, False, True, True, False, True, False, False, True, True, False, False, False, False, False, True, False, True, False, False, False, False, True, False, False, True]"
12,0.9986007807158425,"[True, True, True, True, True, True, True, True, True, True, True, True, False, True, True, False, True, True, False, True, False, False, True, True, False, False, False, False, False, True, False, True, False, False, True, False, True, False, False, True]"
12,0.9804675269103502,"[True, True, True, True, True, True, True, True, False, True, True, True, True, True, True, False, True, True, False, True, True, False, True, False, False, True, False, False, True, True, False, False, False, False, True, False, True, False, False, True]"
12,0.9998206348571386,"[True, True, True, True, True, True, True, True, True, True, True, True, True, True, True, False, True, True, False, True, False, False, True, True, False, False, False, False, True, True, False, True, False, False, False, False, True, False, False, True]"
12,0.7264811138275438,"[True, True, True, True, False, True, True, True, True, True, True, True, False, False, True, False, True, True, True, True, False, False, True, True, False, False, False, False, True, True, False, True, False, False, True, False, True, False, False, True]"
step,fitness,genome
13,0.9998040045365607,"[True, True, True, True, True, True, True, True, True, True, True, True, True, True, True, False, True, False, True, True, False, True, True, True, False, False, True, False, False, True, False, True, False, False, True, False, True, False, False, True]"
13,0.9986007804251708,"[True, True, True, True, True, True, True, True, True, True, True, True, False, True, True, False, True, True, False, True, False, False, True, True, False, False, False, False, False, True, False, True, False, False, False, False, True, False, False, True]"
13,0.9986009478521258,"[True, True, True, True, True, True, True, True, True, True, True, True, False, True, True, False, True, True, False, True, False, False, True, True, False, True, False, False, True, True, False, True, False, False, False, False, True, False, False, True]"
13,0.9986007807158425,"[True, True, True, True, True, True, True, True, True, True, True, True, False, True, True, False, True, True, False, True, False, False, True, True, False, False, False, False, False, True, False, True, False, False, True, False, True, False, False, True]"
13,0.9985912605293698,"[True, True, True, True, True, True, True, True, True, True, True, True, False, True, True, False, True, True, False, False, False, False, True, True, False, False, False, False, False, True, True, True, False, False, False, True, True, False, False, True]"
13,0.9986009292400461,"[True, True, True, True, True, True, True, True, True, True, True, True, False, True, True, False, True, True, False, True, False, False, True, True, False, True, False, False, False, True, False, True, False, False, False, False, True, False, False, False]"
13,0.9986007804251708,"[True, True, True, True, True, True, True, True, True, True, True, True, False, True, True, False, True, True, False, True, False, False, True, True, False, False, False, False, False, True, False, True, False, False, False, False, True, False, False, True]"
13,0.9986057115374564,"[True, True, True, True, True, True, True, True, True, True, True, True, False, True, True, False, True, True, False, True, True, False, True, True, False, True, False, False, True, True, False, True, True, False, False, True, True, False, False, True]"
13,0.9986007804251708,"[True, True, True, True, True, True, True, True, True, True, True, True, False, True, True, False, True, True, False, True, False, False, True, True, False, False, False, False, False, True, False, True, False, False, False, False, True, False, False, True]"
13,0.999842145434921,"[True, True, True, True, True, True, True, True, True, True, True, True, True, True, True, False, True, True, True, True, False, True, True, True, False, False, True, False, False, True, False, True, False, False, True, False, True, False, False, True]"
13,0.9985996087187806,"[True, True, True, True, True, True, True, True, True, True, True, True, False, True, True, False, True, True, False, True, False, False, False, True, False, False, False, False, True, True, False, True, False, False, True, False, True, False, False, False]"
13,0.9986198489481383,"[True, True, True, True, True, True, True, True, True, True, True, True, False, True, True, False, True, True, True, True, False, False, True, True, False, False, False, False, True, True, False, True, False, False, True, False, True, False, False, True]"
13,0.9986007804251708,"[True, True, True, True, True, True, True, True, True, True, True, True, False, True, True, False, True, True, False, True, False, False, True, True, False, False, False, False, False, True, False, True, False, False, False, False, True, False, False, True]"
13,0.9579367337816986,"[True, True, True, True, True, True, True, False, True, True, True, False, False, True, True, False, True, True, True, True, True, False, False, True, False, False, False, False, True, True, False, True, False, False, True, False, True, False, False, True]"
13,0.9998397615904094,"[True, True, True, True, True, True, True, True, True, True, True, True, True, True, True, False, True, True, True, True, False, False, True, True, False, False, True, False, False, True, False, True, False, False, True, False, True, False, False, True]"
13,0.9986031616109072,"[True, True, True, True, True, True, True, True, True, True, True, True, False, True, True, False, True, True, False, True, False, True, True, True, False, False, False, False, False, True, False, True, False, False, False, False, True, False, False, True]"
13,0.9986009305571527,"[True, True, True, True, True, True, True, True, True, True, True, True, False, True, True, False, True, True, False, True, False, False, True, True, False, True, False, False, False, True, False, True, True, False, False, True, True, False, False, True]"
13,0.999842145434921,"[True, True, True, True, True, True, True, True, True, True, True, True, True, True, True, False, True, True, True, True, False, True, True, True, False, False, True, False, False, True, False, True, False, False, True, False, True, False, False, True]"
13,0.999842145143924,"[True, True, True, True, True, True, True, True, True, True, True, True, True, True, True, False, True, True, True, True, False, True, True, True, False, False, True, False, False, True, False, True, False, False, False, False, True, False, False, True]"
13,0.9986045199238586,"[True, True, True, True, True, True, True, True, True, True, True, True, False, True, True, False, True, True, False, True, True, False, False, True, False, True, False, False, True, True, False, True, False, False, True, False, True, False, False, True]"
13,0.9998194294262402,"[True, True, True, True, True, True, True, True, True, True, True, True, True, True, True, False, True, True, False, True, False, False, False, True, False, False, False, False, False, True, True, True, False, False, True, True, True, False, False, True]"
13,0.9602846452281482,"[True, True, True, True, True, True, True, False, True, True, True, True, False, True, True, False, True, True, True, True, False, False, True, True, False, False, False, False, False, True, False, True, False, False, False, False, True, False, False, False]"
13,0.9986009305571527,"[True, True, True, True, True, True, True, True, True, True, True, True, False, True, True, False, True, True, False, True, False, False, True, True, False, True, False, False, False, True, False, True, True, False, False, True, True, False, False, True]"
13,0.9986048172821265,"[True, True, True, True, True, True, True, True, True, True, True, True, False, True, True, False, True, True, False, True, True, False, False, True, True, True, False, False, True, True, False, True, False, False, False, False, True, False, False, True]"
13,0.9986009305571527,"[True, True, True, True, True, True, True, True, True, True, True, True, False, True, True, False, True, True, False, True, False, False, True, True, False, True, False, False, False, True, False, True, True, False, False, True, True, False, False, True]"
13,0.9979937448317191,"[True, True, True, True, True, True, True, True, True, True, True, True, False, False, True, False, True, True, False, True, False, True, True, True, False, False, False, False, False, True, False, True, False, False, False, False, True, False, False, True]"
13,0.9986198489481383,"[True, True, True, True, True, True, True, True, True, True, True, True, False, True, True, False, True, True, True, True, False, False, True, True, False, False, False, False, True, True, False, True, False, False, True, False, True, False, False, True]"
13,0.9986198489481383,"[True, True, True, True, True, True, True, True, True, True, True, True, False, True, True, False, True, True, True, True, False, False, True, True, False, False, False, False, True, True, False, True, False, False, True, False, True, False, False, True]"
13,0.999842145434921,"[True, True, True, True, True, True, True, True, True, True, True, True, True, True, True, False, True, True, True, True, False, True, True, True, False, False, True, False, False, True, False, True, False, False, True, False, True, False, False, True]"
13,0.9999947221238313,"[True, True, True, True, True, True, True, True, True, True, True, True, True, True, True, True, True, True, True, True, False, True, True, True, False, False, True, False, False, True, False, True, False, False, True, False, True, False, False, True]"
13,0.9998422944253728,"[True, True, True, True, True, True, True, True, True, True, True, True, True, True, True, False, True, True, True, True, False, True, True, True, False, True, True, False, False, True, False, True, False, False, True, False, True, False, False, True]"
13,0.9986043708087454,"[True, True, True, True, True, True, True, True, True, True, True, True, False, True, True, False, True, True, False, True, True, False, False, True, False, False, False, False, True, True, False, True, False, False, False, False, True, False, False, True]"
13,0.9986010981294664,"[True, True, True, True, True, True, True, True, True, True, True, True, False, True, True, False, True, True, False, True, False, False, True, True, True, False, False, False, True, True, False, True, True, False, True, False, True, False, False, True]"
13,0.9986007990281645,"[True, True, True, True, True, True, True, True, True, True, True, True, False, True, True, False, True, True, False, True, False, False, True, True, False, False, False, False, True, True, False, True, False, False, False, False, True, False, False, True]"
13,0.05620847820157278,"[True, False, True, True, True, True, True, True, True, True, True, True, False, True, True, False, True, True, False, True, False, False, True, True, False, False, False, False, True, True, False, True, False, False, False, False, True, False, False, True]"
13,0.9998206363302821,"[True, True, True, True, True, True, True, True, True, True, True, True, True, True, True, False, True, True, False, True, False, False, True, True, False, False, False, False, True, True, False, True, True, False, True, False, True, False, True, True]"
13,0.9986045196331857,"[True, True, True, True, True, True, True, True, True, True, True, True, False, True, True, False, True, True, False, True, True, False, False, True, False, True, False, False, True, True, False, True, False, False, False, False, True, False, False, True]"
13,0.9986007990281645,"[True, True, True, True, True, True, True, True, True, True, True, True, False, True, True, False, True, True, False, True, False, False, True, True, False, False, False, False, True, True, False, True, False, False, False, False, True, False, False, True]"
13,0.999842145434921,"[True, True, True, True, True, True, True, True, True, True, True, True, True, True, True, False, True, True, True, True, False, True, True, True, False, False, True, False, False, True, False, True, False, False, True, False, True, False, False, True]"
13,0.998619830344825,"[True, True, True, True, True, True, True, True, True, True, True, True, False, True, True, False, True, True, True, True, False, False, True, True, False, False, False, False, False, True, False, True, False, False, True, False, True, False, False, True]"
13,0.9986039153246935,"[True, True, True, True, True, True, True, True, True, True, True, True, False, True, True, False, True, True, False, True, True, False, False, False, False, True, False, False, True, False, False, True, False, False, True, False, True, False, False, True]"
13,0.998756926336474,"[True, True, True, True, True, True, True, True, True, True, True, True, False, True, True, True, True, True, False, True, True, False, False, True, False, True, False, False, True, True, False, True, False, False, False, False, True, False, False, True]"
13,0.9986009293944654,"[True, True, True, True, True, True, True, True, True, True, True, True, False, True, True, False, True, True, False, True, False, False, True, True, False, True, False, False, False, True, False, True, False, False, False, True, True, False, False, True]"
13,0.9987563219449758,"[True, True, True, True, True, True, True, True, True, True, True, True, False, True, True, True, True, True, False, True, True, False, False, False, False, True, False, False, True, False, False, True, False, False, True, False, True, False, False, True]"
13,0.9602662730012951,"[True, True, True, True, True, True, True, False, True, True, True, True, False, True, True, False, True, True, False, True, False, False, True, True, False, False, False, False, True, True, False, True, False, False, False, False, True, False, False, True]"
13,0.9998206348571386,"[True, True, True, True, True, True, True, True, True, True, True, True, True, True, True, False, True, True, False, True, False, False, True, True, False, False, False, False, True, True, False, True, False, False, False, False, True, False, False, True]"
13,0.9986234207900427,"[True, True, True, True, True, True, True, True, True, True, True, True, False, True, True, False, True, True, True, True, True, False, False, True, False, False, False, False, True, True, False, True, False, False, True, False, True, False, False, True]"
13,0.9997622150839676,"[True, True, True, True, True, True, True, True, True, True, True, True, True, True, True, False, False, True, True, True, False, False, False, True, False, False, False, False, False, True, False, True, False, False, True, True, True, False, False, True]"
13,0.9937349730964444,"[True, True, True, True, True, True, True, True, True, True, False, True, False, True, True, False, True, True, False, True, False, False, True, True, False, True, False, False, False, True, True, True, False, False, False, True, True, False, False, True]"
13,0.9986007804251708,"[True, True, True, True, True, True, True, True, True, True, True, True, False, True, True, False, True, True, False, True, False, False, True, True, False, False, False, False, False, True, False, True, False, False, False, False, True, False, False, True]"
step,fitness,genome
14,0.9987569170336682,"[True, True, True, True, True, True, True, True, True, True, True, True, False, True, True, True, True, True, False, True, True, False, False, True, False, True, False, False, True, False, False, True, False, False, False, False, True, False, False, True]"
14,0.9998206363302821,"[True, True, True, True, True, True, True, True, True, True, True, True, True, True, True, False, True, True, False, True, False, False, True, True, False, False, False, False, True, True, False, True, True, False, True, False, True, False, True, True]"
14,0.999842145434921,"[True, True, True, True, True, True, True, True, True, True, True, True, True, True, True, False, True, True, True, True, False, True, True, True, False, False, True, False, False, True, False, True, False, False, True, False, True, False, False, True]"
14,0.9987474003042466,"[True, True, True, True, True, True, True, True, True, True, True, True, False, True, True, True, True, True, False, False, True, False, False, True, False, True, False, False, True, True, False, True, False, False, False, False, True, False, False, True]"
14,0.9998194294262402,"[True, True, True, True, True, True, True, True, True, True, True, True, True, True, True, False, True, True, False, True, False, False, False, True, False, False, False, False, False, True, True, True, False, False, True, True, True, False, False, True]"
14,0.5022593154011376,"[True, True, True, False, True, True, True, False, True, True, True, True, False, True, True, False, True, True, False, True, False, False, True, True, False, False, False, False, False, True, False, True, False, False, False, False, True, False, False, True]"
14,0.9998422944253728,"[True, True, True, True, True, True, True, True, True, True, True, True, True, True, True, False, True, True, True, True, False, True, True, True, False, True, True, False, False, True, False, True, False, False, True, False, True, False, False, True]"
14,0.9986007804251708,"[True, True, True, True, True, True, True, True, True, True, True, True, False, True, True, False, True, True, False, True, False, False, True, True, False, False, False, False, False, True, False, True, False, False, False, False, True, False, False, True]"
14,0.9998422944253728,"[True, True, True, True, True, True, True, True, True, True, True, True, True, True, True, False, True, True, True, True, False, True, True, True, False, True, True, False, False, True, False, True, False, False, True, False, True, False, False, True]"
14,0.9999947221238313,"[True, True, True, True, True, True, True, True, True, True, True, True, True, True, True, True, True, True, True, True, False, True, True, True, False, False, True, False, False, True, False, True, False, False, True, False, True, False, False, True]"
14,0.999842145434921,"[True, True, True, True, True, True, True, True, True, True, True, True, True, True, True, False, True, True, True, True, False, True, True, True, False, False, True, False, False, True, False, True, False, False, True, False, True, False, False, True]"
14,0.999842145434921,"[True, True, True, True, True, True, True, True, True, True, True, True, True, True, True, False, True, True, True, True, False, True, True, True, False, False, True, False, False, True, False, True, False, False, True, False, True, False, False, True]"
14,0.9986198489481383,"[True, True, True, True, True, True, True, True, True, True, True, True, False, True, True, False, True, True, True, True, False, False, True, True, False, False, False, False, True, True, False, True, False, False, True, False, True, False, False, True]"
14,0.9998194294262402,"[True, True, True, True, True, True, True, True, True, True, True, True, True, True, True, False, True, True, False, True, False, False, False, True, False, False, False, False, False, True, True, True, False, False, True, True, True, False, False, True]"
14,0.999842145434921,"[True, True, True, True, True, True, True, True, True, True, True, True, True, True, True, False, True, True, True, True, False, True, True, True, False, False, True, False, False, True, False, True, False, False, True, False, True, False, False, True]"
14,0.9997658649476675,"[True, True, True, True, True, True, True, True, True, True, True, True, True, True, True, False, False, True, True, True, False, True, True, True, False, False, True, False, False, True, False, True, False, False, True, False, True, False, False, True]"
14,0.9998397615904094,"[True, True, True, True, True, True, True, True, True, True, True, True, True, True, True, False, True, True, True, True, False, False, True, True, False, False, True, False, False, True, False, True, False, False, True, False, True, False, False, True]"
14,0.998622230174797,"[True, True, True, True, True, True, True, True, True, True, True, True, False, True, True, False, True, True, True, True, False, True, True, True, False, False, False, False, True, True, False, True, False, False, True, False, True, False, False, True]"
14,0.9986012282051306,"[True, True, True, True, True, True, True, True, True, True, True, True, False, True, True, False, True, True, False, True, False, False, True, True, True, True, False, False, False, True, False, True, True, False, False, True, True, False, False, True]"
14,0.9998206735771721,"[True, True, True, True, True, True, True, True, True, True, True, True, True, True, True, False, True, True, False, True, False, False, True, True, False, False, False, True, True, True, False, True, True, False, True, False, True, False, True, True]"
14,0.9999947221238313,"[True, True, True, True, True, True, True, True, True, True, True, True, True, True, True, True, True, True, True, True, False, True, True, True, False, False, True, False, False, True, False, True, False, False, True, False, True, False, False, True]"
14,0.998619830344825,"[True, True, True, True, True, True, True, True, True, True, True, True, False, True, True, False, True, True, True, True, False, False, True, True, False, False, False, False, False, True, False, True, False, False, True, False, True, False, False, True]"
14,0.9986055614048275,"[True, True, True, True, True, True, True, True, True, True, True, True, False, True, True, False, True, True, False, True, True, False, True, True, False, False, False, False, True, True, False, True, False, False, False, False, True, False, False, True]"
14,0.9985996084371926,"[True, True, True, True, True, True, True, True, True, True, True, True, False, True, True, False, True, True, False, True, False, False, False, True, False, False, False, False, True, True, False, True, False, False, False, False, True, False, False, True]"
14,0.9998422944253728,"[True, True, True, True, True, True, True, True, True, True, True, True, True, True, True, False, True, True, True, True, False, True, True, True, False, True, True, False, False, True, False, True, False, False, True, False, True, False, False, True]"
14,0.999842145434921,"[True, True, True, True, True, True, True, True, True, True, True, True, True, True, True, False, True, True, True, True, False, True, True, True, False, False, True, False, False, True, False, True, False, False, True, False, True, False, False, True]"
14,0.9998421358320214,"[True, True, True, True, True, True, True, True, True, True, True, True, True, True, True, False, True, True, True, True, False, True, True, True, False, False, True, False, False, False, False, True, False, False, False, False, True, False, False, True]"
14,0.9998206348571386,"[True, True, True, True, True, True, True, True, True, True, True, True, True, True, True, False, True, True, False, True, False, False, True, True, False, False, False, False, True, True, False, True, False, False, False, False, True, False, False, True]"
14,0.9985436523932197,"[True, True, True, True, True, True, True, True, True, True, True, True, False, True, True, False, False, True, True, True, False, False, True, True, False, False, False, False, True, True, False, True, False, False, True, False, True, False, False, True]"
14,0.9986009292400461,"[True, True, True, True, True, True, True, True, True, True, True, True, False, True, True, False, True, True, False, True, False, False, True, True, False, True, False, False, False, True, False, True, False, False, False, False, True, False, False, False]"
14,0.9998206348571386,"[True, True, True, True, True, True, True, True, True, True, True, True, True, True, True, False, True, True, False, True, False, False, True, True, False, False, False, False, True, True, False, True, False, False, False, False, True, False, False, True]"
14,0.9997622150839676,"[True, True, True, True, True, True, True, True, True, True, True, True, True, True, True, False, False, True, True, True, False, False, False, True, False, False, False, False, False, True, False, True, False, False, True, True, True, False, False, True]"
14,0.9986010981294664,"[True, True, True, True, True, True, True, True, True, True, True, True, False, True, True, False, True, True, False, True, False, False, True, True, True, False, False, False, True, True, False, True, True, False, True, False, True, False, False, True]"
14,0.9998040045365607,"[True, True, True, True, True, True, True, True, True, True, True, True, True, True, True, False, True, False, True, True, False, True, True, True, False, False, True, False, False, True, False, True, False, False, True, False, True, False, False, True]"
14,0.999842145434921,"[True, True, True, True, True, True, True, True, True, True, True, True, True, True, True, False, True, True, True, True, False, True, True, True, False, False, True, False, False, True, False, True, False, False, True, False, True, False, False, True]"
14,0.9998040045365607,"[True, True, True, True, True, True, True, True, True, True, True, True, True, True, True, False, True, False, True, True, False, True, True, True, False, False, True, False, False, True, False, True, False, False, True, False, True, False, False, True]"
14,0.9992105470838145,"[True, True, True, True, True, True, True, True, True, True, True, True, True, False, True, False, True, True, False, True, False, False, True, True, False, False, False, False, True, True, False, False, False, False, False, False, True, False, False, True]"
14,0.9998422944253728,"[True, True, True, True, True, True, True, True, True, True, True, True, True, True, True, False, True, True, True, True, False, True, True, True, False, True, True, False, False, True, False, True, False, False, True, False, True, False, False, True]"
14,0.9986234207900427,"[True, True, True, True, True, True, True, True, True, True, True, True, False, True, True, False, True, True, True, True, True, False, False, True, False, False, False, False, True, True, False, True, False, False, True, False, True, False, False, True]"
14,0.995122647650527,"[True, True, True, True, True, True, True, True, True, True, False, True, True, True, True, True, True, True, True, True, False, True, True, True, False, False, True, False, False, True, False, True, False, False, True, False, True, False, False, True]"
14,0.998756926336474,"[True, True, True, True, True, True, True, True, True, True, True, True, False, True, True, True, True, True, False, True, True, False, False, True, False, True, False, False, True, True, False, True, False, False, False, False, True, False, False, True]"
14,0.9986007990281645,"[True, True, True, True, True, True, True, True, True, True, True, True, False, True, True, False, True, True, False, True, False, False, True, True, False, False, False, False, True, True, False, True, False, False, False, False, True, False, False, True]"
14,0.9987521451406742,"[True, True, True, True, True, True, True, True, True, True, True, True, False, True, True, True, True, True, False, True, False, False, False, True, False, True, False, False, False, True, False, True, False, False, True, True, True, False, False, True]"
14,0.9998236102473929,"[True, True, True, True, True, True, True, True, True, True, True, True, True, True, True, False, True, True, False, True, True, False, False, False, False, False, False, False, True, False, True, True, False, False, True, False, True, False, False, True]"
14,0.9985997572609943,"[True, True, True, True, True, True, True, True, True, True, True, True, False, True, True, False, True, True, False, True, False, False, False, True, False, True, False, False, True, True, False, True, False, False, False, False, True, False, False, True]"
14,0.9999773718021503,"[True, True, True, True, True, True, True, True, True, True, True, True, True, True, True, True, True, True, False, True, True, False, True, False, False, False, False, False, True, False, False, True, False, False, True, False, True, False, False, True]"
14,0.9998206721040284,"[True, True, True, True, True, True, True, True, True, True, True, True, True, True, True, False, True, True, False, True, False, False, True, True, False, False, False, True, True, True, False, True, False, False, False, False, True, False, False, True]"
14,0.9986043719714363,"[True, True, True, True, True, True, True, True, True, True, True, True, False, True, True, False, True, True, False, True, True, False, False, True, False, False, False, False, True, True, False, True, True, False, False, False, True, False, False, True]"
14,0.9999947221238313,"[True, True, True, True, True, True, True, True, True, True, True, True, True, True, True, True, True, True, True, True, False, True, True, True, False, False, True, False, False, True, False, True, False, False, True, False, True, False, False, True]"
14,0.9986043708087454,"[True, True, True, True, True, True, True, True, True, True, True, True, False, True, True, False, True, True, False, True, True, False, False, True, False, False, False, False, True, True, False, True, False, False, False, False, True, False, False, True]"
step,fitness,genome
15,0.9804820767540318,"[True, True, True, True, True, True, True, True, False, True, True, True, True, True, True, False, True, True, True, True, False, False, True, True, False, False, True, False, False, True, False, True, False, False, True, False, True, False, False, True]"
15,0.9998422944617474,"[True, True, True, True, True, True, True, True, True, True, True, True, True, True, True, False, True, True, True, True, False, True, True, True, False, True, True, False, False, True, False, True, False, False, True, False, True, True, False, True]"
15,0.9997443559923648,"[True, True, True, True, True, True, True, True, True, True, True, True, True, True, True, False, False, True, False, True, False, False, True, True, False, False, False, False, True, True, False, True, False, False, False, True, True, False, False, True]"
15,0.9998384951750932,"[True, True, True, True, True, True, True, True, True, True, True, True, True, True, True, False, True, True, True, True, False, False, False, True, False, False, False, False, False, True, False, True, False, False, True, False, True, False, False, True]"
15,0.999842145434921,"[True, True, True, True, True, True, True, True, True, True, True, True, True, True, True, False, True, True, True, True, False, True, True, True, False, False, True, False, False, True, False, True, False, False, True, False, True, False, False, True]"
15,0.9998422944253728,"[True, True, True, True, True, True, True, True, True, True, True, True, True, True, True, False, True, True, True, True, False, True, True, True, False, True, True, False, False, True, False, True, False, False, True, False, True, False, False, True]"
15,0.999842145434921,"[True, True, True, True, True, True, True, True, True, True, True, True, True, True, True, False, True, True, True, True, False, True, True, True, False, False, True, False, False, True, False, True, False, False, True, False, True, False, False, True]"
15,0.9901206968339384,"[True, True, True, True, True, True, True, True, True, False, True, True, True, True, True, False, True, True, True, True, False, True, True, True, False, False, True, False, False, False, False, True, False, False, False, True, True, False, False, True]"
15,0.9995370549108776,"[True, True, True, True, True, True, True, True, True, True, True, True, True, True, False, False, True, True, True, True, False, True, True, True, False, False, True, False, False, True, False, True, False, False, True, False, True, False, False, True]"
15,0.998756926336474,"[True, True, True, True, True, True, True, True, True, True, True, True, False, True, True, True, True, True, False, True, True, False, False, True, False, True, False, False, True, True, False, True, False, False, False, False, True, False, False, True]"
15,0.9999947221238313,"[True, True, True, True, True, True, True, True, True, True, True, True, True, True, True, True, True, True, True, True, False, True, True, True, False, False, True, False, False, True, False, True, False, False, True, False, True, False, False, True]"
15,0.9998206735771721,"[True, True, True, True, True, True, True, True, True, True, True, True, True, True, True, False, True, True, False, True, False, False, True, True, False, False, False, True, True, True, False, True, True, False, True, False, True, False, True, True]"
15,0.999842145434921,"[True, True, True, True, True, True, True, True, True, True, True, True, True, True, True, False, True, True, True, True, False, True, True, True, False, False, True, False, False, True, False, True, False, False, True, False, True, False, False, True]"
15,0.9998422943526235,"[True, True, True, True, True, True, True, True, True, True, True, True, True, True, True, False, True, True, True, True, False, True, True, True, False, True, True, False, False, True, False, True, False, False, True, False, False, False, False, True]"
15,0.9999947221238313,"[True, True, True, True, True, True, True, True, True, True, True, True, True, True, True, True, True, True, True, True, False, True, True, True, False, False, True, False, False, True, False, True, False, False, True, False, True, False, False, True]"
15,0.9999947221238313,"[True, True, True, True, True, True, True, True, True, True, True, True, True, True, True, True, True, True, True, True, False, True, True, True, False, False, True, False, False, True, False, True, False, False, True, False, True, False, False, True]"
15,0.9987474003042466,"[True, True, True, True, True, True, True, True, True, True, True, True, False, True, True, True, True, True, False, False, True, False, False, True, False, True, False, False, True, True, False, True, False, False, False, False, True, False, False, True]"
15,0.9999947221238313,"[True, True, True, True, True, True, True, True, True, True, True, True, True, True, True, True, True, True, True, True, False, True, True, True, False, False, True, False, False, True, False, True, False, False, True, False, True, False, False, True]"
15,0.26010722633473926,"[True, True, False, True, True, True, True, True, True, False, True, True, True, True, True, False, True, True, True, True, False, True, True, True, False, True, True, False, False, True, False, True, False, False, True, False, True, False, False, True]"
15,0.9999947221238313,"[True, True, True, True, True, True, True, True, True, True, True, True, True, True, True, True, True, True, True, True, False, True, True, True, False, False, True, False, False, True, False, True, False, False, True, False, True, False, False, True]"
15,0.9999947221238313,"[True, True, True, True, True, True, True, True, True, True, True, True, True, True, True, True, True, True, True, True, False, True, True, True, False, False, True, False, False, True, False, True, False, False, True, False, True, False, False, True]"
15,0.9993845410706288,"[True, True, True, True, True, True, True, True, True, True, True, True, True, False, True, True, True, True, True, True, False, True, True, True, False, False, True, False, False, True, False, True, False, False, True, False, True, False, False, True]"
15,0.9999947221238313,"[True, True, True, True, True, True, True, True, True, True, True, True, True, True, True, True, True, True, True, True, False, True, True, True, False, False, True, False, False, True, False, True, False, False, True, False, True, False, False, True]"
15,0.9998206348571386,"[True, True, True, True, True, True, True, True, True, True, True, True, True, True, True, False, True, True, False, True, False, False, True, True, False, False, False, False, True, True, False, True, False, False, False, False, True, False, False, True]"
15,0.9998236102473929,"[True, True, True, True, True, True, True, True, True, True, True, True, True, True, True, False, True, True, False, True, True, False, False, False, False, False, False, False, True, False, True, True, False, False, True, False, True, False, False, True]"
15,0.9998422944253728,"[True, True, True, True, True, True, True, True, True, True, True, True, True, True, True, False, True, True, True, True, False, True, True, True, False, True, True, False, False, True, False, True, False, False, True, False, True, False, False, True]"
15,0.9614646507419495,"[True, True, True, True, True, True, True, False, True, True, True, True, True, True, True, False, True, True, True, True, False, True, True, True, False, False, True, False, False, True, False, True, False, False, True, False, True, False, False, True]"
15,0.9986055614411616,"[True, True, True, True, True, True, True, True, True, True, True, True, False, True, True, False, True, True, False, True, True, False, True, True, False, False, False, False, True, True, False, True, False, False, False, False, True, True, False, True]"
15,0.9997658649476675,"[True, True, True, True, True, True, True, True, True, True, True, True, True, True, True, False, False, True, True, True, False, True, True, True, False, False, True, False, False, True, False, True, False, False, True, False, True, False, False, True]"
15,0.999842145434921,"[True, True, True, True, True, True, True, True, True, True, True, True, True, True, True, False, True, True, True, True, False, True, True, True, False, False, True, False, False, True, False, True, False, False, True, False, True, False, False, True]"
15,0.9998399105805416,"[True, True, True, True, True, True, True, True, True, True, True, True, True, True, True, False, True, True, True, True, False, False, True, True, False, True, True, False, False, True, False, True, False, False, True, False, True, False, False, True]"
15,0.7278485789402134,"[True, True, True, True, False, True, True, True, True, True, True, True, True, True, True, False, True, True, True, False, False, False, True, True, False, False, True, False, False, True, False, True, False, False, True, False, True, False, False, True]"
15,0.9998206735771721,"[True, True, True, True, True, True, True, True, True, True, True, True, True, True, True, False, True, True, False, True, False, False, True, True, False, False, False, True, True, True, False, True, True, False, True, False, True, False, True, True]"
15,0.9986224353930564,"[True, True, True, True, True, True, True, True, True, True, True, True, False, True, True, False, True, True, True, True, False, True, True, True, False, True, True, False, False, True, False, True, False, True, True, False, True, False, False, True]"
15,0.9998229910163733,"[True, True, True, True, True, True, True, True, True, True, True, True, True, True, True, False, True, True, False, True, False, True, True, True, False, False, False, False, False, False, False, True, False, False, True, False, True, False, False, True]"
15,0.999996533557301,"[True, True, True, True, True, True, True, True, True, True, True, True, True, True, True, True, True, True, True, True, True, False, True, False, False, False, True, False, True, True, True, True, False, False, True, False, True, False, True, True]"
15,0.9998040045365607,"[True, True, True, True, True, True, True, True, True, True, True, True, True, True, True, False, True, False, True, True, False, True, True, True, False, False, True, False, False, True, False, True, False, False, True, False, True, False, False, True]"
15,0.9998194294262402,"[True, True, True, True, True, True, True, True, True, True, True, True, True, True, True, False, True, True, False, True, False, False, False, True, False, False, False, False, False, True, True, True, False, False, True, True, True, False, False, True]"
15,0.9998236102473929,"[True, True, True, True, True, True, True, True, True, True, True, True, True, True, True, False, True, True, False, True, True, False, False, False, False, False, False, False, True, False, True, True, False, False, True, False, True, False, False, True]"
15,0.9998206735771721,"[True, True, True, True, True, True, True, True, True, True, True, True, True, True, True, False, True, True, False, True, False, False, True, True, False, False, False, True, True, True, False, True, True, False, True, False, True, False, True, True]"
15,0.9999947221238313,"[True, True, True, True, True, True, True, True, True, True, True, True, True, True, True, True, True, True, True, True, False, True, True, True, False, False, True, False, False, True, False, True, False, False, True, False, True, False, False, True]"
15,0.999842145434921,"[True, True, True, True, True, True, True, True, True, True, True, True, True, True, True, False, True, True, True, True, False, True, True, True, False, False, True, False, False, True, False, True, False, False, True, False, True, False, False, True]"
15,0.9998421501090596,"[True, True, True, True, True, True, True, True, True, True, True, True, True, True, True, False, True, True, True, True, False, True, True, True, False, False, True, False, False, True, True, True, False, False, True, False, True, False, True, True]"
15,0.9997812846520773,"[True, True, True, True, True, True, True, True, True, True, True, True, True, True, True, False, True, False, False, True, False, False, False, True, False, False, False, False, False, True, False, True, False, False, True, True, True, False, False, True]"
15,0.999842145434921,"[True, True, True, True, True, True, True, True, True, True, True, True, True, True, True, False, True, True, True, True, False, True, True, True, False, False, True, False, False, True, False, True, False, False, True, False, True, False, False, True]"
15,0.9998422944253728,"[True, True, True, True, True, True, True, True, True, True, True, True, True, True, True, False, True, True, True, True, False, True, True, True, False, True, True, False, False, True, False, True, False, False, True, False, True, False, False, True]"
15,0.924418179499548,"[True, True, True, True, True, True, False, True, True, True, True, True, True, True, True, False, True, True, True, True, False, True, True, True, False, True, True, False, False, True, False, True, False, False, True, False, True, False, False, True]"
15,0.9995155889499301,"[True, True, True, True, True, True, True, True, True, True, True, True, True, True, False, False, True, True, False, True, False, False, True, True, False, False, False, True, True, True, False, True, True, False, True, False, True, False, True, True]"
15,0.9998041535218973,"[True, True, True, True, True, True, True, True, True, True, True, True, True, True, True, False, True, False, True, True, False, True, True, True, False, True, True, False, False, True, False, True, False, False, True, False, True, False, False, True]"
15,0.999842145434921,"[True, True, True, True, True, True, True, True, True, True, True, True, True, True, True, False, True, True, True, True, False, True, True, True, False, False, True, False, False, True, False, True, False, False, True, False, True, False, False, True]"
step,fitness,genome
16,0.999994759376558,"[True, True, True, True, True, True, True, True, True, True, True, True, True, True, True, True, True, True, True, True, False, True, True, True, False, False, True, True, False, True, False, True, False, False, True, False, True, False, False, True]"
16,0.9998422944617474,"[True, True, True, True, True, True, True, True, True, True, True, True, True, True, True, False, True, True, True, True, False, True, True, True, False, True, True, False, False, True, False, True, False, False, True, False, True, True, False, True]"
16,0.9999910713626781,"[True, True, True, True, True, True, True, True, True, True, True, True, True, True, True, True, True, True, True, True, False, False, False, True, False, False, False, False, False, True, False, True, False, False, True, False, True, False, False, True]"
16,0.9998421454712956,"[True, True, True, True, True, True, True, True, True, True, True, True, True, True, True, False, True, True, True, True, False, True, True, True, False, False, True, False, False, True, False, True, False, False, True, False, True, True, False, True]"
16,0.9999935300372379,"[True, True, True, True, True, True, True, True, True, True, True, True, True, True, True, True, True, True, True, True, False, True, False, True, False, False, True, False, False, True, False, True, False, False, True, False, True, False, False, True]"
16,0.9999947221238313,"[True, True, True, True, True, True, True, True, True, True, True, True, True, True, True, True, True, True, True, True, False, True, True, True, False, False, True, False, False, True, False, True, False, False, True, False, True, False, False, True]"
16,0.9986222859848581,"[True, True, True, True, True, True, True, True, True, True, True, True, False, True, True, False, True, True, True, True, False, True, True, True, False, False, True, False, False, True, False, True, False, False, True, False, True, False, False, True]"
16,0.9998422944617474,"[True, True, True, True, True, True, True, True, True, True, True, True, True, True, True, False, True, True, True, True, False, True, True, True, False, True, True, False, False, True, False, True, False, False, True, False, True, True, False, True]"
16,0.9999947221238313,"[True, True, True, True, True, True, True, True, True, True, True, True, True, True, True, True, True, True, True, True, False, True, True, True, False, False, True, False, False, True, False, True, False, False, True, False, True, False, False, True]"
16,0.9999948711347455,"[True, True, True, True, True, True, True, True, True, True, True, True, True, True, True, True, True, True, True, True, False, True, True, True, False, True, True, False, False, True, False, True, False, False, True, False, True, False, False, True]"
16,0.9998422943526235,"[True, True, True, True, True, True, True, True, True, True, True, True, True, True, True, False, True, True, True, True, False, True, True, True, False, True, True, False, False, True, False, True, False, False, True, False, False, False, False, True]"
16,0.9999947221238313,"[True, True, True, True, True, True, True, True, True, True, True, True, True, True, True, True, True, True, True, True, False, True, True, True, False, False, True, False, False, True, False, True, False, False, True, False, True, False, False, True]"
16,0.9999947221238313,"[True, True, True, True, True, True, True, True, True, True, True, True, True, True, True, True, True, True, True, True, False, True, True, True, False, False, True, False, False, True, False, True, False, False, True, False, True, False, False, True]"
16,0.9999202797195239,"[True, True, True, True, True, True, True, True, True, True, True, True, True, True, True, True, False, True, True, True, True, False, True, False, False, False, True, True, True, True, True, True, False, False, True, False, True, False, True, True]"
16,0.9999968315614453,"[True, True, True, True, True, True, True, True, True, True, True, True, True, True, True, True, True, True, True, True, True, False, True, False, True, False, True, False, True, True, True, True, False, False, True, False, True, False, False, True]"
16,0.9998422944435601,"[True, True, True, True, True, True, True, True, True, True, True, True, True, True, True, False, True, True, True, True, False, True, True, True, False, True, True, False, False, True, False, True, False, False, True, False, True, False, True, True]"
16,0.999842145434921,"[True, True, True, True, True, True, True, True, True, True, True, True, True, True, True, False, True, True, True, True, False, True, True, True, False, False, True, False, False, True, False, True, False, False, True, False, True, False, False, True]"
16,0.9999947221238313,"[True, True, True, True, True, True, True, True, True, True, True, True, True, True, True, True, True, True, True, True, False, True, True, True, False, False, True, False, False, True, False, True, False, False, True, False, True, False, False, True]"
16,0.9998422944253728,"[True, True, True, True, True, True, True, True, True, True, True, True, True, True, True, False, True, True, True, True, False, True, True, True, False, True, True, False, False, True, False, True, False, False, True, False, True, False, False, True]"
16,0.999842145143924,"[True, True, True, True, True, True, True, True, True, True, True, True, True, True, True, False, True, True, True, True, False, True, True, True, False, False, True, False, False, True, False, True, False, False, False, False, True, False, False, True]"
16,0.9999947221238313,"[True, True, True, True, True, True, True, True, True, True, True, True, True, True, True, True, True, True, True, True, False, True, True, True, False, False, True, False, False, True, False, True, False, False, True, False, True, False, False, True]"
16,0.999994759376558,"[True, True, True, True, True, True, True, True, True, True, True, True, True, True, True, True, True, True, True, True, False, True, True, True, False, False, True, True, False, True, False, True, False, False, True, False, True, False, False, True]"
16,0.9998391703042069,"[True, True, True, True, True, True, True, True, True, True, True, True, True, True, True, False, True, True, True, True, False, False, True, False, False, False, True, False, False, True, True, True, False, False, True, False, True, False, True, True]"
16,0.9999995091094381,"[True, True, True, True, True, True, True, True, True, True, True, True, True, True, True, True, True, True, True, True, True, True, True, True, False, False, True, False, True, True, False, True, False, False, True, False, True, False, False, True]"
16,0.0009765520461459491,"[False, True, True, True, True, True, True, True, True, True, True, True, True, True, True, True, True, True, True, True, False, True, True, True, False, False, False, False, False, True, False, True, False, False, True, False, True, False, False, True]"
16,0.9999947221238313,"[True, True, True, True, True, True, True, True, True, True, True, True, True, True, True, True, True, True, True, True, False, True, True, True, False, False, True, False, False, True, False, True, False, False, True, False, True, False, False, True]"
16,0.5243708244289493,"[True, True, True, False, True, True, True, True, True, True, True, True, True, True, True, False, True, True, True, True, False, False, True, True, False, False, False, True, True, True, False, True, True, False, True, False, True, False, True, True]"
16,0.8542712886603159,"[True, True, True, True, True, False, True, True, True, True, True, True, True, True, True, True, True, True, False, True, True, False, True, False, False, False, True, False, True, True, True, True, False, False, True, False, True, False, True, True]"
16,0.9998399105805416,"[True, True, True, True, True, True, True, True, True, True, True, True, True, True, True, False, True, True, True, True, False, False, True, True, False, True, True, False, False, True, False, True, False, False, True, False, True, False, False, True]"
16,0.999842145434921,"[True, True, True, True, True, True, True, True, True, True, True, True, True, True, True, False, True, True, True, True, False, True, True, True, False, False, True, False, False, True, False, True, False, False, True, False, True, False, False, True]"
16,0.9998469364191466,"[True, True, True, True, True, True, True, True, True, True, True, True, True, True, True, False, True, True, True, True, True, True, True, True, False, False, True, False, True, True, True, True, False, False, True, False, True, False, False, True]"
16,0.9998201602503933,"[True, True, True, True, True, True, True, True, True, True, True, True, True, True, True, False, True, True, False, True, False, False, True, False, False, True, False, False, False, False, False, True, False, False, True, False, True, False, False, True]"
16,0.9999947221238313,"[True, True, True, True, True, True, True, True, True, True, True, True, True, True, True, True, True, True, True, True, False, True, True, True, False, False, True, False, False, True, False, True, False, False, True, False, True, False, False, True]"
16,0.9999947221238313,"[True, True, True, True, True, True, True, True, True, True, True, True, True, True, True, True, True, True, True, True, False, True, True, True, False, False, True, False, False, True, False, True, False, False, True, False, True, False, False, True]"
16,0.9997812846520773,"[True, True, True, True, True, True, True, True, True, True, True, True, True, True, True, False, True, False, False, True, False, False, False, True, False, False, False, False, False, True, False, True, False, False, True, True, True, False, False, True]"
16,0.9999947221238313,"[True, True, True, True, True, True, True, True, True, True, True, True, True, True, True, True, True, True, True, True, False, True, True, True, False, False, True, False, False, True, False, True, False, False, True, False, True, False, False, True]"
16,0.9999947221238313,"[True, True, True, True, True, True, True, True, True, True, True, True, True, True, True, True, True, True, True, True, False, True, True, True, False, False, True, False, False, True, False, True, False, False, True, False, True, False, False, True]"
16,0.05630166252946231,"[True, False, True, True, True, True, True, True, True, True, True, True, True, True, True, False, True, True, True, True, False, True, True, True, False, False, True, False, False, True, False, True, False, False, True, False, True, False, False, True]"
16,0.9998422944617474,"[True, True, True, True, True, True, True, True, True, True, True, True, True, True, True, False, True, True, True, True, False, True, True, True, False, True, True, False, False, True, False, True, False, False, True, False, True, True, False, True]"
16,0.9999947221238313,"[True, True, True, True, True, True, True, True, True, True, True, True, True, True, True, True, True, True, True, True, False, True, True, True, False, False, True, False, False, True, False, True, False, False, True, False, True, False, False, True]"
16,0.9998422944253728,"[True, True, True, True, True, True, True, True, True, True, True, True, True, True, True, False, True, True, True, True, False, True, True, True, False, True, True, False, False, True, False, True, False, False, True, False, True, False, False, True]"
16,0.9998236102473929,"[True, True, True, True, True, True, True, True, True, True, True, True, True, True, True, False, True, True, False, True, True, False, False, False, False, False, False, False, True, False, True, True, False, False, True, False, True, False, False, True]"
16,0.05630166252946231,"[True, False, True, True, True, True, True, True, True, True, True, True, True, True, True, False, True, True, True, True, False, True, True, True, False, False, True, False, False, True, False, True, False, False, True, False, True, False, False, True]"
16,0.999996533557301,"[True, True, True, True, True, True, True, True, True, True, True, True, True, True, True, True, True, True, True, True, True, False, True, False, False, False, True, False, True, True, True, True, False, False, True, False, True, False, True, True]"
16,0.9998421454712956,"[True, True, True, True, True, True, True, True, True, True, True, True, True, True, True, False, True, True, True, True, False, True, True, True, False, False, True, False, False, True, False, True, False, False, True, False, True, True, False, True]"
16,0.999842145434921,"[True, True, True, True, True, True, True, True, True, True, True, True, True, True, True, False, True, True, True, True, False, True, True, True, False, False, True, False, False, True, False, True, False, False, True, False, True, False, False, True]"
16,0.9999947221238313,"[True, True, True, True, True, True, True, True, True, True, True, True, True, True, True, True, True, True, True, True, False, True, True, True, False, False, True, False, False, True, False, True, False, False, True, False, True, False, False, True]"
16,0.9998422944253728,"[True, True, True, True, True, True, True, True, True, True, True, True, True, True, True, False, True, True, True, True, False, True, True, True, False, True, True, False, False, True, False, True, False, False, True, False, True, False, False, True]"
16,0.9998236102473929,"[True, True, True, True, True, True, True, True, True, True, True, True, True, True, True, False, True, True, False, True, True, False, False, False, False, False, False, False, True, False, True, True, False, False, True, False, True, False, False, True]"
16,0.999842145434921,"[True, True, True, True, True, True, True, True, True, True, True, True, True, True, True, False, True, True, True, True, False, True, True, True, False, False, True, False, False, True, False, True, False, False, True, False, True, False, False, True]"
step,fitness,genome
17,0.9999947221238313,"[True, True, True, True, True, True, True, True, True, True, True, True, True, True, True, True, True, True, True, True, False, True, True, True, False, False, True, False, False, True, False, True, False, False, True, False, True, False, False, True]"
17,0.9999948688064498,"[True, True, True, True, True, True, True, True, True, True, True, True, True, True, True, True, True, True, True, True, False, True, True, True, False, True, True, False, False, True, False, False, False, False, True, False, True, False, False, True]"
17,0.9999910713626781,"[True, True, True, True, True, True, True, True, True, True, True, True, True, True, True, True, True, True, True, True, False, False, False, True, False, False, False, False, False, True, False, True, False, False, True, False, True, False, False, True]"
17,0.8542862693538382,"[True, True, True, True, True, False, True, True, True, True, True, True, True, True, True, True, True, True, True, True, False, True, True, True, False, False, True, False, False, True, False, True, False, False, True, False, True, False, False, True]"
17,0.999842145434921,"[True, True, True, True, True, True, True, True, True, True, True, True, True, True, True, False, True, True, True, True, False, True, True, True, False, False, True, False, False, True, False, True, False, False, True, False, True, False, False, True]"
17,0.9999995091094381,"[True, True, True, True, True, True, True, True, True, True, True, True, True, True, True, True, True, True, True, True, True, True, True, True, False, False, True, False, True, True, False, True, False, False, True, False, True, False, False, True]"
17,0.9999947221238313,"[True, True, True, True, True, True, True, True, True, True, True, True, True, True, True, True, True, True, True, True, False, True, True, True, False, False, True, False, False, True, False, True, False, False, True, False, True, False, False, True]"
17,0.9998422944253728,"[True, True, True, True, True, True, True, True, True, True, True, True, True, True, True, False, True, True, True, True, False, True, True, True, False, True, True, False, False, True, False, True, False, False, True, False, True, False, False, True]"
17,0.9999926732257888,"[True, True, True, True, True, True, True, True, True, True, True, True, True, True, True, True, True, True, True, True, False, False, True, True, True, False, True, True, False, True, False, True, False, False, True, False, True, False, False, True]"
17,0.9999989177564016,"[True, True, True, True, True, True, True, True, True, True, True, True, True, True, True, True, True, True, True, True, True, True, True, False, False, False, True, False, True, True, True, True, False, False, True, False, True, True, False, True]"
17,0.9998422944617474,"[True, True, True, True, True, True, True, True, True, True, True, True, True, True, True, False, True, True, True, True, False, True, True, True, False, True, True, False, False, True, False, True, False, False, True, False, True, True, False, True]"
17,0.9244181794910741,"[True, True, True, True, True, True, False, True, True, True, True, True, True, True, True, False, True, True, True, True, False, True, True, True, False, True, True, False, False, True, False, True, False, False, True, False, True, False, False, False]"
17,0.9999947221238313,"[True, True, True, True, True, True, True, True, True, True, True, True, True, True, True, True, True, True, True, True, False, True, True, True, False, False, True, False, False, True, False, True, False, False, True, False, True, False, False, True]"
17,0.9999947221238313,"[True, True, True, True, True, True, True, True, True, True, True, True, True, True, True, True, True, True, True, True, False, True, True, True, False, False, True, False, False, True, False, True, False, False, True, False, True, False, False, True]"
17,0.9998422944617474,"[True, True, True, True, True, True, True, True, True, True, True, True, True, True, True, False, True, True, True, True, False, True, True, True, False, True, True, False, False, True, False, True, False, False, True, False, True, True, False, True]"
17,0.999994759376558,"[True, True, True, True, True, True, True, True, True, True, True, True, True, True, True, True, True, True, True, True, False, True, True, True, False, False, True, True, False, True, False, True, False, False, True, False, True, False, False, True]"
17,0.9999233481932808,"[True, True, True, True, True, True, True, True, True, True, True, True, True, True, True, True, False, True, True, True, True, True, True, True, False, True, True, False, False, True, False, True, False, False, True, False, True, False, False, True]"
17,0.9999917653563452,"[True, True, True, True, True, True, True, True, True, True, True, True, True, True, True, True, True, True, True, True, False, False, True, False, False, False, True, False, True, True, True, True, False, False, True, True, True, False, True, True]"
17,0.9999947407501946,"[True, True, True, True, True, True, True, True, True, True, True, True, True, True, True, True, True, True, True, True, False, True, True, True, False, False, True, False, True, True, False, True, False, False, True, False, True, False, False, True]"
17,0.9996945057184077,"[True, True, True, True, True, True, True, True, True, True, True, True, True, True, False, True, True, True, True, True, True, True, True, True, False, True, True, False, False, True, False, True, False, False, True, False, True, False, False, True]"
17,0.9999947221238313,"[True, True, True, True, True, True, True, True, True, True, True, True, True, True, True, True, True, True, True, True, False, True, True, True, False, False, True, False, False, True, False, True, False, False, True, False, True, False, False, True]"
17,0.9999910713626781,"[True, True, True, True, True, True, True, True, True, True, True, True, True, True, True, True, True, True, True, True, False, False, False, True, False, False, False, False, False, True, False, True, False, False, True, False, True, False, False, True]"
17,0.9999923379701131,"[True, True, True, True, True, True, True, True, True, True, True, True, True, True, True, True, True, True, True, True, False, False, True, True, False, False, True, False, False, True, False, True, False, False, True, False, True, False, True, True]"
17,0.9999989177200219,"[True, True, True, True, True, True, True, True, True, True, True, True, True, True, True, True, True, True, True, True, True, True, True, False, False, False, True, False, True, True, True, True, False, False, True, False, True, False, False, True]"
17,0.999994759376558,"[True, True, True, True, True, True, True, True, True, True, True, True, True, True, True, True, True, True, True, True, False, True, True, True, False, False, True, True, False, True, False, True, False, False, True, False, True, False, False, True]"
17,0.999842145434921,"[True, True, True, True, True, True, True, True, True, True, True, True, True, True, True, False, True, True, True, True, False, True, True, True, False, False, True, False, False, True, False, True, False, False, True, False, True, False, False, True]"
17,0.9999965289007027,"[True, True, True, True, True, True, True, True, True, True, True, True, True, True, True, True, True, True, True, True, True, False, True, False, False, False, True, False, True, True, False, True, False, False, True, False, True, False, True, True]"
17,0.9999565759872034,"[True, True, True, True, True, True, True, True, True, True, True, True, True, True, True, True, True, False, True, True, False, True, True, True, False, False, True, False, False, True, False, True, False, False, True, False, True, False, False, True]"
17,0.9999965708100884,"[True, True, True, True, True, True, True, True, True, True, True, True, True, True, True, True, True, True, True, True, True, False, True, False, False, False, True, True, True, True, True, True, False, False, True, False, True, False, True, True]"
17,0.9997706555301827,"[True, True, True, True, True, True, True, True, True, True, True, True, True, True, True, False, False, True, True, True, True, True, True, True, False, False, True, False, True, True, True, True, False, False, True, False, False, False, False, True]"
17,0.999994759376558,"[True, True, True, True, True, True, True, True, True, True, True, True, True, True, True, True, True, True, True, True, False, True, True, True, False, False, True, True, False, True, False, True, False, False, True, False, True, False, False, True]"
17,0.9999948711256506,"[True, True, True, True, True, True, True, True, True, True, True, True, True, True, True, True, True, True, True, True, False, True, True, True, False, True, True, False, False, True, False, True, False, False, True, False, True, False, False, False]"
17,0.9998422990813247,"[True, True, True, True, True, True, True, True, True, True, True, True, True, True, True, False, True, True, True, True, False, True, True, True, False, True, True, False, False, True, True, True, False, False, True, False, True, False, False, True]"
17,0.999842145434921,"[True, True, True, True, True, True, True, True, True, True, True, True, True, True, True, False, True, True, True, True, False, True, True, True, False, False, True, False, False, True, False, True, False, False, True, False, True, False, False, True]"
17,0.9999948711347455,"[True, True, True, True, True, True, True, True, True, True, True, True, True, True, True, True, True, True, True, True, False, True, True, True, False, True, True, False, False, True, False, True, False, False, True, False, True, False, False, True]"
17,0.999994719795536,"[True, True, True, True, True, True, True, True, True, True, True, True, True, True, True, True, True, True, True, True, False, True, True, True, False, False, True, False, False, True, False, False, False, False, True, False, True, False, False, True]"
17,0.9998470621303811,"[True, True, True, True, True, True, True, True, True, True, True, True, True, True, True, False, True, True, True, True, True, True, True, True, False, True, True, False, False, True, False, True, False, False, True, False, True, False, False, True]"
17,0.9998421687510524,"[True, True, True, True, True, True, True, True, True, True, True, True, True, True, True, False, True, True, True, True, False, True, True, True, False, False, True, False, True, True, True, True, False, False, True, False, True, True, False, True]"
17,0.9999965288825128,"[True, True, True, True, True, True, True, True, True, True, True, True, True, True, True, True, True, True, True, True, True, False, True, False, False, False, True, False, True, True, False, True, False, False, True, False, True, False, False, True]"
17,0.9999947267986119,"[True, True, True, True, True, True, True, True, True, True, True, True, True, True, True, True, True, True, True, True, False, True, True, True, False, False, True, False, False, True, True, True, False, False, True, False, True, False, True, True]"
17,0.9998422944617474,"[True, True, True, True, True, True, True, True, True, True, True, True, True, True, True, False, True, True, True, True, False, True, True, True, False, True, True, False, False, True, False, True, False, False, True, False, True, True, False, True]"
17,0.9999947221238313,"[True, True, True, True, True, True, True, True, True, True, True, True, True, True, True, True, True, True, True, True, False, True, True, True, False, False, True, False, False, True, False, True, False, False, True, False, True, False, False, True]"
17,0.9998422944435601,"[True, True, True, True, True, True, True, True, True, True, True, True, True, True, True, False, True, True, True, True, False, True, True, True, False, True, True, False, False, True, False, True, False, False, True, False, True, False, True, True]"
17,0.999994759376558,"[True, True, True, True, True, True, True, True, True, True, True, True, True, True, True, True, True, True, True, True, False, True, True, True, False, False, True, True, False, True, False, True, False, False, True, False, True, False, False, True]"
17,0.9999202797195239,"[True, True, True, True, True, True, True, True, True, True, True, True, True, True, True, True, False, True, True, True, True, False, True, False, False, False, True, True, True, True, True, True, False, False, True, False, True, False, True, True]"
17,0.9999205777214051,"[True, True, True, True, True, True, True, True, True, True, True, True, True, True, True, True, False, True, True, True, True, False, True, False, True, False, True, True, True, True, True, True, False, False, True, False, True, False, True, True]"
17,0.9999947221238313,"[True, True, True, True, True, True, True, True, True, True, True, True, True, True, True, True, True, True, True, True, False, True, True, True, False, False, True, False, False, True, False, True, False, False, True, False, True, False, False, True]"
17,0.9998422944617474,"[True, True, True, True, True, True, True, True, True, True, True, True, True, True, True, False, True, True, True, True, False, True, True, True, False, True, True, False, False, True, False, True, False, False, True, False, True, True, False, True]"
17,0.999996533557301,"[True, True, True, True, True, True, True, True, True, True, True, True, True, True, True, True, True, True, True, True, True, False, True, False, False, False, True, False, True, True, True, True, False, False, True, False, True, False, True, True]"
17,0.9999947227059052,"[True, True, True, True, True, True, True, True, True, True, True, True, True, True, True, True, True, True, True, True, False, True, True, True, False, False, True, False, False, True, False, True, False, True, True, False, True, False, False, True]"
step,fitness,genome
18,0.9999917419097457,"[True, True, True, True, True, True, True, True, True, True, True, True, True, True, True, True, True, True, True, True, False, False, True, False, False, False, True, False, False, True, False, True, False, False, True, False, True, False, False, True]"
18,0.9999926918703075,"[True, True, True, True, True, True, True, True, True, True, True, True, True, True, True, True, True, True, True, True, False, False, True, True, True, False, True, True, True, True, False, True, False, False, True, False, True, False, True, True]"
18,0.9999949083874772,"[True, True, True, True, True, True, True, True, True, True, True, True, True, True, True, True, True, True, True, True, False, True, True, True, False, True, True, True, False, True, False, True, False, False, True, False, True, False, False, True]"
18,0.9999947221238313,"[True, True, True, True, True, True, True, True, True, True, True, True, True, True, True, True, True, True, True, True, False, True, True, True, False, False, True, False, False, True, False, True, False, False, True, False, True, False, False, True]"
18,0.7243113129057608,"[True, True, True, True, False, True, True, True, True, True, False, True, True, True, True, True, True, True, True, True, False, True, True, True, False, False, True, True, False, True, False, True, False, False, True, False, True, False, False, True]"
18,0.9999947221238313,"[True, True, True, True, True, True, True, True, True, True, True, True, True, True, True, True, True, True, True, True, False, True, True, True, False, False, True, False, False, True, False, True, False, False, True, False, True, False, False, True]"
18,0.9999947407501946,"[True, True, True, True, True, True, True, True, True, True, True, True, True, True, True, True, True, True, True, True, False, True, True, True, False, False, True, False, True, True, False, True, False, False, True, False, True, False, False, True]"
18,0.999996533557301,"[True, True, True, True, True, True, True, True, True, True, True, True, True, True, True, True, True, True, True, True, True, False, True, False, False, False, True, False, True, True, True, True, False, False, True, False, True, False, True, True]"
18,0.9951226661861408,"[True, True, True, True, True, True, True, True, True, True, False, True, True, True, True, True, True, True, True, True, False, True, True, True, False, False, True, False, True, True, False, True, False, False, True, False, True, False, False, False]"
18,0.9999947221238313,"[True, True, True, True, True, True, True, True, True, True, True, True, True, True, True, True, True, True, True, True, False, True, True, True, False, False, True, False, False, True, False, True, False, False, True, False, True, False, False, True]"
18,0.9999989177564016,"[True, True, True, True, True, True, True, True, True, True, True, True, True, True, True, True, True, True, True, True, True, True, True, False, False, False, True, False, True, True, True, True, False, False, True, False, True, True, False, True]"
18,0.9999989177564016,"[True, True, True, True, True, True, True, True, True, True, True, True, True, True, True, True, True, True, True, True, True, True, True, False, False, False, True, False, True, True, True, True, False, False, True, False, True, True, False, True]"
18,0.9999917653563452,"[True, True, True, True, True, True, True, True, True, True, True, True, True, True, True, True, True, True, True, True, False, False, True, False, False, False, True, False, True, True, True, True, False, False, True, True, True, False, True, True]"
18,0.999999509127628,"[True, True, True, True, True, True, True, True, True, True, True, True, True, True, True, True, True, True, True, True, True, True, True, True, False, False, True, False, True, True, False, True, False, False, True, False, True, False, True, True]"
18,0.9999971063008553,"[True, True, True, True, True, True, True, True, True, True, True, True, True, True, True, True, True, True, True, True, True, False, True, True, False, False, True, False, False, True, False, True, False, False, True, False, True, False, False, True]"
18,0.999994144706728,"[True, True, True, True, True, True, True, True, True, True, True, True, True, True, True, True, True, True, True, True, False, True, True, False, False, False, True, False, True, True, False, True, False, False, True, False, True, False, False, True]"
18,0.9999995091003432,"[True, True, True, True, True, True, True, True, True, True, True, True, True, True, True, True, True, True, True, True, True, True, True, True, False, False, True, False, True, True, False, True, False, False, True, False, True, False, False, False]"
18,0.9999995091094381,"[True, True, True, True, True, True, True, True, True, True, True, True, True, True, True, True, True, True, True, True, True, True, True, True, False, False, True, False, True, True, False, True, False, False, True, False, True, False, False, True]"
18,0.9999989177564016,"[True, True, True, True, True, True, True, True, True, True, True, True, True, True, True, True, True, True, True, True, True, True, True, False, False, False, True, False, True, True, True, True, False, False, True, False, True, True, False, True]"
18,0.02358977426734784,"[True, False, True, False, True, True, True, True, True, True, True, True, True, True, True, True, True, True, True, True, False, True, True, True, False, True, True, False, False, True, False, True, False, False, True, False, True, False, False, True]"
18,0.9999989177564016,"[True, True, True, True, True, True, True, True, True, True, True, True, True, True, True, True, True, True, True, True, True, True, True, False, False, False, True, False, True, True, True, True, False, False, True, False, True, True, False, True]"
18,0.9616136951539203,"[True, True, True, True, True, True, True, False, True, True, True, True, True, True, True, True, True, True, True, True, True, False, True, False, False, False, True, False, True, True, True, True, False, False, True, False, True, False, True, True]"
18,0.9999965289007027,"[True, True, True, True, True, True, True, True, True, True, True, True, True, True, True, True, True, True, True, True, True, False, True, False, False, False, True, False, True, True, False, True, False, False, True, False, True, False, True, True]"
18,0.9999910713626781,"[True, True, True, True, True, True, True, True, True, True, True, True, True, True, True, True, True, True, True, True, False, False, False, True, False, False, False, False, False, True, False, True, False, False, True, False, True, False, False, True]"
18,0.999996533557301,"[True, True, True, True, True, True, True, True, True, True, True, True, True, True, True, True, True, True, True, True, True, False, True, False, False, False, True, False, True, True, True, True, False, False, True, False, True, False, True, True]"
18,0.9999965289007027,"[True, True, True, True, True, True, True, True, True, True, True, True, True, True, True, True, True, True, True, True, True, False, True, False, False, False, True, False, True, True, False, True, False, False, True, False, True, False, True, True]"
18,0.999999490482995,"[True, True, True, True, True, True, True, True, True, True, True, True, True, True, True, True, True, True, True, True, True, True, True, True, False, False, True, False, False, True, False, True, False, False, True, False, True, False, False, True]"
18,0.9999910899889801,"[True, True, True, True, True, True, True, True, True, True, True, True, True, True, True, True, True, True, True, True, False, False, False, True, False, False, False, False, True, True, False, True, False, False, True, False, True, False, False, True]"
18,0.9999965149309078,"[True, True, True, True, True, True, True, True, True, True, True, True, True, True, True, True, True, True, True, True, True, False, True, False, False, False, True, False, False, True, True, True, False, False, True, False, True, False, True, True]"
18,0.9999947407501946,"[True, True, True, True, True, True, True, True, True, True, True, True, True, True, True, True, True, True, True, True, False, True, True, True, False, False, True, False, True, True, False, True, False, False, True, False, True, False, False, True]"
18,0.9999948711256506,"[True, True, True, True, True, True, True, True, True, True, True, True, True, True, True, True, True, True, True, True, False, True, True, True, False, True, True, False, False, True, False, True, False, False, True, False, True, False, False, False]"
18,0.9999565666743417,"[True, True, True, True, True, True, True, True, True, True, True, True, True, True, True, True, True, False, True, True, False, True, True, True, False, False, True, False, False, False, False, True, False, False, True, False, True, False, False, True]"
18,0.9999995091094381,"[True, True, True, True, True, True, True, True, True, True, True, True, True, True, True, True, True, True, True, True, True, True, True, True, False, False, True, False, True, True, False, True, False, False, True, False, True, False, False, True]"
18,0.9999947221238313,"[True, True, True, True, True, True, True, True, True, True, True, True, True, True, True, True, True, True, True, True, False, True, True, True, False, False, True, False, False, True, False, True, False, False, True, False, True, False, False, True]"
18,0.9999923426266939,"[True, True, True, True, True, True, True, True, True, True, True, True, True, True, True, True, True, True, True, True, False, False, True, True, False, False, True, False, False, True, True, True, False, False, True, False, True, False, True, True]"
18,0.9999947407501946,"[True, True, True, True, True, True, True, True, True, True, True, True, True, True, True, True, True, True, True, True, False, True, True, True, False, False, True, False, True, True, False, True, False, False, True, False, True, False, False, True]"
18,0.9999971063008553,"[True, True, True, True, True, True, True, True, True, True, True, True, True, True, True, True, True, True, True, True, True, False, True, True, False, False, True, False, False, True, False, True, False, False, True, False, True, False, False, True]"
18,0.9999942913892701,"[True, True, True, True, True, True, True, True, True, True, True, True, True, True, True, True, True, True, True, True, False, True, True, False, False, True, True, False, True, True, False, False, False, False, True, False, True, False, False, True]"
18,0.999842299099512,"[True, True, True, True, True, True, True, True, True, True, True, True, True, True, True, False, True, True, True, True, False, True, True, True, False, True, True, False, False, True, True, True, False, False, True, False, True, False, True, True]"
18,0.999985185503274,"[True, True, True, True, True, True, True, True, True, True, True, True, True, True, True, True, True, True, True, False, False, True, True, True, False, False, True, False, False, True, False, True, False, False, True, False, True, True, False, True]"
18,0.9999995137660489,"[True, True, True, True, True, True, True, True, True, True, True, True, True, True, True, True, True, True, True, True, True, True, True, True, False, False, True, False, True, True, True, True, False, False, True, False, True, False, False, True]"
18,0.9999965289370824,"[True, True, True, True, True, True, True, True, True, True, True, True, True, True, True, True, True, True, True, True, True, False, True, False, False, False, True, False, True, True, False, True, False, False, True, False, True, True, True, True]"
18,0.9999988944369804,"[True, True, True, True, True, True, True, True, True, True, True, True, True, True, True, True, True, True, True, True, True, True, True, False, False, False, True, False, False, True, False, True, False, False, True, False, True, False, False, True]"
18,0.9999846127112956,"[True, True, True, True, True, True, True, True, True, True, True, True, True, True, True, True, True, True, True, False, False, True, True, False, False, False, True, False, True, True, True, True, False, False, True, False, True, False, False, True]"
18,0.9999948711347455,"[True, True, True, True, True, True, True, True, True, True, True, True, True, True, True, True, True, True, True, True, False, True, True, True, False, True, True, False, False, True, False, True, False, False, True, False, True, False, False, True]"
18,0.9999947227059052,"[True, True, True, True, True, True, True, True, True, True, True, True, True, True, True, True, True, True, True, True, False, True, True, True, False, False, True, False, False, True, False, True, False, True, True, False, True, False, False, True]"
18,0.999076621888821,"[True, True, True, True, True, True, True, True, True, True, True, True, True, False, False, True, True, True, True, True, False, False, True, False, False, False, True, False, True, True, True, True, False, False, True, True, True, False, True, True]"
18,0.9999917653563452,"[True, True, True, True, True, True, True, True, True, True, True, True, True, True, True, True, True, True, True, True, False, False, True, False, False, False, True, False, True, True, True, True, False, False, True, True, True, False, True, True]"
18,0.9902766921833818,"[True, True, True, True, True, True, True, True, True, False, True, True, True, True, True, True, True, True, True, True, True, True, True, True, False, False, True, False, True, True, False, True, False, False, True, False, True, False, False, True]"
18,0.999994759376558,"[True, True, True, True, True, True, True, True, True, True, True, True, True, True, True, True, True, True, True, True, False, True, True, True, False, False, True, True, False, True, False, True, False, False, True, False, True, False, False, True]"
step,fitness,genome
19,0.9999995091003432,"[True, True, True, True, True, True, True, True, True, True, True, True, True, True, True, True, True, True, True, True, True, True, True, True, False, False, True, False, True, True, False, True, False, False, True, False, True, False, False, False]"
19,0.9999988944369804,"[True, True, True, True, True, True, True, True, True, True, True, True, True, True, True, True, True, True, True, True, True, True, True, False, False, False, True, False, False, True, False, True, False, False, True, False, True, False, False, True]"
19,0.9999989177564016,"[True, True, True, True, True, True, True, True, True, True, True, True, True, True, True, True, True, True, True, True, True, True, True, False, False, False, True, False, True, True, True, True, False, False, True, False, True, True, False, True]"
19,0.9999971063008553,"[True, True, True, True, True, True, True, True, True, True, True, True, True, True, True, True, True, True, True, True, True, False, True, True, False, False, True, False, False, True, False, True, False, False, True, False, True, False, False, True]"
19,0.9999995091458179,"[True, True, True, True, True, True, True, True, True, True, True, True, True, True, True, True, True, True, True, True, True, True, True, True, False, False, True, False, True, True, False, True, False, False, True, False, True, True, False, True]"
19,0.9999926406479039,"[True, True, True, True, True, True, True, True, True, True, True, True, True, True, True, True, True, True, True, True, False, False, True, True, True, False, True, False, False, True, True, True, False, False, True, False, True, False, True, True]"
19,0.9999965289007027,"[True, True, True, True, True, True, True, True, True, True, True, True, True, True, True, True, True, True, True, True, True, False, True, False, False, False, True, False, True, True, False, True, False, False, True, False, True, False, True, True]"
19,0.9999948711256506,"[True, True, True, True, True, True, True, True, True, True, True, True, True, True, True, True, True, True, True, True, False, True, True, True, False, True, True, False, False, True, False, True, False, False, True, False, True, False, False, False]"
19,0.999999509127628,"[True, True, True, True, True, True, True, True, True, True, True, True, True, True, True, True, True, True, True, True, True, True, True, True, False, False, True, False, True, True, False, True, False, False, True, False, True, False, True, True]"
19,0.9999988944369804,"[True, True, True, True, True, True, True, True, True, True, True, True, True, True, True, True, True, True, True, True, True, True, True, False, False, False, True, False, False, True, False, True, False, False, True, False, True, False, False, True]"
19,0.999994875782242,"[True, True, True, True, True, True, True, True, True, True, True, True, True, True, True, True, True, True, True, True, False, True, True, True, False, True, True, False, False, True, True, True, False, False, True, False, True, False, False, False]"
19,0.9902743288652482,"[True, True, True, True, True, True, True, True, True, False, True, True, True, True, True, True, True, True, True, True, True, False, True, True, False, False, True, False, True, True, False, True, False, False, True, False, True, False, False, False]"
19,0.0009765568482423357,"[False, True, True, True, True, True, True, True, True, True, True, True, True, True, True, True, True, True, True, True, True, False, True, True, False, False, True, False, False, True, False, True, False, False, True, False, True, False, False, True]"
19,0.9999965149309078,"[True, True, True, True, True, True, True, True, True, True, True, True, True, True, True, True, True, True, True, True, True, False, True, False, False, False, True, False, False, True, True, True, False, False, True, False, True, False, True, True]"
19,0.9999942937266595,"[True, True, True, True, True, True, True, True, True, True, True, True, True, True, True, True, True, True, True, True, False, True, True, False, False, True, True, False, True, True, False, True, False, False, True, False, True, False, True, False]"
19,0.9999971063372349,"[True, True, True, True, True, True, True, True, True, True, True, True, True, True, True, True, True, True, True, True, True, False, True, True, False, False, True, False, False, True, False, True, False, False, True, False, True, True, False, True]"
19,0.9999995137660489,"[True, True, True, True, True, True, True, True, True, True, True, True, True, True, True, True, True, True, True, True, True, True, True, True, False, False, True, False, True, True, True, True, False, False, True, False, True, False, False, True]"
19,0.9999995137660489,"[True, True, True, True, True, True, True, True, True, True, True, True, True, True, True, True, True, True, True, True, True, True, True, True, False, False, True, False, True, True, True, True, False, False, True, False, True, False, False, True]"
19,0.9999995091094381,"[True, True, True, True, True, True, True, True, True, True, True, True, True, True, True, True, True, True, True, True, True, True, True, True, False, False, True, False, True, True, False, True, False, False, True, False, True, False, False, True]"
19,0.9999994951396057,"[True, True, True, True, True, True, True, True, True, True, True, True, True, True, True, True, True, True, True, True, True, True, True, True, False, False, True, False, False, True, True, True, False, False, True, False, True, False, False, True]"
19,0.9999947227059052,"[True, True, True, True, True, True, True, True, True, True, True, True, True, True, True, True, True, True, True, True, False, True, True, True, False, False, True, False, False, True, False, True, False, True, True, False, True, False, False, True]"
19,0.9987742648850678,"[True, True, True, True, True, True, True, True, True, True, True, True, False, True, True, True, True, True, True, True, False, True, True, False, False, True, True, False, True, True, False, False, False, False, True, False, True, False, True, True]"
19,0.9999947227059052,"[True, True, True, True, True, True, True, True, True, True, True, True, True, True, True, True, True, True, True, True, False, True, True, True, False, False, True, False, False, True, False, True, False, True, True, False, True, False, False, True]"
19,0.9999989177564016,"[True, True, True, True, True, True, True, True, True, True, True, True, True, True, True, True, True, True, True, True, True, True, True, False, False, False, True, False, True, True, True, True, False, False, True, False, True, True, False, True]"
19,0.9999988944369804,"[True, True, True, True, True, True, True, True, True, True, True, True, True, True, True, True, True, True, True, True, True, True, True, False, False, False, True, False, False, True, False, True, False, False, True, False, True, False, False, True]"
19,0.9999947221238313,"[True, True, True, True, True, True, True, True, True, True, True, True, True, True, True, True, True, True, True, True, False, True, True, True, False, False, True, False, False, True, False, True, False, False, True, False, True, False, False, True]"
19,0.9999983170540885,"[True, True, True, True, True, True, True, True, True, True, True, True, True, True, True, True, True, True, True, True, True, True, False, True, False, False, True, False, True, True, False, True, False, False, True, False, True, True, False, True]"
19,0.9999989177564016,"[True, True, True, True, True, True, True, True, True, True, True, True, True, True, True, True, True, True, True, True, True, True, True, False, False, False, True, False, True, True, True, True, False, False, True, False, True, True, False, True]"
19,0.9999971063008553,"[True, True, True, True, True, True, True, True, True, True, True, True, True, True, True, True, True, True, True, True, True, False, True, True, False, False, True, False, False, True, False, True, False, False, True, False, True, False, False, True]"
19,0.9999995091094381,"[True, True, True, True, True, True, True, True, True, True, True, True, True, True, True, True, True, True, True, True, True, True, True, True, False, False, True, False, True, True, False, True, False, False, True, False, True, False, False, True]"
19,0.9987770813570944,"[True, True, True, True, True, True, True, True, True, True, True, True, False, True, True, True, True, True, True, True, True, False, True, True, False, False, True, False, False, True, True, True, False, False, True, False, True, False, True, True]"
19,0.9999965102561197,"[True, True, True, True, True, True, True, True, True, True, True, True, True, True, True, True, True, True, True, True, True, False, True, False, False, False, True, False, False, True, False, True, False, False, True, False, True, False, False, True]"
19,0.9999995138206186,"[True, True, True, True, True, True, True, True, True, True, True, True, True, True, True, True, True, True, True, True, True, True, True, True, False, False, True, False, True, True, True, True, False, False, True, False, True, True, True, True]"
19,0.9999917462752879,"[True, True, True, True, True, True, True, True, True, True, True, True, True, True, True, True, True, True, True, True, False, False, True, False, False, False, True, False, False, True, True, True, False, False, False, False, True, False, False, True]"
19,0.9999947221238313,"[True, True, True, True, True, True, True, True, True, True, True, True, True, True, True, True, True, True, True, True, False, True, True, True, False, False, True, False, False, True, False, True, False, False, True, False, True, False, False, True]"
19,0.9999947221238313,"[True, True, True, True, True, True, True, True, True, True, True, True, True, True, True, True, True, True, True, True, False, True, True, True, False, False, True, False, False, True, False, True, False, False, True, False, True, False, False, True]"
19,0.9999965289370824,"[True, True, True, True, True, True, True, True, True, True, True, True, True, True, True, True, True, True, True, True, True, False, True, False, False, False, True, False, True, True, False, True, False, False, True, False, True, True, True, True]"
19,0.999996533557301,"[True, True, True, True, True, True, True, True, True, True, True, True, True, True, True, True, True, True, True, True, True, False, True, False, False, False, True, False, True, True, True, True, False, False, True, False, True, False, True, True]"
19,0.9999995091094381,"[True, True, True, True, True, True, True, True, True, True, True, True, True, True, True, True, True, True, True, True, True, True, True, True, False, False, True, False, True, True, False, True, False, False, True, False, True, False, False, True]"
19,0.999999509127628,"[True, True, True, True, True, True, True, True, True, True, True, True, True, True, True, True, True, True, True, True, True, True, True, True, False, False, True, False, True, True, False, True, False, False, True, False, True, False, True, True]"
19,0.999997129602049,"[True, True, True, True, True, True, True, True, True, True, True, True, True, True, True, True, True, True, True, True, True, False, True, True, False, False, True, False, True, True, True, True, False, False, True, False, True, False, True, True]"
19,0.999994144706728,"[True, True, True, True, True, True, True, True, True, True, True, True, True, True, True, True, True, True, True, True, False, True, True, False, False, False, True, False, True, True, False, True, False, False, True, False, True, False, False, True]"
19,0.9999971063008553,"[True, True, True, True, True, True, True, True, True, True, True, True, True, True, True, True, True, True, True, True, True, False, True, True, False, False, True, False, False, True, False, True, False, False, True, False, True, False, False, True]"
19,0.9999948711347455,"[True, True, True, True, True, True, True, True, True, True, True, True, True, True, True, True, True, True, True, True, False, True, True, True, False, True, True, False, False, True, False, True, False, False, True, False, True, False, False, True]"
19,0.9999989177564016,"[True, True, True, True, True, True, True, True, True, True, True, True, True, True, True, True, True, True, True, True, True, True, True, False, False, False, True, False, True, True, True, True, False, False, True, False, True, True, False, True]"
19,0.9999995091094381,"[True, True, True, True, True, True, True, True, True, True, True, True, True, True, True, True, True, True, True, True, True, True, True, True, False, False, True, False, True, True, False, True, False, False, True, False, True, False, False, True]"
19,0.9999613674649155,"[True, True, True, True, True, True, True, True, True, True, True, True, True, True, True, True, True, False, True, True, True, True, True, True, False, False, True, False, True, True, True, True, False, False, True, False, True, False, False, True]"
19,0.9999948711347455,"[True, True, True, True, True, True, True, True, True, True, True, True, True, True, True, True, True, True, True, True, False, True, True, True, False, True, True, False, False, True, False, True, False, False, True, False, True, False, False, True]"
19,0.999999509127628,"[True, True, True, True, True, True, True, True, True, True, True, True, True, True, True, True, True, True, True, True, True, True, True, True, False, False, True, False, True, True, False, True, False, False, True, False, True, False, True, True]"
19,0.999999439260278,"[True, True, True, True, True, True, True, True, True, True, True, True, True, True, True, True, True, True, True, True, True, True, True, True, False, False, False, False, True, True, True, True, False, False, True, False, True, False, False, True]"
step,fitness,genome
20,0.7279757878013289,"[True, True, True, True, False, True, True, True, True, True, True, True, True, True, True, True, True, True, True, True, True, True, True, True, False, False, True, False, True, True, False, True, False, False, True, False, True, False, True, True]"
20,0.9999994951396057,"[True, True, True, True, True, True, True, True, True, True, True, True, True, True, True, True, True, True, True, True, True, True, True, True, False, False, True, False, False, True, True, True, False, False, True, False, True, False, False, True]"
20,0.9999971074650055,"[True, True, True, True, True, True, True, True, True, True, True, True, True, True, True, True, True, True, True, True, True, False, True, True, False, False, True, False, False, True, False, True, True, False, True, False, True, False, False, True]"
20,0.9999995088183999,"[True, True, True, True, True, True, True, True, True, True, True, True, True, True, True, True, True, True, True, True, True, True, True, True, False, False, True, False, True, True, False, True, False, False, False, False, True, False, False, True]"
20,0.9999971063372349,"[True, True, True, True, True, True, True, True, True, True, True, True, True, True, True, True, True, True, True, True, True, False, True, True, False, False, True, False, False, True, False, True, False, False, True, False, True, True, False, True]"
20,0.9999988944369804,"[True, True, True, True, True, True, True, True, True, True, True, True, True, True, True, True, True, True, True, True, True, True, True, False, False, False, True, False, False, True, False, True, False, False, True, False, True, False, False, True]"
20,0.9999971063008553,"[True, True, True, True, True, True, True, True, True, True, True, True, True, True, True, True, True, True, True, True, True, False, True, True, False, False, True, False, False, True, False, True, False, False, True, False, True, False, False, True]"
20,0.9999942937266595,"[True, True, True, True, True, True, True, True, True, True, True, True, True, True, True, True, True, True, True, True, False, True, True, False, False, True, True, False, True, True, False, True, False, False, True, False, True, False, True, False]"
20,0.9999965102743095,"[True, True, True, True, True, True, True, True, True, True, True, True, True, True, True, True, True, True, True, True, True, False, True, False, False, False, True, False, False, True, False, True, False, False, True, False, True, False, True, True]"
20,0.96161369513636,"[True, True, True, True, True, True, True, False, True, True, True, True, True, True, True, True, True, True, True, True, True, False, True, False, False, False, True, False, True, True, True, True, False, False, True, False, True, False, False, True]"
20,0.9999989177564016,"[True, True, True, True, True, True, True, True, True, True, True, True, True, True, True, True, True, True, True, True, True, True, True, False, False, False, True, False, True, True, True, True, False, False, True, False, True, True, False, True]"
20,0.9999995137660489,"[True, True, True, True, True, True, True, True, True, True, True, True, True, True, True, True, True, True, True, True, True, True, True, True, False, False, True, False, True, True, True, True, False, False, True, False, True, False, False, True]"
20,0.9999995088365898,"[True, True, True, True, True, True, True, True, True, True, True, True, True, True, True, True, True, True, True, True, True, True, True, True, False, False, True, False, True, True, False, True, False, False, False, False, True, False, True, True]"
20,0.9999989130816034,"[True, True, True, True, True, True, True, True, True, True, True, True, True, True, True, True, True, True, True, True, True, True, True, False, False, False, True, False, True, True, False, True, False, False, True, False, True, False, True, True]"
20,0.9806390380272824,"[True, True, True, True, True, True, True, True, False, True, True, True, True, True, True, True, True, True, True, True, True, True, True, True, False, False, True, False, True, True, False, True, False, False, True, False, True, False, False, True]"
20,0.9999995091094381,"[True, True, True, True, True, True, True, True, True, True, True, True, True, True, True, True, True, True, True, True, True, True, True, True, False, False, True, False, True, True, False, True, False, False, True, False, True, False, False, True]"
20,0.999999509127628,"[True, True, True, True, True, True, True, True, True, True, True, True, True, True, True, True, True, True, True, True, True, True, True, True, False, False, True, False, True, True, False, True, False, False, True, False, True, False, True, True]"
20,0.9999995091094381,"[True, True, True, True, True, True, True, True, True, True, True, True, True, True, True, True, True, True, True, True, True, True, True, True, False, False, True, False, True, True, False, True, False, False, True, False, True, False, False, True]"
20,0.9999971063008553,"[True, True, True, True, True, True, True, True, True, True, True, True, True, True, True, True, True, True, True, True, True, False, True, True, False, False, True, False, False, True, False, True, False, False, True, False, True, False, False, True]"
20,0.0009765603771401903,"[False, True, True, True, True, True, True, True, True, True, True, True, True, True, True, True, True, True, True, True, True, True, True, False, False, False, True, False, True, True, False, True, False, False, True, False, True, True, False, True]"
20,0.9902743104109311,"[True, True, True, True, True, True, True, True, True, False, True, True, True, True, True, True, True, True, True, True, True, False, True, True, False, False, True, False, False, True, False, True, False, False, True, False, True, False, False, True]"
20,0.9999948711347455,"[True, True, True, True, True, True, True, True, True, True, True, True, True, True, True, True, True, True, True, True, False, True, True, True, False, True, True, False, False, True, False, True, False, False, True, False, True, False, False, True]"
20,0.056312717391052744,"[True, False, True, True, True, True, True, True, True, True, True, True, True, True, True, True, True, True, True, False, True, True, True, False, False, False, True, False, True, True, True, True, False, False, True, False, True, True, False, True]"
20,0.999980435831624,"[True, True, True, True, True, True, True, True, True, True, True, True, True, True, True, True, True, True, False, True, True, True, True, True, False, False, True, False, True, True, False, True, False, False, True, False, True, True, False, True]"
20,0.9999984662110036,"[True, True, True, True, True, True, True, True, True, True, True, True, True, True, True, True, True, True, True, True, True, True, False, True, False, True, True, False, True, True, False, True, False, False, True, True, True, True, False, True]"
20,0.9999988944369804,"[True, True, True, True, True, True, True, True, True, True, True, True, True, True, True, True, True, True, True, True, True, True, True, False, False, False, True, False, False, True, False, True, False, False, True, False, True, False, False, True]"
20,0.9999989177564016,"[True, True, True, True, True, True, True, True, True, True, True, True, True, True, True, True, True, True, True, True, True, True, True, False, False, False, True, False, True, True, True, True, False, False, True, False, True, True, False, True]"
20,0.9999947407501946,"[True, True, True, True, True, True, True, True, True, True, True, True, True, True, True, True, True, True, True, True, False, True, True, True, False, False, True, False, True, True, False, True, False, False, True, False, True, False, False, True]"
20,0.9999995096824195,"[True, True, True, True, True, True, True, True, True, True, True, True, True, True, True, True, True, True, True, True, True, True, True, True, False, False, True, False, True, True, False, True, False, True, True, False, True, False, False, False]"
20,0.9999995091094381,"[True, True, True, True, True, True, True, True, True, True, True, True, True, True, True, True, True, True, True, True, True, True, True, True, False, False, True, False, True, True, False, True, False, False, True, False, True, False, False, True]"
20,0.9999893810634537,"[True, True, True, True, True, True, True, True, True, True, True, True, True, True, True, True, True, True, True, False, True, True, True, False, False, False, True, False, True, True, True, True, False, False, True, False, True, True, False, True]"
20,0.9951268248812235,"[True, True, True, True, True, True, True, True, True, True, False, True, True, True, True, True, True, True, True, True, True, True, True, False, False, False, True, False, True, True, True, True, False, False, True, False, True, True, False, True]"
20,0.9999965289370824,"[True, True, True, True, True, True, True, True, True, True, True, True, True, True, True, True, True, True, True, True, True, False, True, False, False, False, True, False, True, True, False, True, False, False, True, False, True, True, True, True]"
20,0.9999995091094381,"[True, True, True, True, True, True, True, True, True, True, True, True, True, True, True, True, True, True, True, True, True, True, True, True, False, False, True, False, True, True, False, True, False, False, True, False, True, False, False, True]"
20,0.9999989130816034,"[True, True, True, True, True, True, True, True, True, True, True, True, True, True, True, True, True, True, True, True, True, True, True, False, False, False, True, False, True, True, False, True, False, False, True, False, True, False, True, True]"
20,0.9999947407501946,"[True, True, True, True, True, True, True, True, True, True, True, True, True, True, True, True, True, True, True, True, False, True, True, True, False, False, True, False, True, True, False, True, False, False, True, False, True, False, False, True]"
20,0.9999989177564016,"[True, True, True, True, True, True, True, True, True, True, True, True, True, True, True, True, True, True, True, True, True, True, True, False, False, False, True, False, True, True, True, True, False, False, True, False, True, True, False, True]"
20,0.99984693179955,"[True, True, True, True, True, True, True, True, True, True, True, True, True, True, True, False, True, True, True, True, True, True, True, True, False, False, True, False, True, True, False, True, False, False, True, False, True, True, False, True]"
20,0.9999995091003432,"[True, True, True, True, True, True, True, True, True, True, True, True, True, True, True, True, True, True, True, True, True, True, True, True, False, False, True, False, True, True, False, True, False, False, True, False, True, False, False, False]"
20,0.9999971295838592,"[True, True, True, True, True, True, True, True, True, True, True, True, True, True, True, True, True, True, True, True, True, False, True, True, False, False, True, False, True, True, True, True, False, False, True, False, True, False, False, True]"
20,0.999980435831624,"[True, True, True, True, True, True, True, True, True, True, True, True, True, True, True, True, True, True, False, True, True, True, True, True, False, False, True, False, True, True, False, True, False, False, True, False, True, True, False, True]"
20,0.9975583868573299,"[True, True, True, True, True, True, True, True, True, True, True, False, True, True, True, True, True, True, True, True, True, False, True, True, False, False, True, False, False, True, False, True, False, False, True, False, True, False, False, False]"
20,0.9999983170540885,"[True, True, True, True, True, True, True, True, True, True, True, True, True, True, True, True, True, True, True, True, True, True, False, True, False, False, True, False, True, True, False, True, False, False, True, False, True, True, False, True]"
20,0.9999995137660489,"[True, True, True, True, True, True, True, True, True, True, True, True, True, True, True, True, True, True, True, True, True, True, True, True, False, False, True, False, True, True, True, True, False, False, True, False, True, False, False, True]"
20,0.9999995463805151,"[True, True, True, True, True, True, True, True, True, True, True, True, True, True, True, True, True, True, True, True, True, True, True, True, False, False, True, True, True, True, False, True, False, False, True, False, True, False, True, True]"
20,0.9999965289370824,"[True, True, True, True, True, True, True, True, True, True, True, True, True, True, True, True, True, True, True, True, True, False, True, False, False, False, True, False, True, True, False, True, False, False, True, False, True, True, True, True]"
20,0.9999971063008553,"[True, True, True, True, True, True, True, True, True, True, True, True, True, True, True, True, True, True, True, True, True, False, True, True, False, False, True, False, False, True, False, True, False, False, True, False, True, False, False, True]"
20,0.999999439260278,"[True, True, True, True, True, True, True, True, True, True, True, True, True, True, True, True, True, True, True, True, True, True, True, True, False, False, False, False, True, True, True, True, False, False, True, False, True, False, False, True]"
20,0.999994144706728,"[True, True, True, True, True, True, True, True, True, True, True, True, True, True, True, True, True, True, True, True, False, True, True, False, False, False, True, False, True, True, False, True, False, False, True, False, True, False, False, True]"
20,0.9999989177564016,"[True, True, True, True, True, True, True, True, True, True, True, True, True, True, True, True, True, True, True, True, True, True, True, False, False, False, True, False, True, True, True, True, False, False, True, False, True, True, False, True]"
step,fitness,genome
21,0.9999756675178549,"[True, True, True, True, True, True, True, True, True, True, True, True, True, True, True, True, True, True, False, True, False, True, True, True, False, False, True, False, True, True, False, True, False, False, True, False, True, False, False, True]"
21,0.9999607714757303,"[True, True, True, True, True, True, True, True, True, True, True, True, True, True, True, True, True, False, True, True, True, True, True, False, False, False, True, False, True, True, True, True, False, False, True, False, True, True, False, True]"
21,0.9999995137660489,"[True, True, True, True, True, True, True, True, True, True, True, True, True, True, True, True, True, True, True, True, True, True, True, True, False, False, True, False, True, True, True, True, False, False, True, False, True, False, False, True]"
21,0.999999509127628,"[True, True, True, True, True, True, True, True, True, True, True, True, True, True, True, True, True, True, True, True, True, True, True, True, False, False, True, False, True, True, False, True, False, False, True, False, True, False, True, True]"
21,0.9999947407501946,"[True, True, True, True, True, True, True, True, True, True, True, True, True, True, True, True, True, True, True, True, False, True, True, True, False, False, True, False, True, True, False, True, False, False, True, False, True, False, False, True]"
21,0.999999509127628,"[True, True, True, True, True, True, True, True, True, True, True, True, True, True, True, True, True, True, True, True, True, True, True, True, False, False, True, False, True, True, False, True, False, False, True, False, True, False, True, True]"
21,0.9999613633814263,"[True, True, True, True, True, True, True, True, True, True, True, True, True, True, True, True, True, False, True, True, True, True, True, True, False, False, True, False, True, True, False, True, False, True, True, False, True, False, False, False]"
21,0.9999995088183999,"[True, True, True, True, True, True, True, True, True, True, True, True, True, True, True, True, True, True, True, True, True, True, True, True, False, False, True, False, True, True, False, True, False, False, False, False, True, False, False, True]"
21,0.9999989177564016,"[True, True, True, True, True, True, True, True, True, True, True, True, True, True, True, True, True, True, True, True, True, True, True, False, False, False, True, False, True, True, True, True, False, False, True, False, True, True, False, True]"
21,0.9999995088183999,"[True, True, True, True, True, True, True, True, True, True, True, True, True, True, True, True, True, True, True, True, True, True, True, True, False, False, True, False, True, True, False, True, False, False, False, False, True, False, False, True]"
21,0.9999989177564016,"[True, True, True, True, True, True, True, True, True, True, True, True, True, True, True, True, True, True, True, True, True, True, True, False, False, False, True, False, True, True, True, True, False, False, True, False, True, True, False, True]"
21,0.990276096775847,"[True, True, True, True, True, True, True, True, True, False, True, True, True, True, True, True, True, True, True, True, True, True, True, False, False, False, True, False, True, False, True, True, False, False, True, False, True, True, False, True]"
21,0.9999995091094381,"[True, True, True, True, True, True, True, True, True, True, True, True, True, True, True, True, True, True, True, True, True, True, True, True, False, False, True, False, True, True, False, True, False, False, True, False, True, False, False, True]"
21,0.9999970550782482,"[True, True, True, True, True, True, True, True, True, True, True, True, True, True, True, True, True, True, True, True, True, False, True, True, False, False, False, False, True, True, True, True, False, False, True, False, True, False, False, True]"
21,0.05631347783045409,"[True, False, True, True, True, True, True, True, True, True, True, True, True, True, True, True, True, True, True, True, True, True, True, True, False, False, True, False, True, True, False, True, False, False, False, False, True, False, True, True]"
21,0.9999995088365898,"[True, True, True, True, True, True, True, True, True, True, True, True, True, True, True, True, True, True, True, True, True, True, True, True, False, False, True, False, True, True, False, True, False, False, False, False, True, False, True, True]"
21,0.9987794071213848,"[True, True, True, True, True, True, True, True, True, True, True, True, False, True, True, True, True, True, True, True, True, True, True, True, False, False, False, False, True, True, True, True, False, False, True, False, True, True, False, True]"
21,0.9245631519205769,"[True, True, True, True, True, True, False, True, True, True, True, True, True, True, True, True, True, True, True, True, True, True, False, False, False, True, True, False, True, True, False, True, False, False, True, True, True, True, False, True]"
21,0.9999971063372349,"[True, True, True, True, True, True, True, True, True, True, True, True, True, True, True, True, True, True, True, True, True, False, True, True, False, False, True, False, False, True, False, True, False, False, True, False, True, True, False, True]"
21,0.9999994951396057,"[True, True, True, True, True, True, True, True, True, True, True, True, True, True, True, True, True, True, True, True, True, True, True, True, False, False, True, False, False, True, True, True, False, False, True, False, True, False, False, True]"
21,0.9999974230043206,"[True, True, True, True, True, True, True, True, True, True, True, True, True, True, True, True, True, True, True, True, True, False, True, True, True, False, True, False, True, True, False, True, False, False, True, False, True, True, True, True]"
21,0.999998824587859,"[True, True, True, True, True, True, True, True, True, True, True, True, True, True, True, True, True, True, True, True, True, True, True, False, False, False, False, False, False, True, True, True, False, False, True, False, True, False, False, True]"
21,0.9999995143481253,"[True, True, True, True, True, True, True, True, True, True, True, True, True, True, True, True, True, True, True, True, True, True, True, True, False, False, True, False, True, True, True, True, False, True, True, False, True, False, False, True]"
21,0.9999994346218575,"[True, True, True, True, True, True, True, True, True, True, True, True, True, True, True, True, True, True, True, True, True, True, True, True, False, False, False, False, True, True, False, True, False, False, True, False, True, False, True, True]"
21,0.9999995134750107,"[True, True, True, True, True, True, True, True, True, True, True, True, True, True, True, True, True, True, True, True, True, True, True, True, False, False, True, False, True, True, True, True, False, False, False, False, True, False, False, True]"
21,0.9999995088183999,"[True, True, True, True, True, True, True, True, True, True, True, True, True, True, True, True, True, True, True, True, True, True, True, True, False, False, True, False, True, True, False, True, False, False, False, False, True, False, False, True]"
21,0.9999989177745915,"[True, True, True, True, True, True, True, True, True, True, True, True, True, True, True, True, True, True, True, True, True, True, True, False, False, False, True, False, True, True, True, True, False, False, True, False, True, True, True, True]"
21,0.9999995137660489,"[True, True, True, True, True, True, True, True, True, True, True, True, True, True, True, True, True, True, True, True, True, True, True, True, False, False, True, False, True, True, True, True, False, False, True, False, True, False, False, True]"
21,0.999999439260278,"[True, True, True, True, True, True, True, True, True, True, True, True, True, True, True, True, True, True, True, True, True, True, True, True, False, False, False, False, True, True, True, True, False, False, True, False, True, False, False, True]"
21,0.9999995137660489,"[True, True, True, True, True, True, True, True, True, True, True, True, True, True, True, True, True, True, True, True, True, True, True, True, False, False, True, False, True, True, True, True, False, False, True, False, True, False, False, True]"
21,0.999999439260278,"[True, True, True, True, True, True, True, True, True, True, True, True, True, True, True, True, True, True, True, True, True, True, True, True, False, False, False, False, True, True, True, True, False, False, True, False, True, False, False, True]"
21,0.9999995092549572,"[True, True, True, True, True, True, True, True, True, True, True, True, True, True, True, True, True, True, True, True, True, True, True, True, False, False, True, False, True, True, False, True, False, False, True, True, True, False, False, True]"
21,0.9999995091003432,"[True, True, True, True, True, True, True, True, True, True, True, True, True, True, True, True, True, True, True, True, True, True, True, True, False, False, True, False, True, True, False, True, False, False, True, False, True, False, False, False]"
21,0.9999989130816034,"[True, True, True, True, True, True, True, True, True, True, True, True, True, True, True, True, True, True, True, True, True, True, True, False, False, False, True, False, True, True, False, True, False, False, True, False, True, False, True, True]"
21,0.9987788628600159,"[True, True, True, True, True, True, True, True, True, True, True, True, False, True, True, True, True, True, True, True, True, True, True, False, False, False, True, False, False, True, False, True, False, False, True, False, True, False, False, True]"
21,0.9999995137660489,"[True, True, True, True, True, True, True, True, True, True, True, True, True, True, True, True, True, True, True, True, True, True, True, True, False, False, True, False, True, True, True, True, False, False, True, False, True, False, False, True]"
21,0.5244602030372247,"[True, True, True, False, True, True, True, True, True, True, True, True, True, True, True, True, True, True, True, True, True, True, True, True, False, False, True, False, True, True, True, True, False, False, True, False, True, False, False, True]"
21,0.9245646791625309,"[True, True, True, True, True, True, False, True, True, True, True, True, True, True, True, True, True, True, True, True, True, True, True, True, False, False, True, False, True, True, False, True, False, False, True, False, True, False, False, True]"
21,0.9999232178171228,"[True, True, True, True, True, True, True, True, True, True, True, True, True, True, True, True, False, True, True, True, True, True, True, True, False, False, True, False, True, True, False, True, False, False, True, False, True, False, False, True]"
21,0.9999995091094381,"[True, True, True, True, True, True, True, True, True, True, True, True, True, True, True, True, True, True, True, True, True, True, True, True, False, False, True, False, True, True, False, True, False, False, True, False, True, False, False, True]"
21,0.9999989503162807,"[True, True, True, True, True, True, True, True, True, True, True, True, True, True, True, True, True, True, True, True, True, True, True, False, False, False, True, True, True, True, False, True, False, False, True, False, True, False, False, True]"
21,0.9999988991299684,"[True, True, True, True, True, True, True, True, True, True, True, True, True, True, True, True, True, True, True, True, True, True, True, False, False, False, True, False, False, True, True, True, False, False, True, False, True, True, False, True]"
21,0.9999965335754908,"[True, True, True, True, True, True, True, True, True, True, True, True, True, True, True, True, True, True, True, True, True, False, True, False, False, False, True, False, True, True, True, True, False, False, True, False, True, True, False, True]"
21,0.9999988944369804,"[True, True, True, True, True, True, True, True, True, True, True, True, True, True, True, True, True, True, True, True, True, True, True, False, False, False, True, False, False, True, False, True, False, False, True, False, True, False, False, True]"
21,0.9999971063008553,"[True, True, True, True, True, True, True, True, True, True, True, True, True, True, True, True, True, True, True, True, True, False, True, True, False, False, True, False, False, True, False, True, False, False, True, False, True, False, False, True]"
21,0.999999439260278,"[True, True, True, True, True, True, True, True, True, True, True, True, True, True, True, True, True, True, True, True, True, True, True, True, False, False, False, False, True, True, True, True, False, False, True, False, True, False, False, True]"
21,0.9804515774307391,"[True, True, True, True, True, True, True, True, False, True, True, True, True, True, True, False, True, False, True, True, True, True, True, True, False, False, False, False, True, True, True, True, False, False, True, False, True, False, False, True]"
21,0.9999971063008553,"[True, True, True, True, True, True, True, True, True, True, True, True, True, True, True, True, True, True, True, True, True, False, True, True, False, False, True, False, False, True, False, True, False, False, True, False, True, False, False, True]"
21,0.9999998071325703,"[True, True, True, True, True, True, True, True, True, True, True, True, True, True, True, True, True, True, True, True, True, True, True, True, True, False, True, False, True, True, False, True, False, False, True, False, True, False, False, True]"
21,0.999999513756954,"[True, True, True, True, True, True, True, True, True, True, True, True, True, True, True, True, True, True, True, True, True, True, True, True, False, False, True, False, True, True, True, True, False, False, True, False, True, False, False, False]"
step,fitness,genome
22,0.9999995139024731,"[True, True, True, True, True, True, True, True, True, True, True, True, True, True, True, True, True, True, True, True, True, True, True, True, False, False, True, False, True, True, True, True, False, False, True, True, True, False, False, False]"
22,0.999999509127628,"[True, True, True, True, True, True, True, True, True, True, True, True, True, True, True, True, True, True, True, True, True, True, True, True, False, False, True, False, True, True, False, True, False, False, True, False, True, False, True, True]"
22,0.9999995088365898,"[True, True, True, True, True, True, True, True, True, True, True, True, True, True, True, True, True, True, True, True, True, True, True, True, False, False, True, False, True, True, False, True, False, False, False, False, True, False, True, True]"
22,0.9999995088183999,"[True, True, True, True, True, True, True, True, True, True, True, True, True, True, True, True, True, True, True, True, True, True, True, True, False, False, True, False, True, True, False, True, False, False, False, False, True, False, False, True]"
22,0.999999509127628,"[True, True, True, True, True, True, True, True, True, True, True, True, True, True, True, True, True, True, True, True, True, True, True, True, False, False, True, False, True, True, False, True, False, False, True, False, True, False, True, True]"
22,0.9999988432597656,"[True, True, True, True, True, True, True, True, True, True, True, True, True, True, True, True, True, True, True, True, True, True, True, False, False, False, False, False, True, True, True, True, False, False, True, False, True, True, True, False]"
22,0.9999995137660489,"[True, True, True, True, True, True, True, True, True, True, True, True, True, True, True, True, True, True, True, True, True, True, True, True, False, False, True, False, True, True, True, True, False, False, True, False, True, False, False, True]"
22,0.9999989002941205,"[True, True, True, True, True, True, True, True, True, True, True, True, True, True, True, True, True, True, True, True, True, True, True, False, False, False, True, False, False, True, True, True, True, False, True, False, True, True, False, True]"
22,0.9999947221238313,"[True, True, True, True, True, True, True, True, True, True, True, True, True, True, True, True, True, True, True, True, False, True, True, True, False, False, True, False, False, True, False, True, False, False, True, False, True, False, False, True]"
22,0.9999989130816034,"[True, True, True, True, True, True, True, True, True, True, True, True, True, True, True, True, True, True, True, True, True, True, True, False, False, False, True, False, True, True, False, True, False, False, True, False, True, False, True, True]"
22,0.5244602030321368,"[True, True, True, False, True, True, True, True, True, True, True, True, True, True, True, True, True, True, True, True, True, True, True, True, False, False, True, False, True, True, True, True, False, False, True, False, True, False, False, False]"
22,0.9999995091003432,"[True, True, True, True, True, True, True, True, True, True, True, True, True, True, True, True, True, True, True, True, True, True, True, True, False, False, True, False, True, True, False, True, False, False, True, False, True, False, False, False]"
22,0.9999995091094381,"[True, True, True, True, True, True, True, True, True, True, True, True, True, True, True, True, True, True, True, True, True, True, True, True, False, False, True, False, True, True, False, True, False, False, True, False, True, False, False, True]"
22,0.999999513911568,"[True, True, True, True, True, True, True, True, True, True, True, True, True, True, True, True, True, True, True, True, True, True, True, True, False, False, True, False, True, True, True, True, False, False, True, True, True, False, False, True]"
22,0.9999995088183999,"[True, True, True, True, True, True, True, True, True, True, True, True, True, True, True, True, True, True, True, True, True, True, True, True, False, False, True, False, True, True, False, True, False, False, False, False, True, False, False, True]"
22,0.9999995143481253,"[True, True, True, True, True, True, True, True, True, True, True, True, True, True, True, True, True, True, True, True, True, True, True, True, False, False, True, False, True, True, True, True, False, True, True, False, True, False, False, True]"
22,0.99756078904692,"[True, True, True, True, True, True, True, True, True, True, True, False, True, True, True, True, True, True, True, True, True, True, True, True, False, False, True, False, True, True, True, True, False, False, True, False, True, False, False, True]"
22,0.0009765615434766726,"[False, True, True, True, True, True, True, True, True, True, True, True, True, True, True, True, True, True, True, True, True, True, True, True, False, False, True, False, True, True, False, True, True, False, True, False, True, False, False, False]"
22,0.9999970550782482,"[True, True, True, True, True, True, True, True, True, True, True, True, True, True, True, True, True, True, True, True, True, False, True, True, False, False, False, False, True, True, True, True, False, False, True, False, True, False, False, True]"
22,0.9999995137660489,"[True, True, True, True, True, True, True, True, True, True, True, True, True, True, True, True, True, True, True, True, True, True, True, True, False, False, True, False, True, True, True, True, False, False, True, False, True, False, False, True]"
22,0.9999995510189362,"[True, True, True, True, True, True, True, True, True, True, True, True, True, True, True, True, True, True, True, True, True, True, True, True, False, False, True, True, True, True, True, True, False, False, True, False, True, False, False, True]"
22,0.9999995091094381,"[True, True, True, True, True, True, True, True, True, True, True, True, True, True, True, True, True, True, True, True, True, True, True, True, False, False, True, False, True, True, False, True, False, False, True, False, True, False, False, True]"
22,0.9999995091003432,"[True, True, True, True, True, True, True, True, True, True, True, True, True, True, True, True, True, True, True, True, True, True, True, True, False, False, True, False, True, True, False, True, False, False, True, False, True, False, False, False]"
22,0.999999439260278,"[True, True, True, True, True, True, True, True, True, True, True, True, True, True, True, True, True, True, True, True, True, True, True, True, False, False, False, False, True, True, True, True, False, False, True, False, True, False, False, True]"
22,0.9999998071325703,"[True, True, True, True, True, True, True, True, True, True, True, True, True, True, True, True, True, True, True, True, True, True, True, True, True, False, True, False, True, True, False, True, False, False, True, False, True, False, False, True]"
22,0.9999995088183999,"[True, True, True, True, True, True, True, True, True, True, True, True, True, True, True, True, True, True, True, True, True, True, True, True, False, False, True, False, True, True, False, True, False, False, False, False, True, False, False, True]"
22,0.9999995041617892,"[True, True, True, True, True, True, True, True, True, True, True, True, True, True, True, True, True, True, True, True, True, True, True, True, False, False, True, False, True, False, True, True, False, False, False, False, True, False, False, True]"
22,0.9999995091094381,"[True, True, True, True, True, True, True, True, True, True, True, True, True, True, True, True, True, True, True, True, True, True, True, True, False, False, True, False, True, True, False, True, False, False, True, False, True, False, False, True]"
22,0.9975610817694663,"[True, True, True, True, True, True, True, True, True, True, True, False, True, True, True, True, True, True, True, True, True, True, True, True, True, False, True, False, True, True, False, True, False, False, True, False, True, False, False, True]"
22,0.26307525078399735,"[True, True, False, True, True, True, True, True, True, True, True, True, True, True, True, True, True, True, True, True, True, True, True, False, False, False, True, False, True, True, True, True, False, False, True, False, True, True, True, True]"
22,0.9999995137660489,"[True, True, True, True, True, True, True, True, True, True, True, True, True, True, True, True, True, True, True, True, True, True, True, True, False, False, True, False, True, True, True, True, False, False, True, False, True, False, False, True]"
22,0.9999988432506708,"[True, True, True, True, True, True, True, True, True, True, True, True, True, True, True, True, True, True, True, True, True, True, True, False, False, False, False, False, True, True, True, True, False, False, True, False, True, True, False, True]"
22,0.9999994957580619,"[True, True, True, True, True, True, True, True, True, True, True, True, True, True, True, True, True, True, True, True, True, True, True, True, False, False, True, False, False, True, True, True, False, True, True, False, True, True, False, True]"
22,0.9999989130543186,"[True, True, True, True, True, True, True, True, True, True, True, True, True, True, True, True, True, True, True, True, True, True, True, False, False, False, True, False, True, True, False, True, False, False, True, False, True, False, False, False]"
22,0.9999995137660489,"[True, True, True, True, True, True, True, True, True, True, True, True, True, True, True, True, True, True, True, True, True, True, True, True, False, False, True, False, True, True, True, True, False, False, True, False, True, False, False, True]"
22,0.9999998082967233,"[True, True, True, True, True, True, True, True, True, True, True, True, True, True, True, True, True, True, True, True, True, True, True, True, True, False, True, False, True, True, False, True, True, False, True, False, True, False, False, True]"
22,0.9999947407410996,"[True, True, True, True, True, True, True, True, True, True, True, True, True, True, True, True, True, True, True, True, False, True, True, True, False, False, True, False, True, True, False, True, False, False, True, False, True, False, False, False]"
22,0.9999995134750107,"[True, True, True, True, True, True, True, True, True, True, True, True, True, True, True, True, True, True, True, True, True, True, True, True, False, False, True, False, True, True, True, True, False, False, False, False, True, False, False, True]"
22,0.9999971063008553,"[True, True, True, True, True, True, True, True, True, True, True, True, True, True, True, True, True, True, True, True, True, False, True, True, False, False, True, False, False, True, False, True, False, False, True, False, True, False, False, True]"
22,0.999999509127628,"[True, True, True, True, True, True, True, True, True, True, True, True, True, True, True, True, True, True, True, True, True, True, True, True, False, False, True, False, True, True, False, True, False, False, True, False, True, False, True, True]"
22,0.999998825169935,"[True, True, True, True, True, True, True, True, True, True, True, True, True, True, True, True, True, True, True, True, True, True, True, False, False, False, False, False, False, True, True, True, False, True, True, False, True, False, False, True]"
22,0.999999513756954,"[True, True, True, True, True, True, True, True, True, True, True, True, True, True, True, True, True, True, True, True, True, True, True, True, False, False, True, False, True, True, True, True, False, False, True, False, True, False, False, False]"
22,0.9999995092549572,"[True, True, True, True, True, True, True, True, True, True, True, True, True, True, True, True, True, True, True, True, True, True, True, True, False, False, True, False, True, True, False, True, False, False, True, True, True, False, False, True]"
22,0.9999995091094381,"[True, True, True, True, True, True, True, True, True, True, True, True, True, True, True, True, True, True, True, True, True, True, True, True, False, False, True, False, True, True, False, True, False, False, True, False, True, False, False, True]"
22,0.9999995137660489,"[True, True, True, True, True, True, True, True, True, True, True, True, True, True, True, True, True, True, True, True, True, True, True, True, False, False, True, False, True, True, True, True, False, False, True, False, True, False, False, True]"
22,0.999999439260278,"[True, True, True, True, True, True, True, True, True, True, True, True, True, True, True, True, True, True, True, True, True, True, True, True, False, False, False, False, True, True, True, True, False, False, True, False, True, False, False, True]"
22,0.9999994994960834,"[True, True, True, True, True, True, True, True, True, True, True, True, True, True, True, True, True, True, True, True, True, True, True, True, False, False, True, False, True, False, False, True, False, False, False, False, True, False, False, False]"
22,0.999999509127628,"[True, True, True, True, True, True, True, True, True, True, True, True, True, True, True, True, True, True, True, True, True, True, True, True, False, False, True, False, True, True, False, True, False, False, True, False, True, False, True, True]"
22,0.9999804404517757,"[True, True, True, True, True, True, True, True, True, True, True, True, True, True, True, True, True, True, False, True, True, True, True, True, False, False, True, False, True, True, True, True, False, False, True, False, True, False, False, True]"
22,0.9999995088365898,"[True, True, True, True, True, True, True, True, True, True, True, True, True, True, True, True, True, True, True, True, True, True, True, True, False, False, True, False, True, True, False, True, False, False, False, False, True, False, True, True]"
step,fitness,genome
23,0.9999994957580619,"[True, True, True, True, True, True, True, True, True, True, True, True, True, True, True, True, True, True, True, True, True, True, True, True, False, False, True, False, False, True, True, True, False, True, True, False, True, True, False, True]"
23,0.9999998083149132,"[True, True, True, True, True, True, True, True, True, True, True, True, True, True, True, True, True, True, True, True, True, True, True, True, True, False, True, False, True, True, False, True, True, False, True, False, True, False, True, True]"
23,0.999999509127628,"[True, True, True, True, True, True, True, True, True, True, True, True, True, True, True, True, True, True, True, True, True, True, True, True, False, False, True, False, True, True, False, True, False, False, True, False, True, False, True, True]"
23,0.9999995136841945,"[True, True, True, True, True, True, True, True, True, True, True, True, True, True, True, True, True, True, True, True, True, True, True, True, False, False, True, False, True, True, True, True, False, False, True, False, False, False, False, False]"
23,0.9999995134659158,"[True, True, True, True, True, True, True, True, True, True, True, True, True, True, True, True, True, True, True, True, True, True, True, True, False, False, True, False, True, True, True, True, False, False, False, False, True, False, False, False]"
23,0.9999995092549572,"[True, True, True, True, True, True, True, True, True, True, True, True, True, True, True, True, True, True, True, True, True, True, True, True, False, False, True, False, True, True, False, True, False, False, True, True, True, False, False, True]"
23,0.9999995137660489,"[True, True, True, True, True, True, True, True, True, True, True, True, True, True, True, True, True, True, True, True, True, True, True, True, False, False, True, False, True, True, True, True, False, False, True, False, True, False, False, True]"
23,0.9999804405972923,"[True, True, True, True, True, True, True, True, True, True, True, True, True, True, True, True, True, True, False, True, True, True, True, True, False, False, True, False, True, True, True, True, False, False, True, True, True, False, False, True]"
23,0.26307542988595756,"[True, True, False, True, True, True, True, True, True, True, True, True, True, True, True, True, True, True, True, True, True, True, True, True, False, False, True, False, True, True, True, True, False, False, False, False, True, False, False, True]"
23,0.999999509127628,"[True, True, True, True, True, True, True, True, True, True, True, True, True, True, True, True, True, True, True, True, True, True, True, True, False, False, True, False, True, True, False, True, False, False, True, False, True, False, True, True]"
23,0.9999995137660489,"[True, True, True, True, True, True, True, True, True, True, True, True, True, True, True, True, True, True, True, True, True, True, True, True, False, False, True, False, True, True, True, True, False, False, True, False, True, False, False, True]"
23,0.999999509127628,"[True, True, True, True, True, True, True, True, True, True, True, True, True, True, True, True, True, True, True, True, True, True, True, True, False, False, True, False, True, True, False, True, False, False, True, False, True, False, True, True]"
23,0.7279760126147132,"[True, True, True, True, False, True, True, True, True, True, True, True, True, True, True, True, True, True, True, True, True, True, True, True, True, False, True, False, True, True, False, True, True, False, True, False, True, False, False, True]"
23,0.9999995143481253,"[True, True, True, True, True, True, True, True, True, True, True, True, True, True, True, True, True, True, True, True, True, True, True, True, False, False, True, False, True, True, True, True, False, True, True, False, True, False, False, True]"
23,0.9999899772135032,"[True, True, True, True, True, True, True, True, True, True, True, True, True, True, True, True, True, True, True, False, True, True, True, True, False, False, True, False, True, True, True, True, False, False, True, True, True, False, False, True]"
23,0.9999995137660489,"[True, True, True, True, True, True, True, True, True, True, True, True, True, True, True, True, True, True, True, True, True, True, True, True, False, False, True, False, True, True, True, True, False, False, True, False, True, False, False, True]"
23,0.8542904277852624,"[True, True, True, True, True, False, True, True, True, True, True, True, True, True, True, True, True, True, True, True, True, True, True, True, False, False, True, False, True, True, True, True, False, False, True, False, True, False, False, True]"
23,0.9806390431745994,"[True, True, True, True, True, True, True, True, False, True, True, True, True, True, True, True, True, True, True, True, True, True, True, True, False, False, True, False, True, True, True, True, False, True, True, False, True, False, False, True]"
23,0.9999995092549572,"[True, True, True, True, True, True, True, True, True, True, True, True, True, True, True, True, True, True, True, True, True, True, True, True, False, False, True, False, True, True, False, True, False, False, True, True, True, False, False, True]"
23,0.999999513911568,"[True, True, True, True, True, True, True, True, True, True, True, True, True, True, True, True, True, True, True, True, True, True, True, True, False, False, True, False, True, True, True, True, False, False, True, True, True, False, False, True]"
23,0.9999995137660489,"[True, True, True, True, True, True, True, True, True, True, True, True, True, True, True, True, True, True, True, True, True, True, True, True, False, False, True, False, True, True, True, True, False, False, True, False, True, False, False, True]"
23,0.9999998082967233,"[True, True, True, True, True, True, True, True, True, True, True, True, True, True, True, True, True, True, True, True, True, True, True, True, True, False, True, False, True, True, False, True, True, False, True, False, True, False, False, True]"
23,0.9999995137660489,"[True, True, True, True, True, True, True, True, True, True, True, True, True, True, True, True, True, True, True, True, True, True, True, True, False, False, True, False, True, True, True, True, False, False, True, False, True, False, False, True]"
23,0.9999995041617892,"[True, True, True, True, True, True, True, True, True, True, True, True, True, True, True, True, True, True, True, True, True, True, True, True, False, False, True, False, True, False, True, True, False, False, False, False, True, False, False, True]"
23,0.9999995139024731,"[True, True, True, True, True, True, True, True, True, True, True, True, True, True, True, True, True, True, True, True, True, True, True, True, False, False, True, False, True, True, True, True, False, False, True, True, True, False, False, False]"
23,0.9951274133689586,"[True, True, True, True, True, True, True, True, True, True, False, True, True, True, True, True, True, True, True, True, True, True, True, True, False, False, True, False, True, True, False, True, False, False, False, False, True, False, True, True]"
23,0.9999995463805151,"[True, True, True, True, True, True, True, True, True, True, True, True, True, True, True, True, True, True, True, True, True, True, True, True, False, False, True, True, True, True, False, True, False, False, True, False, True, False, True, True]"
23,0.9999995137660489,"[True, True, True, True, True, True, True, True, True, True, True, True, True, True, True, True, True, True, True, True, True, True, True, True, False, False, True, False, True, True, True, True, False, False, True, False, True, False, False, True]"
23,0.9999989130816034,"[True, True, True, True, True, True, True, True, True, True, True, True, True, True, True, True, True, True, True, True, True, True, True, False, False, False, True, False, True, True, False, True, False, False, True, False, True, False, True, True]"
23,0.9999995088365898,"[True, True, True, True, True, True, True, True, True, True, True, True, True, True, True, True, True, True, True, True, True, True, True, True, False, False, True, False, True, True, False, True, False, False, False, False, True, False, True, True]"
23,0.9999983218107386,"[True, True, True, True, True, True, True, True, True, True, True, True, True, True, True, True, True, True, True, True, True, True, False, True, False, False, True, False, True, True, True, True, False, False, True, True, True, False, False, False]"
23,0.9999995091094381,"[True, True, True, True, True, True, True, True, True, True, True, True, True, True, True, True, True, True, True, True, True, True, True, True, False, False, True, False, True, True, False, True, False, False, True, False, True, False, False, True]"
23,0.9999995137660489,"[True, True, True, True, True, True, True, True, True, True, True, True, True, True, True, True, True, True, True, True, True, True, True, True, False, False, True, False, True, True, True, True, False, False, True, False, True, False, False, True]"
23,0.9987794768484188,"[True, True, True, True, True, True, True, True, True, True, True, True, False, True, True, True, True, True, True, True, True, True, True, True, False, False, True, False, True, True, False, True, False, False, True, False, True, False, False, False]"
23,0.9999995137660489,"[True, True, True, True, True, True, True, True, True, True, True, True, True, True, True, True, True, True, True, True, True, True, True, True, False, False, True, False, True, True, True, True, False, False, True, False, True, False, False, True]"
23,0.9999998082967233,"[True, True, True, True, True, True, True, True, True, True, True, True, True, True, True, True, True, True, True, True, True, True, True, True, True, False, True, False, True, True, False, True, True, False, True, False, True, False, False, True]"
23,0.9999995091094381,"[True, True, True, True, True, True, True, True, True, True, True, True, True, True, True, True, True, True, True, True, True, True, True, True, False, False, True, False, True, True, False, True, False, False, True, False, True, False, False, True]"
23,0.9999998119256065,"[True, True, True, True, True, True, True, True, True, True, True, True, True, True, True, True, True, True, True, True, True, True, True, True, True, False, True, False, True, True, True, True, False, False, True, True, True, False, False, False]"
23,0.9999995137660489,"[True, True, True, True, True, True, True, True, True, True, True, True, True, True, True, True, True, True, True, True, True, True, True, True, False, False, True, False, True, True, True, True, False, False, True, False, True, False, False, True]"
23,0.9999998082967233,"[True, True, True, True, True, True, True, True, True, True, True, True, True, True, True, True, True, True, True, True, True, True, True, True, True, False, True, False, True, True, False, True, True, False, True, False, True, False, False, True]"
23,0.9999995088365898,"[True, True, True, True, True, True, True, True, True, True, True, True, True, True, True, True, True, True, True, True, True, True, True, True, False, False, True, False, True, True, False, True, False, False, False, False, True, False, True, True]"
23,0.9999995088183999,"[True, True, True, True, True, True, True, True, True, True, True, True, True, True, True, True, True, True, True, True, True, True, True, True, False, False, True, False, True, True, False, True, False, False, False, False, True, False, False, True]"
23,0.9998469364100528,"[True, True, True, True, True, True, True, True, True, True, True, True, True, True, True, False, True, True, True, True, True, True, True, True, False, False, True, False, True, True, True, True, False, False, True, False, True, False, False, False]"
23,0.9999995139024731,"[True, True, True, True, True, True, True, True, True, True, True, True, True, True, True, True, True, True, True, True, True, True, True, True, False, False, True, False, True, True, True, True, False, False, True, True, True, False, False, False]"
23,0.0009765615505820936,"[False, True, True, True, True, True, True, True, True, True, True, True, True, True, True, True, True, True, True, True, True, True, True, True, False, False, True, False, True, True, True, True, False, False, True, True, True, False, False, False]"
23,0.9999995134750107,"[True, True, True, True, True, True, True, True, True, True, True, True, True, True, True, True, True, True, True, True, True, True, True, True, False, False, True, False, True, True, True, True, False, False, False, False, True, False, False, True]"
23,0.9999995136205299,"[True, True, True, True, True, True, True, True, True, True, True, True, True, True, True, True, True, True, True, True, True, True, True, True, False, False, True, False, True, True, True, True, False, False, False, True, True, False, False, True]"
23,0.9999995136932894,"[True, True, True, True, True, True, True, True, True, True, True, True, True, True, True, True, True, True, True, True, True, True, True, True, False, False, True, False, True, True, True, True, False, False, True, False, False, False, False, True]"
23,0.9999995137660489,"[True, True, True, True, True, True, True, True, True, True, True, True, True, True, True, True, True, True, True, True, True, True, True, True, False, False, True, False, True, True, True, True, False, False, True, False, True, False, False, True]"
23,0.9999998082967233,"[True, True, True, True, True, True, True, True, True, True, True, True, True, True, True, True, True, True, True, True, True, True, True, True, True, False, True, False, True, True, False, True, True, False, True, False, True, False, False, True]"
step,fitness,genome
24,0.9999998082967233,"[True, True, True, True, True, True, True, True, True, True, True, True, True, True, True, True, True, True, True, True, True, True, True, True, True, False, True, False, True, True, False, True, True, False, True, False, True, False, False, True]"
24,0.9999998082967233,"[True, True, True, True, True, True, True, True, True, True, True, True, True, True, True, True, True, True, True, True, True, True, True, True, True, False, True, False, True, True, False, True, True, False, True, False, True, False, False, True]"
24,0.9999995137660489,"[True, True, True, True, True, True, True, True, True, True, True, True, True, True, True, True, True, True, True, True, True, True, True, True, False, False, True, False, True, True, True, True, False, False, True, False, True, False, False, True]"
24,0.9999995137660489,"[True, True, True, True, True, True, True, True, True, True, True, True, True, True, True, True, True, True, True, True, True, True, True, True, False, False, True, False, True, True, True, True, False, False, True, False, True, False, False, True]"
24,0.9999995137660489,"[True, True, True, True, True, True, True, True, True, True, True, True, True, True, True, True, True, True, True, True, True, True, True, True, False, False, True, False, True, True, True, True, False, False, True, False, True, False, False, True]"
24,0.9999995137660489,"[True, True, True, True, True, True, True, True, True, True, True, True, True, True, True, True, True, True, True, True, True, True, True, True, False, False, True, False, True, True, True, True, False, False, True, False, True, False, False, True]"
24,0.9806390380272824,"[True, True, True, True, True, True, True, True, False, True, True, True, True, True, True, True, True, True, True, True, True, True, True, True, False, False, True, False, True, True, False, True, False, False, True, False, True, False, False, True]"
24,0.9806018510121756,"[True, True, True, True, True, True, True, True, False, True, True, True, True, True, True, True, True, False, True, True, True, True, True, True, True, False, True, False, True, True, False, True, True, False, True, False, True, False, False, True]"
24,0.9902767337169549,"[True, True, True, True, True, True, True, True, True, False, True, True, True, True, True, True, True, True, True, True, True, True, True, True, False, False, True, True, True, True, True, True, False, False, True, False, True, False, False, False]"
24,0.999999508809305,"[True, True, True, True, True, True, True, True, True, True, True, True, True, True, True, True, True, True, True, True, True, True, True, True, False, False, True, False, True, True, False, True, False, False, False, False, True, False, False, False]"
24,0.9999995143481253,"[True, True, True, True, True, True, True, True, True, True, True, True, True, True, True, True, True, True, True, True, True, True, True, True, False, False, True, False, True, True, True, True, False, True, True, False, True, False, False, True]"
24,0.9999971297293779,"[True, True, True, True, True, True, True, True, True, True, True, True, True, True, True, True, True, True, True, True, True, False, True, True, False, False, True, False, True, True, True, True, False, False, True, True, True, False, False, True]"
24,0.9245647140290055,"[True, True, True, True, True, True, False, True, True, True, True, True, True, True, True, True, True, True, True, True, True, True, True, True, False, False, True, True, True, True, False, True, False, False, True, True, True, False, True, True]"
24,0.9999995137660489,"[True, True, True, True, True, True, True, True, True, True, True, True, True, True, True, True, True, True, True, True, True, True, True, True, False, False, True, False, True, True, True, True, False, False, True, False, True, False, False, True]"
24,0.9999998119256065,"[True, True, True, True, True, True, True, True, True, True, True, True, True, True, True, True, True, True, True, True, True, True, True, True, True, False, True, False, True, True, True, True, False, False, True, True, True, False, False, False]"
24,0.9999995137660489,"[True, True, True, True, True, True, True, True, True, True, True, True, True, True, True, True, True, True, True, True, True, True, True, True, False, False, True, False, True, True, True, True, False, False, True, False, True, False, False, True]"
24,0.999999439260278,"[True, True, True, True, True, True, True, True, True, True, True, True, True, True, True, True, True, True, True, True, True, True, True, True, False, False, False, False, True, True, True, True, False, False, True, False, True, False, False, True]"
24,0.263075429929709,"[True, True, False, True, True, True, True, True, True, True, True, True, True, True, True, True, True, True, True, True, True, True, True, True, False, False, True, False, True, True, True, True, False, False, False, True, True, False, False, True]"
24,0.9999998071325703,"[True, True, True, True, True, True, True, True, True, True, True, True, True, True, True, True, True, True, True, True, True, True, True, True, True, False, True, False, True, True, False, True, False, False, True, False, True, False, False, True]"
24,0.9999995149302017,"[True, True, True, True, True, True, True, True, True, True, True, True, True, True, True, True, True, True, True, True, True, True, True, True, False, False, True, False, True, True, True, True, True, False, True, False, True, False, False, True]"
24,0.854025617734828,"[True, True, True, True, True, False, True, True, True, True, True, True, True, True, False, True, True, True, True, True, True, True, True, True, False, False, True, False, True, True, True, True, False, False, True, False, True, False, False, True]"
24,0.9999998083149132,"[True, True, True, True, True, True, True, True, True, True, True, True, True, True, True, True, True, True, True, True, True, True, True, True, True, False, True, False, True, True, False, True, True, False, True, False, True, False, True, True]"
24,0.9999899771407443,"[True, True, True, True, True, True, True, True, True, True, True, True, True, True, True, True, True, True, True, False, True, True, True, True, False, False, True, False, True, True, True, True, False, False, True, True, False, False, False, True]"
24,0.999999513756954,"[True, True, True, True, True, True, True, True, True, True, True, True, True, True, True, True, True, True, True, True, True, True, True, True, False, False, True, False, True, True, True, True, False, False, True, False, True, False, False, False]"
24,0.9999983029751319,"[True, True, True, True, True, True, True, True, True, True, True, True, True, True, True, True, True, True, True, True, True, True, False, True, False, False, True, False, False, True, True, True, False, False, True, False, False, False, False, True]"
24,0.9999995137660489,"[True, True, True, True, True, True, True, True, True, True, True, True, True, True, True, True, True, True, True, True, True, True, True, True, False, False, True, False, True, True, True, True, False, False, True, False, True, False, False, True]"
24,0.9999998070598107,"[True, True, True, True, True, True, True, True, True, True, True, True, True, True, True, True, True, True, True, True, True, True, True, True, True, False, True, False, True, True, False, True, False, False, True, False, False, False, False, True]"
24,0.9999995149302017,"[True, True, True, True, True, True, True, True, True, True, True, True, True, True, True, True, True, True, True, True, True, True, True, True, False, False, True, False, True, True, True, True, True, False, True, False, True, False, False, True]"
24,0.9999232550856407,"[True, True, True, True, True, True, True, True, True, True, True, True, True, True, True, True, False, True, True, True, True, True, True, True, False, False, True, True, True, True, False, True, False, False, True, False, True, False, True, True]"
24,0.9999998119256065,"[True, True, True, True, True, True, True, True, True, True, True, True, True, True, True, True, True, True, True, True, True, True, True, True, True, False, True, False, True, True, True, True, False, False, True, True, True, False, False, False]"
24,0.9999995137842388,"[True, True, True, True, True, True, True, True, True, True, True, True, True, True, True, True, True, True, True, True, True, True, True, True, False, False, True, False, True, True, True, True, False, False, True, False, True, False, True, True]"
24,0.9615429171533446,"[True, True, True, True, True, True, True, False, True, True, True, True, True, True, True, True, False, True, True, True, True, True, True, True, False, False, True, False, True, True, False, True, False, False, True, True, True, False, False, False]"
24,0.9999998083149132,"[True, True, True, True, True, True, True, True, True, True, True, True, True, True, True, True, True, True, True, True, True, True, True, True, True, False, True, False, True, True, False, True, True, False, True, False, True, False, True, True]"
24,0.9999998083149132,"[True, True, True, True, True, True, True, True, True, True, True, True, True, True, True, True, True, True, True, True, True, True, True, True, True, False, True, False, True, True, False, True, True, False, True, False, True, False, True, True]"
24,0.9999995463805151,"[True, True, True, True, True, True, True, True, True, True, True, True, True, True, True, True, True, True, True, True, True, True, True, True, False, False, True, True, True, True, False, True, False, False, True, False, True, False, True, True]"
24,0.9999998082967233,"[True, True, True, True, True, True, True, True, True, True, True, True, True, True, True, True, True, True, True, True, True, True, True, True, True, False, True, False, True, True, False, True, True, False, True, False, True, False, False, True]"
24,0.9999995137660489,"[True, True, True, True, True, True, True, True, True, True, True, True, True, True, True, True, True, True, True, True, True, True, True, True, False, False, True, False, True, True, True, True, False, False, True, False, True, False, False, True]"
24,0.9999995508734172,"[True, True, True, True, True, True, True, True, True, True, True, True, True, True, True, True, True, True, True, True, True, True, True, True, False, False, True, True, True, True, True, True, False, False, False, True, True, False, False, True]"
24,0.9999995136205299,"[True, True, True, True, True, True, True, True, True, True, True, True, True, True, True, True, True, True, True, True, True, True, True, True, False, False, True, False, True, True, True, True, False, False, False, True, True, False, False, True]"
24,0.9999998082967233,"[True, True, True, True, True, True, True, True, True, True, True, True, True, True, True, True, True, True, True, True, True, True, True, True, True, False, True, False, True, True, False, True, True, False, True, False, True, False, False, True]"
24,0.9999998082239637,"[True, True, True, True, True, True, True, True, True, True, True, True, True, True, True, True, True, True, True, True, True, True, True, True, True, False, True, False, True, True, False, True, True, False, True, False, False, False, False, True]"
24,0.9999974241139016,"[True, True, True, True, True, True, True, True, True, True, True, True, True, True, True, True, True, True, True, True, True, False, True, True, True, False, True, False, True, True, False, True, True, False, True, False, True, False, False, True]"
24,0.9999995091094381,"[True, True, True, True, True, True, True, True, True, True, True, True, True, True, True, True, True, True, True, True, True, True, True, True, False, False, True, False, True, True, False, True, False, False, True, False, True, False, False, True]"
24,0.9999995092458622,"[True, True, True, True, True, True, True, True, True, True, True, True, True, True, True, True, True, True, True, True, True, True, True, True, False, False, True, False, True, True, False, True, False, False, True, True, True, False, False, False]"
24,0.9999995136205299,"[True, True, True, True, True, True, True, True, True, True, True, True, True, True, True, True, True, True, True, True, True, True, True, True, False, False, True, False, True, True, True, True, False, False, False, True, True, False, False, True]"
24,0.99756078904692,"[True, True, True, True, True, True, True, True, True, True, True, False, True, True, True, True, True, True, True, True, True, True, True, True, False, False, True, False, True, True, True, True, False, False, True, False, True, False, False, True]"
24,0.9999995137660489,"[True, True, True, True, True, True, True, True, True, True, True, True, True, True, True, True, True, True, True, True, True, True, True, True, False, False, True, False, True, True, True, True, False, False, True, False, True, False, False, True]"
24,0.9999995137660489,"[True, True, True, True, True, True, True, True, True, True, True, True, True, True, True, True, True, True, True, True, True, True, True, True, False, False, True, False, True, True, True, True, False, False, True, False, True, False, False, True]"
24,0.9999995137660489,"[True, True, True, True, True, True, True, True, True, True, True, True, True, True, True, True, True, True, True, True, True, True, True, True, False, False, True, False, True, True, True, True, False, False, True, False, True, False, False, True]"
24,0.9998469364100528,"[True, True, True, True, True, True, True, True, True, True, True, True, True, True, True, False, True, True, True, True, True, True, True, True, False, False, True, False, True, True, True, True, False, False, True, False, True, False, False, False]"
step,fitness,genome
25,0.9999995137660489,"[True, True, True, True, True, True, True, True, True, True, True, True, True, True, True, True, True, True, True, True, True, True, True, True, False, False, True, False, True, True, True, True, False, False, True, False, True, False, False, True]"
25,0.9987797757344224,"[True, True, True, True, True, True, True, True, True, True, True, True, False, True, True, True, True, True, True, True, True, True, True, True, True, False, True, False, True, True, False, True, True, False, True, False, True, False, True, True]"
25,0.9999995143481253,"[True, True, True, True, True, True, True, True, True, True, True, True, True, True, True, True, True, True, True, True, True, True, True, True, False, False, True, False, True, True, True, True, False, True, True, False, True, False, False, True]"
25,0.9999995137660489,"[True, True, True, True, True, True, True, True, True, True, True, True, True, True, True, True, True, True, True, True, True, True, True, True, False, False, True, False, True, True, True, True, False, False, True, False, True, False, False, True]"
25,0.99756078904692,"[True, True, True, True, True, True, True, True, True, True, True, False, True, True, True, True, True, True, True, True, True, True, True, True, False, False, True, False, True, True, True, True, False, False, True, False, True, False, False, True]"
25,0.9999998119256065,"[True, True, True, True, True, True, True, True, True, True, True, True, True, True, True, True, True, True, True, True, True, True, True, True, True, False, True, False, True, True, True, True, False, False, True, True, True, False, False, False]"
25,0.0009765621250022543,"[False, True, True, True, True, True, True, True, True, True, True, True, True, True, True, True, True, True, True, True, True, True, True, True, True, False, True, False, True, True, False, True, True, False, False, False, True, False, False, True]"
25,0.9806393355619066,"[True, True, True, True, True, True, True, True, False, True, True, True, True, True, True, True, True, True, True, True, True, True, True, True, True, False, True, False, True, True, True, True, False, False, True, True, True, False, False, False]"
25,0.999999509618755,"[True, True, True, True, True, True, True, True, True, True, True, True, True, True, True, True, True, True, True, True, True, True, True, True, False, False, True, False, True, True, False, True, False, True, True, False, False, False, False, True]"
25,0.9975610864158566,"[True, True, True, True, True, True, True, True, True, True, True, False, True, True, True, True, True, True, True, True, True, True, True, True, True, False, True, False, True, True, True, True, False, False, True, False, True, False, False, True]"
25,0.9999998082239637,"[True, True, True, True, True, True, True, True, True, True, True, True, True, True, True, True, True, True, True, True, True, True, True, True, True, False, True, False, True, True, False, True, True, False, True, False, False, False, False, True]"
25,0.9999998082967233,"[True, True, True, True, True, True, True, True, True, True, True, True, True, True, True, True, True, True, True, True, True, True, True, True, True, False, True, False, True, True, False, True, True, False, True, False, True, False, False, True]"
25,0.999997427742777,"[True, True, True, True, True, True, True, True, True, True, True, True, True, True, True, True, True, True, True, True, True, False, True, True, True, False, True, False, True, True, True, True, False, False, True, True, True, False, False, False]"
25,0.9999998119256065,"[True, True, True, True, True, True, True, True, True, True, True, True, True, True, True, True, True, True, True, True, True, True, True, True, True, False, True, False, True, True, True, True, False, False, True, True, True, False, False, False]"
25,0.9999998082967233,"[True, True, True, True, True, True, True, True, True, True, True, True, True, True, True, True, True, True, True, True, True, True, True, True, True, False, True, False, True, True, False, True, True, False, True, False, True, False, False, True]"
25,0.9996943800244362,"[True, True, True, True, True, True, True, True, True, True, True, True, True, True, False, True, True, True, True, True, True, True, True, True, False, False, True, False, True, True, True, True, False, False, True, False, True, False, False, True]"
25,0.9999995137660489,"[True, True, True, True, True, True, True, True, True, True, True, True, True, True, True, True, True, True, True, True, True, True, True, True, False, False, True, False, True, True, True, True, False, False, True, False, True, False, False, True]"
25,0.9999998083149132,"[True, True, True, True, True, True, True, True, True, True, True, True, True, True, True, True, True, True, True, True, True, True, True, True, True, False, True, False, True, True, False, True, True, False, True, False, True, False, True, True]"
25,0.9999995136205299,"[True, True, True, True, True, True, True, True, True, True, True, True, True, True, True, True, True, True, True, True, True, True, True, True, False, False, True, False, True, True, True, True, False, False, False, True, True, False, False, True]"
25,0.9616168554244727,"[True, True, True, True, True, True, True, False, True, True, True, True, True, True, True, True, True, True, True, True, True, True, True, True, True, False, True, False, True, True, False, True, False, False, True, False, True, False, False, True]"
25,0.8542904277773694,"[True, True, True, True, True, False, True, True, True, True, True, True, True, True, True, True, True, True, True, True, True, True, True, True, False, False, True, False, True, True, True, True, False, False, True, False, True, False, False, False]"
25,0.9999998119347014,"[True, True, True, True, True, True, True, True, True, True, True, True, True, True, True, True, True, True, True, True, True, True, True, True, True, False, True, False, True, True, True, True, False, False, True, True, True, False, False, True]"
25,0.9999974241139016,"[True, True, True, True, True, True, True, True, True, True, True, True, True, True, True, True, True, True, True, True, True, False, True, True, True, False, True, False, True, True, False, True, True, False, True, False, True, False, False, True]"
25,0.9999998082967233,"[True, True, True, True, True, True, True, True, True, True, True, True, True, True, True, True, True, True, True, True, True, True, True, True, True, False, True, False, True, True, False, True, True, False, True, False, True, False, False, True]"
25,0.9999998083149132,"[True, True, True, True, True, True, True, True, True, True, True, True, True, True, True, True, True, True, True, True, True, True, True, True, True, False, True, False, True, True, False, True, True, False, True, False, True, False, True, True]"
25,0.9999995137660489,"[True, True, True, True, True, True, True, True, True, True, True, True, True, True, True, True, True, True, True, True, True, True, True, True, False, False, True, False, True, True, True, True, False, False, True, False, True, False, False, True]"
25,0.9999998082239637,"[True, True, True, True, True, True, True, True, True, True, True, True, True, True, True, True, True, True, True, True, True, True, True, True, True, False, True, False, True, True, False, True, True, False, True, False, False, False, False, True]"
25,0.9999997989834992,"[True, True, True, True, True, True, True, True, True, True, True, True, True, True, True, True, True, True, True, True, True, True, True, True, True, False, True, False, True, False, False, True, True, False, True, False, True, False, False, True]"
25,0.9999995137660489,"[True, True, True, True, True, True, True, True, True, True, True, True, True, True, True, True, True, True, True, True, True, True, True, True, False, False, True, False, True, True, True, True, False, False, True, False, True, False, False, True]"
25,0.5244603678048986,"[True, True, True, False, True, True, True, True, True, True, True, True, True, True, True, True, True, True, True, True, True, True, True, True, True, False, True, False, True, True, False, True, True, False, True, False, True, False, False, True]"
25,0.9999974241320915,"[True, True, True, True, True, True, True, True, True, True, True, True, True, True, True, True, True, True, True, True, True, False, True, True, True, False, True, False, True, True, False, True, True, False, True, False, True, False, True, True]"
25,0.5244603678048986,"[True, True, True, False, True, True, True, True, True, True, True, True, True, True, True, True, True, True, True, True, True, True, True, True, True, False, True, False, True, True, False, True, True, False, True, False, True, False, False, True]"
25,0.9999995149302017,"[True, True, True, True, True, True, True, True, True, True, True, True, True, True, True, True, True, True, True, True, True, True, True, True, False, False, True, False, True, True, True, True, True, False, True, False, True, False, False, True]"
25,0.9999998071325703,"[True, True, True, True, True, True, True, True, True, True, True, True, True, True, True, True, True, True, True, True, True, True, True, True, True, False, True, False, True, True, False, True, False, False, True, False, True, False, False, True]"
25,0.9999998071325703,"[True, True, True, True, True, True, True, True, True, True, True, True, True, True, True, True, True, True, True, True, True, True, True, True, True, False, True, False, True, True, False, True, False, False, True, False, True, False, False, True]"
25,0.9999995137660489,"[True, True, True, True, True, True, True, True, True, True, True, True, True, True, True, True, True, True, True, True, True, True, True, True, False, False, True, False, True, True, True, True, False, False, True, False, True, False, False, True]"
25,0.9999998082967233,"[True, True, True, True, True, True, True, True, True, True, True, True, True, True, True, True, True, True, True, True, True, True, True, True, True, False, True, False, True, True, False, True, True, False, True, False, True, False, False, True]"
25,0.9999995137660489,"[True, True, True, True, True, True, True, True, True, True, True, True, True, True, True, True, True, True, True, True, True, True, True, True, False, False, True, False, True, True, True, True, False, False, True, False, True, False, False, True]"
25,0.9999998082967233,"[True, True, True, True, True, True, True, True, True, True, True, True, True, True, True, True, True, True, True, True, True, True, True, True, True, False, True, False, True, True, False, True, True, False, True, False, True, False, False, True]"
25,0.9999998082967233,"[True, True, True, True, True, True, True, True, True, True, True, True, True, True, True, True, True, True, True, True, True, True, True, True, True, False, True, False, True, True, False, True, True, False, True, False, True, False, False, True]"
25,0.9616168565483322,"[True, True, True, True, True, True, True, False, True, True, True, True, True, True, True, True, True, True, True, True, True, True, True, True, True, False, True, False, True, True, False, True, True, False, True, False, True, False, False, True]"
25,0.9999998071325703,"[True, True, True, True, True, True, True, True, True, True, True, True, True, True, True, True, True, True, True, True, True, True, True, True, True, False, True, False, True, True, False, True, False, False, True, False, True, False, False, True]"
25,0.9999995091094381,"[True, True, True, True, True, True, True, True, True, True, True, True, True, True, True, True, True, True, True, True, True, True, True, True, False, False, True, False, True, True, False, True, False, False, True, False, True, False, False, True]"
25,0.9999998117164228,"[True, True, True, True, True, True, True, True, True, True, True, True, True, True, True, True, True, True, True, True, True, True, True, True, True, False, True, False, True, True, True, True, False, False, True, False, False, False, False, True]"
25,0.9999998083149132,"[True, True, True, True, True, True, True, True, True, True, True, True, True, True, True, True, True, True, True, True, True, True, True, True, True, False, True, False, True, True, False, True, True, False, True, False, True, False, True, True]"
25,0.9999983029751319,"[True, True, True, True, True, True, True, True, True, True, True, True, True, True, True, True, True, True, True, True, True, True, False, True, False, False, True, False, False, True, True, True, False, False, True, False, False, False, False, True]"
25,0.9999998082967233,"[True, True, True, True, True, True, True, True, True, True, True, True, True, True, True, True, True, True, True, True, True, True, True, True, True, False, True, False, True, True, False, True, True, False, True, False, True, False, False, True]"
25,0.9999998082967233,"[True, True, True, True, True, True, True, True, True, True, True, True, True, True, True, True, True, True, True, True, True, True, True, True, True, False, True, False, True, True, False, True, True, False, True, False, True, False, False, True]"
25,0.9999995463805151,"[True, True, True, True, True, True, True, True, True, True, True, True, True, True, True, True, True, True, True, True, True, True, True, True, False, False, True, True, True, True, False, True, False, False, True, False, True, False, True, True]"
25,0.9999995143481253,"[True, True, True, True, True, True, True, True, True, True, True, True, True, True, True, True, True, True, True, True, True, True, True, True, False, False, True, False, True, True, True, True, False, True, True, False, True, False, False, True]"
step,fitness,genome
26,0.9999998082239637,"[True, True, True, True, True, True, True, True, True, True, True, True, True, True, True, True, True, True, True, True, True, True, True, True, True, False, True, False, True, True, False, True, True, False, True, False, False, False, False, True]"
26,0.9996943800244362,"[True, True, True, True, True, True, True, True, True, True, True, True, True, True, False, True, True, True, True, True, True, True, True, True, False, False, True, False, True, True, True, True, False, False, True, False, True, False, False, True]"
26,0.9999995137660489,"[True, True, True, True, True, True, True, True, True, True, True, True, True, True, True, True, True, True, True, True, True, True, True, True, False, False, True, False, True, True, True, True, False, False, True, False, True, False, False, True]"
26,0.9902769887693702,"[True, True, True, True, True, True, True, True, True, False, True, True, True, True, True, True, True, True, True, True, True, True, True, True, True, False, True, False, True, True, False, True, True, False, True, False, True, False, True, True]"
26,0.9245649579757093,"[True, True, True, True, True, True, False, True, True, True, True, True, True, True, True, True, True, True, True, True, True, True, True, True, True, False, True, False, True, True, False, True, True, False, True, False, True, False, True, True]"
26,0.9999992122505382,"[True, True, True, True, True, True, True, True, True, True, True, True, True, True, True, True, True, True, True, True, True, True, True, False, True, False, True, False, True, True, False, True, True, False, True, False, True, False, False, True]"
26,0.9999998083149132,"[True, True, True, True, True, True, True, True, True, True, True, True, True, True, True, True, True, True, True, True, True, True, True, True, True, False, True, False, True, True, False, True, True, False, True, False, True, False, True, True]"
26,0.9999998128805758,"[True, True, True, True, True, True, True, True, True, True, True, True, True, True, True, True, True, True, True, True, True, True, True, True, True, False, True, False, True, True, True, True, True, False, True, False, False, False, False, True]"
26,0.9999998082967233,"[True, True, True, True, True, True, True, True, True, True, True, True, True, True, True, True, True, True, True, True, True, True, True, True, True, False, True, False, True, True, False, True, True, False, True, False, True, False, False, True]"
26,0.9999998082967233,"[True, True, True, True, True, True, True, True, True, True, True, True, True, True, True, True, True, True, True, True, True, True, True, True, True, False, True, False, True, True, False, True, True, False, True, False, True, False, False, True]"
26,0.9806390431745994,"[True, True, True, True, True, True, True, True, False, True, True, True, True, True, True, True, True, True, True, True, True, True, True, True, False, False, True, False, True, True, True, True, False, True, True, False, True, False, False, True]"
26,0.9999998082967233,"[True, True, True, True, True, True, True, True, True, True, True, True, True, True, True, True, True, True, True, True, True, True, True, True, True, False, True, False, True, True, False, True, True, False, True, False, True, False, False, True]"
26,0.9975610829310639,"[True, True, True, True, True, True, True, True, True, True, True, False, True, True, True, True, True, True, True, True, True, True, True, True, True, False, True, False, True, True, False, True, True, False, True, False, True, False, False, True]"
26,0.9999995136205299,"[True, True, True, True, True, True, True, True, True, True, True, True, True, True, True, True, True, True, True, True, True, True, True, True, False, False, True, False, True, True, True, True, False, False, False, True, True, False, False, True]"
26,0.9999998119347014,"[True, True, True, True, True, True, True, True, True, True, True, True, True, True, True, True, True, True, True, True, True, True, True, True, True, False, True, False, True, True, True, True, False, False, True, True, True, False, False, True]"
26,0.05631350031668774,"[True, False, True, True, True, True, True, True, True, True, True, True, True, True, True, True, True, True, True, True, True, True, True, True, True, False, True, False, True, True, False, True, True, False, True, False, True, False, True, True]"
26,0.999999513756954,"[True, True, True, True, True, True, True, True, True, True, True, True, True, True, True, True, True, True, True, True, True, True, True, True, False, False, True, False, True, True, True, True, False, False, True, False, True, False, False, False]"
26,0.9999998119347014,"[True, True, True, True, True, True, True, True, True, True, True, True, True, True, True, True, True, True, True, True, True, True, True, True, True, False, True, False, True, True, True, True, False, False, True, True, True, False, False, True]"
26,0.9999998082967233,"[True, True, True, True, True, True, True, True, True, True, True, True, True, True, True, True, True, True, True, True, True, True, True, True, True, False, True, False, True, True, False, True, True, False, True, False, True, False, False, True]"
26,0.9999998119256065,"[True, True, True, True, True, True, True, True, True, True, True, True, True, True, True, True, True, True, True, True, True, True, True, True, True, False, True, False, True, True, True, True, False, False, True, True, True, False, False, False]"
26,0.9999995137660489,"[True, True, True, True, True, True, True, True, True, True, True, True, True, True, True, True, True, True, True, True, True, True, True, True, False, False, True, False, True, True, True, True, False, False, True, False, True, False, False, True]"
26,0.9999997896702751,"[True, True, True, True, True, True, True, True, True, True, True, True, True, True, True, True, True, True, True, True, True, True, True, True, True, False, True, False, False, True, False, True, True, False, True, False, True, False, False, True]"
26,0.9999998082967233,"[True, True, True, True, True, True, True, True, True, True, True, True, True, True, True, True, True, True, True, True, True, True, True, True, True, False, True, False, True, True, False, True, True, False, True, False, True, False, False, True]"
26,0.9998376961003631,"[True, True, True, True, True, True, True, True, True, True, True, True, True, True, True, False, True, True, True, False, True, True, True, True, True, False, True, False, True, True, False, True, True, True, True, False, True, False, False, True]"
26,0.9999995149302017,"[True, True, True, True, True, True, True, True, True, True, True, True, True, True, True, True, True, True, True, True, True, True, True, True, False, False, True, False, True, True, True, True, True, False, True, False, True, False, False, True]"
26,0.9999998071325703,"[True, True, True, True, True, True, True, True, True, True, True, True, True, True, True, True, True, True, True, True, True, True, True, True, True, False, True, False, True, True, False, True, False, False, True, False, True, False, False, True]"
26,0.9999995137660489,"[True, True, True, True, True, True, True, True, True, True, True, True, True, True, True, True, True, True, True, True, True, True, True, True, False, False, True, False, True, True, True, True, False, False, True, False, True, False, False, True]"
26,0.9999998083331031,"[True, True, True, True, True, True, True, True, True, True, True, True, True, True, True, True, True, True, True, True, True, True, True, True, True, False, True, False, True, True, False, True, True, False, True, False, True, True, False, True]"
26,0.9806393355619066,"[True, True, True, True, True, True, True, True, False, True, True, True, True, True, True, True, True, True, True, True, True, True, True, True, True, False, True, False, True, True, True, True, False, False, True, True, True, False, False, False]"
26,0.9999998129715253,"[True, True, True, True, True, True, True, True, True, True, True, True, True, True, True, True, True, True, True, True, True, True, True, True, True, False, True, False, True, True, True, True, True, False, True, False, True, False, True, True]"
26,0.9999998082967233,"[True, True, True, True, True, True, True, True, True, True, True, True, True, True, True, True, True, True, True, True, True, True, True, True, True, False, True, False, True, True, False, True, True, False, True, False, True, False, False, True]"
26,0.9616168960238963,"[True, True, True, True, True, True, True, False, True, True, True, True, True, True, True, True, True, True, True, True, True, True, True, True, True, False, True, True, True, True, True, True, False, False, True, True, True, False, False, True]"
26,0.9999995463805151,"[True, True, True, True, True, True, True, True, True, True, True, True, True, True, True, True, True, True, True, True, True, True, True, True, False, False, True, True, True, True, False, True, False, False, True, False, True, False, True, True]"
26,0.9999998083149132,"[True, True, True, True, True, True, True, True, True, True, True, True, True, True, True, True, True, True, True, True, True, True, True, True, True, False, True, False, True, True, False, True, True, False, True, False, True, False, True, True]"
26,0.9999998116345683,"[True, True, True, True, True, True, True, True, True, True, True, True, True, True, True, True, True, True, True, True, True, True, True, True, True, False, True, False, True, True, True, True, False, False, False, True, True, False, False, False]"
26,0.999999513911568,"[True, True, True, True, True, True, True, True, True, True, True, True, True, True, True, True, True, True, True, True, True, True, True, True, False, False, True, False, True, True, True, True, False, False, True, True, True, False, False, True]"
26,0.9999998083149132,"[True, True, True, True, True, True, True, True, True, True, True, True, True, True, True, True, True, True, True, True, True, True, True, True, True, False, True, False, True, True, False, True, True, False, True, False, True, False, True, True]"
26,0.9999997895975156,"[True, True, True, True, True, True, True, True, True, True, True, True, True, True, True, True, True, True, True, True, True, True, True, True, True, False, True, False, False, True, False, True, True, False, True, False, False, False, False, True]"
26,0.9999995137660489,"[True, True, True, True, True, True, True, True, True, True, True, True, True, True, True, True, True, True, True, True, True, True, True, True, False, False, True, False, True, True, True, True, False, False, True, False, True, False, False, True]"
26,0.9999997337909327,"[True, True, True, True, True, True, True, True, True, True, True, True, True, True, True, True, True, True, True, True, True, True, True, True, True, False, False, False, True, True, False, True, True, False, True, False, True, False, False, True]"
26,0.9999998083149132,"[True, True, True, True, True, True, True, True, True, True, True, True, True, True, True, True, True, True, True, True, True, True, True, True, True, False, True, False, True, True, False, True, True, False, True, False, True, False, True, True]"
26,0.9999995137660489,"[True, True, True, True, True, True, True, True, True, True, True, True, True, True, True, True, True, True, True, True, True, True, True, True, False, False, True, False, True, True, True, True, False, False, True, False, True, False, False, True]"
26,0.9999998117891824,"[True, True, True, True, True, True, True, True, True, True, True, True, True, True, True, True, True, True, True, True, True, True, True, True, True, False, True, False, True, True, True, True, False, False, True, False, True, False, False, True]"
26,0.9999998070598107,"[True, True, True, True, True, True, True, True, True, True, True, True, True, True, True, True, True, True, True, True, True, True, True, True, True, False, True, False, True, True, False, True, False, False, True, False, False, False, False, True]"
26,0.9996943800244362,"[True, True, True, True, True, True, True, True, True, True, True, True, True, True, False, True, True, True, True, True, True, True, True, True, False, False, True, False, True, True, True, True, False, False, True, False, True, False, False, True]"
26,0.9999998083149132,"[True, True, True, True, True, True, True, True, True, True, True, True, True, True, True, True, True, True, True, True, True, True, True, True, True, False, True, False, True, True, False, True, True, False, True, False, True, False, True, True]"
26,0.9999998071325703,"[True, True, True, True, True, True, True, True, True, True, True, True, True, True, True, True, True, True, True, True, True, True, True, True, True, False, True, False, True, True, False, True, False, False, True, False, True, False, False, True]"
26,0.9999998082967233,"[True, True, True, True, True, True, True, True, True, True, True, True, True, True, True, True, True, True, True, True, True, True, True, True, True, False, True, False, True, True, False, True, True, False, True, False, True, False, False, True]"
26,0.9999998119347014,"[True, True, True, True, True, True, True, True, True, True, True, True, True, True, True, True, True, True, True, True, True, True, True, True, True, False, True, False, True, True, True, True, False, False, True, True, True, False, False, True]"
26,0.9999998119256065,"[True, True, True, True, True, True, True, True, True, True, True, True, True, True, True, True, True, True, True, True, True, True, True, True, True, False, True, False, True, True, True, True, False, False, True, True, True, False, False, False]"
step,fitness,genome
27,0.9999998128805758,"[True, True, True, True, True, True, True, True, True, True, True, True, True, True, True, True, True, True, True, True, True, True, True, True, True, False, True, False, True, True, True, True, True, False, True, False, False, False, False, True]"
27,0.9999998082967233,"[True, True, True, True, True, True, True, True, True, True, True, True, True, True, True, True, True, True, True, True, True, True, True, True, True, False, True, False, True, True, False, True, True, False, True, False, True, False, False, True]"
27,0.9999235170020537,"[True, True, True, True, True, True, True, True, True, True, True, True, True, True, True, True, False, True, True, True, True, True, True, True, True, False, True, False, True, True, False, True, True, False, True, False, True, False, True, True]"
27,0.9999998082967233,"[True, True, True, True, True, True, True, True, True, True, True, True, True, True, True, True, True, True, True, True, True, True, True, True, True, False, True, False, True, True, False, True, True, False, True, False, True, False, False, True]"
27,0.9999998083149132,"[True, True, True, True, True, True, True, True, True, True, True, True, True, True, True, True, True, True, True, True, True, True, True, True, True, False, True, False, True, True, False, True, True, False, True, False, True, False, True, True]"
27,0.9999998129715253,"[True, True, True, True, True, True, True, True, True, True, True, True, True, True, True, True, True, True, True, True, True, True, True, True, True, False, True, False, True, True, True, True, True, False, True, False, True, False, True, True]"
27,0.9999998119347014,"[True, True, True, True, True, True, True, True, True, True, True, True, True, True, True, True, True, True, True, True, True, True, True, True, True, False, True, False, True, True, True, True, False, False, True, True, True, False, False, True]"
27,0.9999616656233313,"[True, True, True, True, True, True, True, True, True, True, True, True, True, True, True, True, True, False, True, True, True, True, True, True, True, False, True, False, True, True, True, True, False, False, True, True, True, False, False, True]"
27,0.9999998082967233,"[True, True, True, True, True, True, True, True, True, True, True, True, True, True, True, True, True, True, True, True, True, True, True, True, True, False, True, False, True, True, False, True, True, False, True, False, True, False, False, True]"
27,0.2630755185318705,"[True, True, False, True, True, True, True, True, True, True, True, True, True, True, True, True, True, True, True, True, True, True, True, True, True, False, True, False, True, True, False, True, True, False, True, False, True, False, True, True]"
27,0.999997427742777,"[True, True, True, True, True, True, True, True, True, True, True, True, True, True, True, True, True, True, True, True, True, False, True, True, True, False, True, False, True, True, True, True, False, False, True, True, True, False, False, False]"
27,0.9999998124349235,"[True, True, True, True, True, True, True, True, True, True, True, True, True, True, True, True, True, True, True, True, True, True, True, True, True, False, True, False, True, True, True, True, False, True, True, True, False, False, False, False]"
27,0.9999998119347014,"[True, True, True, True, True, True, True, True, True, True, True, True, True, True, True, True, True, True, True, True, True, True, True, True, True, False, True, False, True, True, True, True, False, False, True, True, True, False, False, True]"
27,0.9999998082239637,"[True, True, True, True, True, True, True, True, True, True, True, True, True, True, True, True, True, True, True, True, True, True, True, True, True, False, True, False, True, True, False, True, True, False, True, False, False, False, False, True]"
27,0.9999998071325703,"[True, True, True, True, True, True, True, True, True, True, True, True, True, True, True, True, True, True, True, True, True, True, True, True, True, False, True, False, True, True, False, True, False, False, True, False, True, False, False, True]"
27,0.00909494422855936,"[True, False, False, True, True, True, True, True, True, True, True, True, True, True, True, True, True, True, True, True, True, True, True, True, True, False, True, False, True, True, False, True, True, False, True, False, True, True, False, True]"
27,0.9999998116436633,"[True, True, True, True, True, True, True, True, True, True, True, True, True, True, True, True, True, True, True, True, True, True, True, True, True, False, True, False, True, True, True, True, False, False, False, True, True, False, False, True]"
27,0.9999235206215935,"[True, True, True, True, True, True, True, True, True, True, True, True, True, True, True, True, False, True, True, True, True, True, True, True, True, False, True, False, True, True, True, True, False, False, True, True, True, False, False, True]"
27,0.9999998119347014,"[True, True, True, True, True, True, True, True, True, True, True, True, True, True, True, True, True, True, True, True, True, True, True, True, True, False, True, False, True, True, True, True, False, False, True, True, True, False, False, True]"
27,0.9616168553542316,"[True, True, True, True, True, True, True, False, True, True, True, True, True, True, True, True, True, True, True, True, True, True, True, True, True, False, True, False, True, True, False, True, False, False, True, False, False, False, False, True]"
27,0.9999998082967233,"[True, True, True, True, True, True, True, True, True, True, True, True, True, True, True, True, True, True, True, True, True, True, True, True, True, False, True, False, True, True, False, True, True, False, True, False, True, False, False, True]"
27,0.9999998082967233,"[True, True, True, True, True, True, True, True, True, True, True, True, True, True, True, True, True, True, True, True, True, True, True, True, True, False, True, False, True, True, False, True, True, False, True, False, True, False, False, True]"
27,0.9999998082967233,"[True, True, True, True, True, True, True, True, True, True, True, True, True, True, True, True, True, True, True, True, True, True, True, True, True, False, True, False, True, True, False, True, True, False, True, False, True, False, False, True]"
27,0.9975610842378612,"[True, True, True, True, True, True, True, True, True, True, True, False, True, True, True, True, True, True, True, True, True, True, True, True, True, False, True, False, True, True, True, False, False, False, True, True, True, False, False, True]"
27,0.9999998127350567,"[True, True, True, True, True, True, True, True, True, True, True, True, True, True, True, True, True, True, True, True, True, True, True, True, True, False, True, False, True, True, True, True, True, False, False, True, False, False, False, True]"
27,0.9999997931536392,"[True, True, True, True, True, True, True, True, True, True, True, True, True, True, True, True, True, True, True, True, True, True, True, True, True, False, True, False, False, True, True, True, False, False, True, False, True, False, False, False]"
27,0.9999998128805758,"[True, True, True, True, True, True, True, True, True, True, True, True, True, True, True, True, True, True, True, True, True, True, True, True, True, False, True, False, True, True, True, True, True, False, True, False, False, False, False, True]"
27,0.9999998129715253,"[True, True, True, True, True, True, True, True, True, True, True, True, True, True, True, True, True, True, True, True, True, True, True, True, True, False, True, False, True, True, True, True, True, False, True, False, True, False, True, True]"
27,0.9999998084422425,"[True, True, True, True, True, True, True, True, True, True, True, True, True, True, True, True, True, True, True, True, True, True, True, True, True, False, True, False, True, True, False, True, True, False, True, True, True, False, False, True]"
27,0.9999998117800875,"[True, True, True, True, True, True, True, True, True, True, True, True, True, True, True, True, True, True, True, True, True, True, True, True, True, False, True, False, True, True, True, True, False, False, True, False, True, False, False, False]"
27,0.9998472342467624,"[True, True, True, True, True, True, True, True, True, True, True, True, True, True, True, False, True, True, True, True, True, True, True, True, True, False, True, False, True, True, True, True, False, False, False, True, True, False, False, False]"
27,0.9999998082967233,"[True, True, True, True, True, True, True, True, True, True, True, True, True, True, True, True, True, True, True, True, True, True, True, True, True, False, True, False, True, True, False, True, True, False, True, False, True, False, False, True]"
27,0.9902769922132227,"[True, True, True, True, True, True, True, True, True, False, True, True, True, True, True, True, True, True, True, True, True, True, True, True, True, False, True, False, True, True, True, True, False, False, True, False, True, False, False, True]"
27,0.9999995511553604,"[True, True, True, True, True, True, True, True, True, True, True, True, True, True, True, True, True, True, True, True, True, True, True, True, False, False, True, True, True, True, True, True, False, False, True, True, True, False, False, False]"
27,0.9999998128805758,"[True, True, True, True, True, True, True, True, True, True, True, True, True, True, True, True, True, True, True, True, True, True, True, True, True, False, True, False, True, True, True, True, True, False, True, False, False, False, False, True]"
27,0.9975610865610562,"[True, True, True, True, True, True, True, True, True, True, True, False, True, True, True, True, True, True, True, True, True, True, True, True, True, False, True, False, True, True, True, True, False, False, True, True, True, False, False, True]"
27,0.9999995136205299,"[True, True, True, True, True, True, True, True, True, True, True, True, True, True, True, True, True, True, True, True, True, True, True, True, False, False, True, False, True, True, True, True, False, False, False, True, True, False, False, True]"
27,0.9999998082967233,"[True, True, True, True, True, True, True, True, True, True, True, True, True, True, True, True, True, True, True, True, True, True, True, True, True, False, True, False, True, True, False, True, True, False, True, False, True, False, False, True]"
27,0.9999997384475444,"[True, True, True, True, True, True, True, True, True, True, True, True, True, True, True, True, True, True, True, True, True, True, True, True, True, False, False, False, True, True, True, True, True, False, True, False, True, False, False, True]"
27,0.9999998072962794,"[True, True, True, True, True, True, True, True, True, True, True, True, True, True, True, True, True, True, True, True, True, True, True, True, True, False, True, False, True, True, False, True, False, False, True, True, True, False, True, True]"
27,0.9999998036401112,"[True, True, True, True, True, True, True, True, True, True, True, True, True, True, True, True, True, True, True, True, True, True, True, True, True, False, True, False, True, False, True, True, True, False, True, False, True, False, False, True]"
27,0.9999998071507602,"[True, True, True, True, True, True, True, True, True, True, True, True, True, True, True, True, True, True, True, True, True, True, True, True, True, False, True, False, True, True, False, True, False, False, True, False, True, False, True, True]"
27,0.9999998129533354,"[True, True, True, True, True, True, True, True, True, True, True, True, True, True, True, True, True, True, True, True, True, True, True, True, True, False, True, False, True, True, True, True, True, False, True, False, True, False, False, True]"
27,0.9999998119437964,"[True, True, True, True, True, True, True, True, True, True, True, True, True, True, True, True, True, True, True, True, True, True, True, True, True, False, True, False, True, True, True, True, False, False, True, True, True, False, True, False]"
27,0.9999998119256065,"[True, True, True, True, True, True, True, True, True, True, True, True, True, True, True, True, True, True, True, True, True, True, True, True, True, False, True, False, True, True, True, True, False, False, True, True, True, False, False, False]"
27,0.9998472345468544,"[True, True, True, True, True, True, True, True, True, True, True, True, True, True, True, False, True, True, True, True, True, True, True, True, True, False, True, False, True, True, True, True, False, False, True, True, True, False, False, True]"
27,0.9999998082967233,"[True, True, True, True, True, True, True, True, True, True, True, True, True, True, True, True, True, True, True, True, True, True, True, True, True, False, True, False, True, True, False, True, True, False, True, False, True, False, False, True]"
27,0.9999616433596694,"[True, True, True, True, True, True, True, True, True, True, True, True, True, True, True, True, True, False, True, True, True, True, True, True, True, False, True, False, False, True, False, True, True, False, True, False, True, False, False, True]"
27,0.9999998119256065,"[True, True, True, True, True, True, True, True, True, True, True, True, True, True, True, True, True, True, True, True, True, True, True, True, True, False, True, False, True, True, True, True, False, False, True, True, True, False, False, False]"
27,0.9999997895975156,"[True, True, True, True, True, True, True, True, True, True, True, True, True, True, True, True, True, True, True, True, True, True, True, True, True, False, True, False, False, True, False, True, True, False, True, False, False, False, False, True]"
step,fitness,genome
28,0.9999998129442405,"[True, True, True, True, True, True, True, True, True, True, True, True, True, True, True, True, True, True, True, True, True, True, True, True, True, False, True, False, True, True, True, True, True, False, True, False, True, False, False, False]"
28,0.9999998129715253,"[True, True, True, True, True, True, True, True, True, True, True, True, True, True, True, True, True, True, True, True, True, True, True, True, True, False, True, False, True, True, True, True, True, False, True, False, True, False, True, True]"
28,0.9999998082967233,"[True, True, True, True, True, True, True, True, True, True, True, True, True, True, True, True, True, True, True, True, True, True, True, True, True, False, True, False, True, True, False, True, True, False, True, False, True, False, False, True]"
28,0.9999998082967233,"[True, True, True, True, True, True, True, True, True, True, True, True, True, True, True, True, True, True, True, True, True, True, True, True, True, False, True, False, True, True, False, True, True, False, True, False, True, False, False, True]"
28,0.9999998135354119,"[True, True, True, True, True, True, True, True, True, True, True, True, True, True, True, True, True, True, True, True, True, True, True, True, True, False, True, False, True, True, True, True, True, True, True, False, True, False, False, True]"
28,0.9999950387720478,"[True, True, True, True, True, True, True, True, True, True, True, True, True, True, True, True, True, True, True, True, False, True, True, True, True, False, True, False, True, True, False, True, False, False, True, False, True, False, False, True]"
28,0.9999950440743782,"[True, True, True, True, True, True, True, True, True, True, True, True, True, True, True, True, True, True, True, True, False, True, True, True, True, False, True, False, True, True, True, True, False, True, True, True, False, False, False, False]"
28,0.9975610829310639,"[True, True, True, True, True, True, True, True, True, True, True, False, True, True, True, True, True, True, True, True, True, True, True, True, True, False, True, False, True, True, False, True, True, False, True, False, True, False, False, True]"
28,0.9999998129533354,"[True, True, True, True, True, True, True, True, True, True, True, True, True, True, True, True, True, True, True, True, True, True, True, True, True, False, True, False, True, True, True, True, True, False, True, False, True, False, False, True]"
28,0.2630755185264016,"[True, True, False, True, True, True, True, True, True, True, True, True, True, True, True, True, True, True, True, True, True, True, True, True, True, False, True, False, True, True, False, True, True, False, True, False, True, False, False, True]"
28,0.9999998129715253,"[True, True, True, True, True, True, True, True, True, True, True, True, True, True, True, True, True, True, True, True, True, True, True, True, True, False, True, False, True, True, True, True, True, False, True, False, True, False, True, True]"
28,0.9999998082967233,"[True, True, True, True, True, True, True, True, True, True, True, True, True, True, True, True, True, True, True, True, True, True, True, True, True, False, True, False, True, True, False, True, True, False, True, False, True, False, False, True]"
28,0.9245644025359981,"[True, True, True, True, True, True, False, True, True, True, True, True, True, True, True, True, True, True, True, True, True, True, True, False, True, False, True, False, True, True, False, True, True, False, True, False, True, False, False, True]"
28,0.9999998129715253,"[True, True, True, True, True, True, True, True, True, True, True, True, True, True, True, True, True, True, True, True, True, True, True, True, True, False, True, False, True, True, True, True, True, False, True, False, True, False, True, True]"
28,0.9999998082967233,"[True, True, True, True, True, True, True, True, True, True, True, True, True, True, True, True, True, True, True, True, True, True, True, True, True, False, True, False, True, True, False, True, True, False, True, False, True, False, False, True]"
28,0.9999998119256065,"[True, True, True, True, True, True, True, True, True, True, True, True, True, True, True, True, True, True, True, True, True, True, True, True, True, False, True, False, True, True, True, True, False, False, True, True, True, False, False, False]"
28,0.9999998119256065,"[True, True, True, True, True, True, True, True, True, True, True, True, True, True, True, True, True, True, True, True, True, True, True, True, True, False, True, False, True, True, True, True, False, False, True, True, True, False, False, False]"
28,0.9999998124531134,"[True, True, True, True, True, True, True, True, True, True, True, True, True, True, True, True, True, True, True, True, True, True, True, True, True, False, True, False, True, True, True, True, False, True, True, True, False, False, True, False]"
28,0.9999998128805758,"[True, True, True, True, True, True, True, True, True, True, True, True, True, True, True, True, True, True, True, True, True, True, True, True, True, False, True, False, True, True, True, True, True, False, True, False, False, False, False, True]"
28,0.9999998116436633,"[True, True, True, True, True, True, True, True, True, True, True, True, True, True, True, True, True, True, True, True, True, True, True, True, True, False, True, False, True, True, True, True, False, False, False, True, True, False, False, True]"
28,0.999999812507683,"[True, True, True, True, True, True, True, True, True, True, True, True, True, True, True, True, True, True, True, True, True, True, True, True, True, False, True, False, True, True, True, True, False, True, True, True, True, False, False, False]"
28,0.9999998119347014,"[True, True, True, True, True, True, True, True, True, True, True, True, True, True, True, True, True, True, True, True, True, True, True, True, True, False, True, False, True, True, True, True, False, False, True, True, True, False, False, True]"
28,0.9999998082239637,"[True, True, True, True, True, True, True, True, True, True, True, True, True, True, True, True, True, True, True, True, True, True, True, True, True, False, True, False, True, True, False, True, True, False, True, False, False, False, False, True]"
28,0.9999998082967233,"[True, True, True, True, True, True, True, True, True, True, True, True, True, True, True, True, True, True, True, True, True, True, True, True, True, False, True, False, True, True, False, True, True, False, True, False, True, False, False, True]"
28,0.9999998118073723,"[True, True, True, True, True, True, True, True, True, True, True, True, True, True, True, True, True, True, True, True, True, True, True, True, True, False, True, False, True, True, True, True, False, False, True, False, True, False, True, True]"
28,0.9998472357017538,"[True, True, True, True, True, True, True, True, True, True, True, True, True, True, True, False, True, True, True, True, True, True, True, True, True, False, True, False, True, True, True, True, True, False, True, True, True, False, False, False]"
28,0.9999998117891824,"[True, True, True, True, True, True, True, True, True, True, True, True, True, True, True, True, True, True, True, True, True, True, True, True, True, False, True, False, True, True, True, True, False, False, True, False, True, False, False, True]"
28,0.9999950210187906,"[True, True, True, True, True, True, True, True, True, True, True, True, True, True, True, True, True, True, True, True, False, True, True, True, True, False, True, False, False, True, False, True, True, False, False, False, True, False, False, True]"
28,0.8542906872458201,"[True, True, True, True, True, False, True, True, True, True, True, True, True, True, True, True, True, True, True, True, True, True, True, True, True, False, True, False, True, True, True, True, True, False, False, True, False, False, False, True]"
28,0.9999998129715253,"[True, True, True, True, True, True, True, True, True, True, True, True, True, True, True, True, True, True, True, True, True, True, True, True, True, False, True, False, True, True, True, True, True, False, True, False, True, False, True, True]"
28,0.9999998128805758,"[True, True, True, True, True, True, True, True, True, True, True, True, True, True, True, True, True, True, True, True, True, True, True, True, True, False, True, False, True, True, True, True, True, False, True, False, False, False, False, True]"
28,0.9999998128805758,"[True, True, True, True, True, True, True, True, True, True, True, True, True, True, True, True, True, True, True, True, True, True, True, True, True, False, True, False, True, True, True, True, True, False, True, False, False, False, False, True]"
28,0.9806393327112216,"[True, True, True, True, True, True, True, True, False, True, True, True, True, True, True, True, True, True, True, True, True, True, True, True, True, False, True, False, True, True, False, True, True, True, True, True, True, False, False, True]"
28,0.9999998128805758,"[True, True, True, True, True, True, True, True, True, True, True, True, True, True, True, True, True, True, True, True, True, True, True, True, True, False, True, False, True, True, True, True, True, False, True, False, False, False, False, True]"
28,0.9999998082239637,"[True, True, True, True, True, True, True, True, True, True, True, True, True, True, True, True, True, True, True, True, True, True, True, True, True, False, True, False, True, True, False, True, True, False, True, False, False, False, False, True]"
28,0.9999998096063955,"[True, True, True, True, True, True, True, True, True, True, True, True, True, True, True, True, True, True, True, True, True, True, True, True, True, False, True, False, True, True, True, False, False, False, True, True, True, False, False, True]"
28,9.536735981008701e-07,"[False, False, True, True, True, True, True, True, True, True, True, True, True, True, True, True, True, True, True, True, True, True, True, True, True, False, True, False, True, True, True, True, False, False, True, False, False, False, False, False]"
28,0.8521742741571949,"[True, True, True, True, True, False, True, True, True, True, True, False, True, True, True, True, True, True, True, True, True, True, True, True, True, False, True, False, True, True, True, True, True, False, True, True, True, False, False, True]"
28,0.9999616632132535,"[True, True, True, True, True, True, True, True, True, True, True, True, True, True, True, True, True, False, True, True, True, True, True, True, True, False, True, False, True, True, True, False, False, False, True, True, False, False, False, False]"
28,0.9999998082967233,"[True, True, True, True, True, True, True, True, True, True, True, True, True, True, True, True, True, True, True, True, True, True, True, True, True, False, True, False, True, True, False, True, True, False, True, False, True, False, False, True]"
28,0.9999998119347014,"[True, True, True, True, True, True, True, True, True, True, True, True, True, True, True, True, True, True, True, True, True, True, True, True, True, False, True, False, True, True, True, True, False, False, True, True, True, False, False, True]"
28,0.9902769933852145,"[True, True, True, True, True, True, True, True, True, False, True, True, True, True, True, True, True, True, True, True, True, True, True, True, True, False, True, False, True, True, True, True, True, False, True, False, True, False, True, True]"
28,0.9999998071325703,"[True, True, True, True, True, True, True, True, True, True, True, True, True, True, True, True, True, True, True, True, True, True, True, True, True, False, True, False, True, True, False, True, False, False, True, False, True, False, False, True]"
28,0.9999998119347014,"[True, True, True, True, True, True, True, True, True, True, True, True, True, True, True, True, True, True, True, True, True, True, True, True, True, False, True, False, True, True, True, True, False, False, True, True, True, False, False, True]"
28,0.9999997374380055,"[True, True, True, True, True, True, True, True, True, True, True, True, True, True, True, True, True, True, True, True, True, True, True, True, True, False, False, False, True, True, True, True, False, False, True, True, True, False, True, False]"
28,0.9999998082967233,"[True, True, True, True, True, True, True, True, True, True, True, True, True, True, True, True, True, True, True, True, True, True, True, True, True, False, True, False, True, True, False, True, True, False, True, False, True, False, False, True]"
28,0.9999616667783497,"[True, True, True, True, True, True, True, True, True, True, True, True, True, True, True, True, True, False, True, True, True, True, True, True, True, False, True, False, True, True, True, True, True, False, True, True, True, False, False, False]"
28,0.9999998119256065,"[True, True, True, True, True, True, True, True, True, True, True, True, True, True, True, True, True, True, True, True, True, True, True, True, True, False, True, False, True, True, True, True, False, False, True, True, True, False, False, False]"
28,0.9999998119347014,"[True, True, True, True, True, True, True, True, True, True, True, True, True, True, True, True, True, True, True, True, True, True, True, True, True, False, True, False, True, True, True, True, False, False, True, True, True, False, False, True]"
28,0.9999998124349235,"[True, True, True, True, True, True, True, True, True, True, True, True, True, True, True, True, True, True, True, True, True, True, True, True, True, False, True, False, True, True, True, True, False, True, True, True, False, False, False, False]"
step,fitness,genome
29,0.999999813026095,"[True, True, True, True, True, True, True, True, True, True, True, True, True, True, True, True, True, True, True, True, True, True, True, True, True, False, True, False, True, True, True, True, True, False, True, True, False, False, False, True]"
29,0.9999998117891824,"[True, True, True, True, True, True, True, True, True, True, True, True, True, True, True, True, True, True, True, True, True, True, True, True, True, False, True, False, True, True, True, True, False, False, True, False, True, False, False, True]"
29,0.9999998129533354,"[True, True, True, True, True, True, True, True, True, True, True, True, True, True, True, True, True, True, True, True, True, True, True, True, True, False, True, False, True, True, True, True, True, False, True, False, True, False, False, True]"
29,0.9999998084422425,"[True, True, True, True, True, True, True, True, True, True, True, True, True, True, True, True, True, True, True, True, True, True, True, True, True, False, True, False, True, True, False, True, True, False, True, True, True, False, False, True]"
29,0.9999974287886936,"[True, True, True, True, True, True, True, True, True, True, True, True, True, True, True, True, True, True, True, True, True, False, True, True, True, False, True, False, True, True, True, True, True, False, True, False, True, False, True, True]"
29,0.9975610875956041,"[True, True, True, True, True, True, True, True, True, True, True, False, True, True, True, True, True, True, True, True, True, True, True, True, True, False, True, False, True, True, True, True, True, False, True, False, True, False, True, True]"
29,0.056313500620574275,"[True, False, True, True, True, True, True, True, True, True, True, True, True, True, True, True, True, True, True, True, True, True, True, True, True, False, True, False, True, True, True, True, False, True, True, False, True, False, False, False]"
29,0.9999998130988546,"[True, True, True, True, True, True, True, True, True, True, True, True, True, True, True, True, True, True, True, True, True, True, True, True, True, False, True, False, True, True, True, True, True, False, True, True, True, False, False, True]"
29,0.9999998129533354,"[True, True, True, True, True, True, True, True, True, True, True, True, True, True, True, True, True, True, True, True, True, True, True, True, True, False, True, False, True, True, True, True, True, False, True, False, True, False, False, True]"
29,0.25726193301923944,"[True, True, False, True, True, True, True, True, False, True, True, True, True, True, True, True, True, True, True, True, True, True, True, True, True, False, True, False, True, True, True, True, True, False, True, False, True, False, True, True]"
29,0.9999998135354119,"[True, True, True, True, True, True, True, True, True, True, True, True, True, True, True, True, True, True, True, True, True, True, True, True, True, False, True, False, True, True, True, True, True, True, True, False, True, False, False, True]"
29,0.9999998128805758,"[True, True, True, True, True, True, True, True, True, True, True, True, True, True, True, True, True, True, True, True, True, True, True, True, True, False, True, False, True, True, True, True, True, False, True, False, False, False, False, True]"
29,0.9999998128987657,"[True, True, True, True, True, True, True, True, True, True, True, True, True, True, True, True, True, True, True, True, True, True, True, True, True, False, True, False, True, True, True, True, True, False, True, False, False, False, True, True]"
29,0.9999998129533354,"[True, True, True, True, True, True, True, True, True, True, True, True, True, True, True, True, True, True, True, True, True, True, True, True, True, False, True, False, True, True, True, True, True, False, True, False, True, False, False, True]"
29,0.9999998129442405,"[True, True, True, True, True, True, True, True, True, True, True, True, True, True, True, True, True, True, True, True, True, True, True, True, True, False, True, False, True, True, True, True, True, False, True, False, True, False, False, False]"
29,0.9999998129715253,"[True, True, True, True, True, True, True, True, True, True, True, True, True, True, True, True, True, True, True, True, True, True, True, True, True, False, True, False, True, True, True, True, True, False, True, False, True, False, True, True]"
29,0.9999998128805758,"[True, True, True, True, True, True, True, True, True, True, True, True, True, True, True, True, True, True, True, True, True, True, True, True, True, False, True, False, True, True, True, True, True, False, True, False, False, False, False, True]"
29,0.9999998128805758,"[True, True, True, True, True, True, True, True, True, True, True, True, True, True, True, True, True, True, True, True, True, True, True, True, True, False, True, False, True, True, True, True, True, False, True, False, False, False, False, True]"
29,0.9999998119347014,"[True, True, True, True, True, True, True, True, True, True, True, True, True, True, True, True, True, True, True, True, True, True, True, True, True, False, True, False, True, True, True, True, False, False, True, True, True, False, False, True]"
29,0.9999998129442405,"[True, True, True, True, True, True, True, True, True, True, True, True, True, True, True, True, True, True, True, True, True, True, True, True, True, False, True, False, True, True, True, True, True, False, True, False, True, False, False, False]"
29,0.9999998135354119,"[True, True, True, True, True, True, True, True, True, True, True, True, True, True, True, True, True, True, True, True, True, True, True, True, True, False, True, False, True, True, True, True, True, True, True, False, True, False, False, True]"
29,0.9999998129715253,"[True, True, True, True, True, True, True, True, True, True, True, True, True, True, True, True, True, True, True, True, True, True, True, True, True, False, True, False, True, True, True, True, True, False, True, False, True, False, True, True]"
29,0.9999998129533354,"[True, True, True, True, True, True, True, True, True, True, True, True, True, True, True, True, True, True, True, True, True, True, True, True, True, False, True, False, True, True, True, True, True, False, True, False, True, False, False, True]"
29,0.9951265292792165,"[True, True, True, True, True, True, True, True, True, True, False, True, True, True, True, True, True, True, True, True, True, True, False, True, True, False, True, False, True, True, True, True, True, False, True, False, True, False, False, False]"
29,0.9999998077965013,"[True, True, True, True, True, True, True, True, True, True, True, True, True, True, True, True, True, True, True, True, True, True, True, True, True, False, True, False, True, True, False, True, False, True, True, True, False, False, True, False]"
29,0.9999998129533354,"[True, True, True, True, True, True, True, True, True, True, True, True, True, True, True, True, True, True, True, True, True, True, True, True, True, False, True, False, True, True, True, True, True, False, True, False, True, False, False, True]"
29,0.9999998119256065,"[True, True, True, True, True, True, True, True, True, True, True, True, True, True, True, True, True, True, True, True, True, True, True, True, True, False, True, False, True, True, True, True, False, False, True, True, True, False, False, False]"
29,0.9999998129715253,"[True, True, True, True, True, True, True, True, True, True, True, True, True, True, True, True, True, True, True, True, True, True, True, True, True, False, True, False, True, True, True, True, True, False, True, False, True, False, True, True]"
29,0.9999998082967233,"[True, True, True, True, True, True, True, True, True, True, True, True, True, True, True, True, True, True, True, True, True, True, True, True, True, False, True, False, True, True, False, True, True, False, True, False, True, False, False, True]"
29,0.9999999609462982,"[True, True, True, True, True, True, True, True, True, True, True, True, True, True, True, True, True, True, True, True, True, True, True, True, True, True, True, False, True, True, True, True, False, False, True, True, True, False, False, True]"
29,0.9999998119256065,"[True, True, True, True, True, True, True, True, True, True, True, True, True, True, True, True, True, True, True, True, True, True, True, True, True, False, True, False, True, True, True, True, False, False, True, True, True, False, False, False]"
29,0.9999807386153099,"[True, True, True, True, True, True, True, True, True, True, True, True, True, True, True, True, True, True, False, True, True, True, True, True, True, False, True, False, True, True, True, True, False, False, True, True, True, False, False, True]"
29,0.9951277161609159,"[True, True, True, True, True, True, True, True, True, True, False, True, True, True, True, True, True, True, True, True, True, True, True, True, True, False, True, False, True, True, True, True, True, False, True, False, True, False, True, False]"
29,0.9999998124622084,"[True, True, True, True, True, True, True, True, True, True, True, True, True, True, True, True, True, True, True, True, True, True, True, True, True, False, True, False, True, True, True, True, False, True, True, True, False, False, True, True]"
29,0.9999998119347014,"[True, True, True, True, True, True, True, True, True, True, True, True, True, True, True, True, True, True, True, True, True, True, True, True, True, False, True, False, True, True, True, True, False, False, True, True, True, False, False, True]"
29,0.9999998128714809,"[True, True, True, True, True, True, True, True, True, True, True, True, True, True, True, True, True, True, True, True, True, True, True, True, True, False, True, False, True, True, True, True, True, False, True, False, False, False, False, False]"
29,0.9999998082967233,"[True, True, True, True, True, True, True, True, True, True, True, True, True, True, True, True, True, True, True, True, True, True, True, True, True, False, True, False, True, True, False, True, True, False, True, False, True, False, False, True]"
29,0.9999902757524862,"[True, True, True, True, True, True, True, True, True, True, True, True, True, True, True, True, True, True, True, False, True, True, True, True, True, False, True, False, True, True, True, True, False, True, True, True, False, False, True, False]"
29,0.9999998119256065,"[True, True, True, True, True, True, True, True, True, True, True, True, True, True, True, True, True, True, True, True, True, True, True, True, True, False, True, False, True, True, True, True, False, False, True, True, True, False, False, False]"
29,0.9999998128805758,"[True, True, True, True, True, True, True, True, True, True, True, True, True, True, True, True, True, True, True, True, True, True, True, True, True, False, True, False, True, True, True, True, True, False, True, False, False, False, False, True]"
29,0.9999998119347014,"[True, True, True, True, True, True, True, True, True, True, True, True, True, True, True, True, True, True, True, True, True, True, True, True, True, False, True, False, True, True, True, True, False, False, True, True, True, False, False, True]"
29,0.9999998119256065,"[True, True, True, True, True, True, True, True, True, True, True, True, True, True, True, True, True, True, True, True, True, True, True, True, True, False, True, False, True, True, True, True, False, False, True, True, True, False, False, False]"
29,0.961616860060393,"[True, True, True, True, True, True, True, False, True, True, True, True, True, True, True, True, True, True, True, True, True, True, True, True, True, False, True, False, True, True, True, True, False, False, True, True, True, False, False, True]"
29,0.9999998119256065,"[True, True, True, True, True, True, True, True, True, True, True, True, True, True, True, True, True, True, True, True, True, True, True, True, True, False, True, False, True, True, True, True, False, False, True, True, True, False, False, False]"
29,0.9999998117891824,"[True, True, True, True, True, True, True, True, True, True, True, True, True, True, True, True, True, True, True, True, True, True, True, True, True, False, True, False, True, True, True, True, False, False, True, False, True, False, False, True]"
29,0.9999998119347014,"[True, True, True, True, True, True, True, True, True, True, True, True, True, True, True, True, True, True, True, True, True, True, True, True, True, False, True, False, True, True, True, True, False, False, True, True, True, False, False, True]"
29,0.9999998124349235,"[True, True, True, True, True, True, True, True, True, True, True, True, True, True, True, True, True, True, True, True, True, True, True, True, True, False, True, False, True, True, True, True, False, True, True, True, False, False, False, False]"
29,0.9999998130079051,"[True, True, True, True, True, True, True, True, True, True, True, True, True, True, True, True, True, True, True, True, True, True, True, True, True, False, True, False, True, True, True, True, True, False, True, False, True, True, True, True]"
29,0.9999998128805758,"[True, True, True, True, True, True, True, True, True, True, True, True, True, True, True, True, True, True, True, True, True, True, True, True, True, False, True, False, True, True, True, True, True, False, True, False, False, False, False, True]"
29,0.9999998119347014,"[True, True, True, True, True, True, True, True, True, True, True, True, True, True, True, True, True, True, True, True, True, True, True, True, True, False, True, False, True, True, True, True, False, False, True, True, True, False, False, True]"
